rental_id:int,rental_date,inventory_id:int,customer_id:int,return_date,staff_id:int,last_update
2,2005-05-24 22:54:33,1525,459,2005-05-28 19:40:33,1,2006-02-16 02:30:53
3,2005-05-24 23:03:39,1711,408,2005-06-01 22:12:39,1,2006-02-16 02:30:53
4,2005-05-24 23:04:41,2452,333,2005-06-03 01:43:41,2,2006-02-16 02:30:53
5,2005-05-24 23:05:21,2079,222,2005-06-02 04:33:21,1,2006-02-16 02:30:53
6,2005-05-24 23:08:07,2792,549,2005-05-27 01:32:07,1,2006-02-16 02:30:53
7,2005-05-24 23:11:53,3995,269,2005-05-29 20:34:53,2,2006-02-16 02:30:53
8,2005-05-24 23:31:46,2346,239,2005-05-27 23:33:46,2,2006-02-16 02:30:53
9,2005-05-25 00:00:40,2580,126,2005-05-28 00:22:40,1,2006-02-16 02:30:53
10,2005-05-25 00:02:21,1824,399,2005-05-31 22:44:21,2,2006-02-16 02:30:53
11,2005-05-25 00:09:02,4443,142,2005-06-02 20:56:02,2,2006-02-16 02:30:53
12,2005-05-25 00:19:27,1584,261,2005-05-30 05:44:27,2,2006-02-16 02:30:53
13,2005-05-25 00:22:55,2294,334,2005-05-30 04:28:55,1,2006-02-16 02:30:53
14,2005-05-25 00:31:15,2701,446,2005-05-26 02:56:15,1,2006-02-16 02:30:53
15,2005-05-25 00:39:22,3049,319,2005-06-03 03:30:22,1,2006-02-16 02:30:53
16,2005-05-25 00:43:11,389,316,2005-05-26 04:42:11,2,2006-02-16 02:30:53
17,2005-05-25 01:06:36,830,575,2005-05-27 00:43:36,1,2006-02-16 02:30:53
18,2005-05-25 01:10:47,3376,19,2005-05-31 06:35:47,2,2006-02-16 02:30:53
19,2005-05-25 01:17:24,1941,456,2005-05-31 06:00:24,1,2006-02-16 02:30:53
20,2005-05-25 01:48:41,3517,185,2005-05-27 02:20:41,2,2006-02-16 02:30:53
21,2005-05-25 01:59:46,146,388,2005-05-26 01:01:46,2,2006-02-16 02:30:53
22,2005-05-25 02:19:23,727,509,2005-05-26 04:52:23,2,2006-02-16 02:30:53
23,2005-05-25 02:40:21,4441,438,2005-05-29 06:34:21,1,2006-02-16 02:30:53
24,2005-05-25 02:53:02,3273,350,2005-05-27 01:15:02,1,2006-02-16 02:30:53
25,2005-05-25 03:21:20,3961,37,2005-05-27 21:25:20,2,2006-02-16 02:30:53
26,2005-05-25 03:36:50,4371,371,2005-05-31 00:34:50,1,2006-02-16 02:30:53
27,2005-05-25 03:41:50,1225,301,2005-05-30 01:13:50,2,2006-02-16 02:30:53
28,2005-05-25 03:42:37,4068,232,2005-05-26 09:26:37,2,2006-02-16 02:30:53
29,2005-05-25 03:47:12,611,44,2005-05-30 00:31:12,2,2006-02-16 02:30:53
30,2005-05-25 04:01:32,3744,430,2005-05-30 03:12:32,1,2006-02-16 02:30:53
31,2005-05-25 04:05:17,4482,369,2005-05-30 07:15:17,1,2006-02-16 02:30:53
32,2005-05-25 04:06:21,3832,230,2005-05-25 23:55:21,1,2006-02-16 02:30:53
33,2005-05-25 04:18:51,1681,272,2005-05-27 03:58:51,1,2006-02-16 02:30:53
34,2005-05-25 04:19:28,2613,597,2005-05-29 00:10:28,2,2006-02-16 02:30:53
35,2005-05-25 04:24:36,1286,484,2005-05-27 07:02:36,2,2006-02-16 02:30:53
36,2005-05-25 04:36:26,1308,88,2005-05-29 00:31:26,1,2006-02-16 02:30:53
37,2005-05-25 04:44:31,403,535,2005-05-29 01:03:31,1,2006-02-16 02:30:53
38,2005-05-25 04:47:44,2540,302,2005-06-01 00:58:44,1,2006-02-16 02:30:53
39,2005-05-25 04:51:46,4466,207,2005-05-31 03:14:46,2,2006-02-16 02:30:53
40,2005-05-25 05:09:04,2638,413,2005-05-27 23:12:04,1,2006-02-16 02:30:53
41,2005-05-25 05:12:29,1761,174,2005-06-02 00:28:29,1,2006-02-16 02:30:53
42,2005-05-25 05:24:58,380,523,2005-05-31 02:47:58,2,2006-02-16 02:30:53
43,2005-05-25 05:39:25,2578,532,2005-05-26 06:54:25,2,2006-02-16 02:30:53
44,2005-05-25 05:53:23,3098,207,2005-05-29 10:56:23,2,2006-02-16 02:30:53
45,2005-05-25 05:59:39,1853,436,2005-06-02 09:56:39,2,2006-02-16 02:30:53
46,2005-05-25 06:04:08,3318,7,2005-06-02 08:18:08,2,2006-02-16 02:30:53
47,2005-05-25 06:05:20,2211,35,2005-05-30 03:04:20,1,2006-02-16 02:30:53
48,2005-05-25 06:20:46,1780,282,2005-06-02 05:42:46,1,2006-02-16 02:30:53
49,2005-05-25 06:39:35,2965,498,2005-05-30 10:12:35,2,2006-02-16 02:30:53
50,2005-05-25 06:44:53,1983,18,2005-05-28 11:28:53,2,2006-02-16 02:30:53
51,2005-05-25 06:49:10,1257,256,2005-05-26 06:42:10,1,2006-02-16 02:30:53
52,2005-05-25 06:51:29,4017,507,2005-05-31 01:27:29,2,2006-02-16 02:30:53
53,2005-05-25 07:19:16,1255,569,2005-05-27 05:19:16,2,2006-02-16 02:30:53
54,2005-05-25 07:23:25,2787,291,2005-06-01 05:05:25,2,2006-02-16 02:30:53
55,2005-05-25 08:26:13,1139,131,2005-05-30 10:57:13,1,2006-02-16 02:30:53
56,2005-05-25 08:28:11,1352,511,2005-05-26 14:21:11,1,2006-02-16 02:30:53
57,2005-05-25 08:43:32,3938,6,2005-05-29 06:42:32,2,2006-02-16 02:30:53
58,2005-05-25 08:53:14,3050,323,2005-05-28 14:40:14,1,2006-02-16 02:30:53
59,2005-05-25 08:56:42,2884,408,2005-06-01 09:52:42,1,2006-02-16 02:30:53
60,2005-05-25 08:58:25,330,470,2005-05-30 14:14:25,1,2006-02-16 02:30:53
61,2005-05-25 09:01:57,4210,250,2005-06-02 07:22:57,2,2006-02-16 02:30:53
62,2005-05-25 09:18:52,261,419,2005-05-30 10:55:52,1,2006-02-16 02:30:53
63,2005-05-25 09:19:16,4008,383,2005-05-27 04:24:16,1,2006-02-16 02:30:53
64,2005-05-25 09:21:29,79,368,2005-06-03 11:31:29,1,2006-02-16 02:30:53
65,2005-05-25 09:32:03,3552,346,2005-05-29 14:21:03,1,2006-02-16 02:30:53
66,2005-05-25 09:35:12,1162,86,2005-05-29 04:16:12,2,2006-02-16 02:30:53
67,2005-05-25 09:41:01,239,119,2005-05-27 13:46:01,2,2006-02-16 02:30:53
68,2005-05-25 09:47:31,4029,120,2005-05-31 10:20:31,2,2006-02-16 02:30:53
69,2005-05-25 10:10:14,3207,305,2005-05-27 14:02:14,2,2006-02-16 02:30:53
70,2005-05-25 10:15:23,2168,73,2005-05-27 05:56:23,2,2006-02-16 02:30:53
71,2005-05-25 10:26:39,2408,100,2005-05-28 04:59:39,1,2006-02-16 02:30:53
72,2005-05-25 10:52:13,2260,48,2005-05-28 05:52:13,2,2006-02-16 02:30:53
73,2005-05-25 11:00:07,517,391,2005-06-01 13:56:07,2,2006-02-16 02:30:53
74,2005-05-25 11:09:48,1744,265,2005-05-26 12:23:48,2,2006-02-16 02:30:53
75,2005-05-25 11:13:34,3393,510,2005-06-03 12:58:34,1,2006-02-16 02:30:53
76,2005-05-25 11:30:37,3021,1,2005-06-03 12:00:37,2,2006-02-16 02:30:53
77,2005-05-25 11:31:59,1303,451,2005-05-26 16:53:59,2,2006-02-16 02:30:53
78,2005-05-25 11:35:18,4067,135,2005-05-31 12:48:18,2,2006-02-16 02:30:53
79,2005-05-25 12:11:07,3299,245,2005-06-03 10:54:07,2,2006-02-16 02:30:53
80,2005-05-25 12:12:07,2478,314,2005-05-31 17:46:07,2,2006-02-16 02:30:53
81,2005-05-25 12:15:19,2610,286,2005-06-02 14:08:19,2,2006-02-16 02:30:53
82,2005-05-25 12:17:46,1388,427,2005-06-01 10:48:46,1,2006-02-16 02:30:53
83,2005-05-25 12:30:15,466,131,2005-05-27 15:40:15,1,2006-02-16 02:30:53
84,2005-05-25 12:36:30,1829,492,2005-05-29 18:33:30,1,2006-02-16 02:30:53
85,2005-05-25 13:05:34,470,414,2005-05-29 16:53:34,1,2006-02-16 02:30:53
86,2005-05-25 13:36:12,2275,266,2005-05-30 14:53:12,1,2006-02-16 02:30:53
87,2005-05-25 13:52:43,1586,331,2005-05-29 11:12:43,2,2006-02-16 02:30:53
88,2005-05-25 14:13:54,2221,53,2005-05-29 09:32:54,2,2006-02-16 02:30:53
89,2005-05-25 14:28:29,2181,499,2005-05-29 14:33:29,1,2006-02-16 02:30:53
90,2005-05-25 14:31:25,2984,25,2005-06-01 10:07:25,1,2006-02-16 02:30:53
91,2005-05-25 14:57:22,139,267,2005-06-01 18:32:22,1,2006-02-16 02:30:53
92,2005-05-25 15:38:46,775,302,2005-05-31 13:40:46,2,2006-02-16 02:30:53
93,2005-05-25 15:54:16,4360,288,2005-06-03 20:18:16,1,2006-02-16 02:30:53
94,2005-05-25 16:03:42,1675,197,2005-05-30 14:23:42,1,2006-02-16 02:30:53
95,2005-05-25 16:12:52,178,400,2005-06-02 18:55:52,2,2006-02-16 02:30:53
96,2005-05-25 16:32:19,3418,49,2005-05-30 10:47:19,2,2006-02-16 02:30:53
97,2005-05-25 16:34:24,1283,263,2005-05-28 12:13:24,2,2006-02-16 02:30:53
98,2005-05-25 16:48:24,2970,269,2005-05-27 11:29:24,2,2006-02-16 02:30:53
99,2005-05-25 16:50:20,535,44,2005-05-28 18:52:20,1,2006-02-16 02:30:53
100,2005-05-25 16:50:28,2599,208,2005-06-02 22:11:28,1,2006-02-16 02:30:53
101,2005-05-25 17:17:04,617,468,2005-05-31 19:47:04,1,2006-02-16 02:30:53
102,2005-05-25 17:22:10,373,343,2005-05-31 19:47:10,1,2006-02-16 02:30:53
103,2005-05-25 17:30:42,3343,384,2005-06-03 22:36:42,1,2006-02-16 02:30:53
104,2005-05-25 17:46:33,4281,310,2005-05-27 15:20:33,1,2006-02-16 02:30:53
105,2005-05-25 17:54:12,794,108,2005-05-30 12:03:12,2,2006-02-16 02:30:53
106,2005-05-25 18:18:19,3627,196,2005-06-04 00:01:19,2,2006-02-16 02:30:53
107,2005-05-25 18:28:09,2833,317,2005-06-03 22:46:09,2,2006-02-16 02:30:53
108,2005-05-25 18:30:05,3289,242,2005-05-30 19:40:05,1,2006-02-16 02:30:53
109,2005-05-25 18:40:20,1044,503,2005-05-29 20:39:20,2,2006-02-16 02:30:53
110,2005-05-25 18:43:49,4108,19,2005-06-03 18:13:49,2,2006-02-16 02:30:53
111,2005-05-25 18:45:19,3725,227,2005-05-28 17:18:19,1,2006-02-16 02:30:53
112,2005-05-25 18:57:24,2153,500,2005-06-02 20:44:24,1,2006-02-16 02:30:53
113,2005-05-25 19:07:40,2963,93,2005-05-27 22:16:40,2,2006-02-16 02:30:53
114,2005-05-25 19:12:42,4502,506,2005-06-01 23:10:42,1,2006-02-16 02:30:53
115,2005-05-25 19:13:25,749,455,2005-05-29 20:17:25,1,2006-02-16 02:30:53
116,2005-05-25 19:27:51,4453,18,2005-05-26 16:23:51,1,2006-02-16 02:30:53
117,2005-05-25 19:30:46,4278,7,2005-05-31 23:59:46,2,2006-02-16 02:30:53
118,2005-05-25 19:31:18,872,524,2005-05-31 15:00:18,1,2006-02-16 02:30:53
119,2005-05-25 19:37:02,1359,51,2005-05-29 23:51:02,2,2006-02-16 02:30:53
120,2005-05-25 19:37:47,37,365,2005-06-01 23:29:47,2,2006-02-16 02:30:53
121,2005-05-25 19:41:29,1053,405,2005-05-29 21:31:29,1,2006-02-16 02:30:53
122,2005-05-25 19:46:21,2908,273,2005-06-02 19:07:21,1,2006-02-16 02:30:53
123,2005-05-25 20:26:42,1795,43,2005-05-26 19:41:42,1,2006-02-16 02:30:53
124,2005-05-25 20:46:11,212,246,2005-05-30 00:47:11,2,2006-02-16 02:30:53
125,2005-05-25 20:48:50,952,368,2005-06-02 21:39:50,1,2006-02-16 02:30:53
126,2005-05-25 21:07:59,2047,439,2005-05-28 18:51:59,1,2006-02-16 02:30:53
127,2005-05-25 21:10:40,2026,94,2005-06-02 21:38:40,1,2006-02-16 02:30:53
128,2005-05-25 21:19:53,4322,40,2005-05-29 23:34:53,1,2006-02-16 02:30:53
129,2005-05-25 21:20:03,4154,23,2005-06-04 01:25:03,2,2006-02-16 02:30:53
130,2005-05-25 21:21:56,3990,56,2005-05-30 22:41:56,2,2006-02-16 02:30:53
131,2005-05-25 21:42:46,815,325,2005-05-30 23:25:46,2,2006-02-16 02:30:53
132,2005-05-25 21:46:54,3367,479,2005-05-31 21:02:54,1,2006-02-16 02:30:53
133,2005-05-25 21:48:30,399,237,2005-05-30 00:26:30,2,2006-02-16 02:30:53
134,2005-05-25 21:48:41,2272,222,2005-06-02 18:28:41,1,2006-02-16 02:30:53
135,2005-05-25 21:58:58,103,304,2005-06-03 17:50:58,1,2006-02-16 02:30:53
136,2005-05-25 22:02:30,2296,504,2005-05-31 18:06:30,1,2006-02-16 02:30:53
137,2005-05-25 22:25:18,2591,560,2005-06-01 02:30:18,2,2006-02-16 02:30:53
138,2005-05-25 22:48:22,4134,586,2005-05-29 20:21:22,2,2006-02-16 02:30:53
139,2005-05-25 23:00:21,327,257,2005-05-29 17:12:21,1,2006-02-16 02:30:53
140,2005-05-25 23:34:22,655,354,2005-05-27 01:10:22,1,2006-02-16 02:30:53
141,2005-05-25 23:34:53,811,89,2005-06-02 01:57:53,1,2006-02-16 02:30:53
142,2005-05-25 23:43:47,4407,472,2005-05-29 00:46:47,2,2006-02-16 02:30:53
143,2005-05-25 23:45:52,847,297,2005-05-27 21:41:52,2,2006-02-16 02:30:53
144,2005-05-25 23:49:56,1689,357,2005-06-01 21:41:56,2,2006-02-16 02:30:53
145,2005-05-25 23:59:03,3905,82,2005-05-31 02:56:03,1,2006-02-16 02:30:53
146,2005-05-26 00:07:11,1431,433,2005-06-04 00:20:11,2,2006-02-16 02:30:53
147,2005-05-26 00:17:50,633,274,2005-05-29 23:21:50,2,2006-02-16 02:30:53
148,2005-05-26 00:25:23,4252,142,2005-06-01 19:29:23,2,2006-02-16 02:30:53
149,2005-05-26 00:28:05,1084,319,2005-06-02 21:30:05,2,2006-02-16 02:30:53
150,2005-05-26 00:28:39,909,429,2005-06-01 02:10:39,2,2006-02-16 02:30:53
151,2005-05-26 00:37:28,2942,14,2005-05-30 06:28:28,1,2006-02-16 02:30:53
152,2005-05-26 00:41:10,2622,57,2005-06-03 06:05:10,1,2006-02-16 02:30:53
153,2005-05-26 00:47:47,3888,348,2005-05-27 21:28:47,1,2006-02-16 02:30:53
154,2005-05-26 00:55:56,1354,185,2005-05-29 23:18:56,2,2006-02-16 02:30:53
155,2005-05-26 01:15:05,288,551,2005-06-01 00:03:05,1,2006-02-16 02:30:53
156,2005-05-26 01:19:05,3193,462,2005-05-27 23:43:05,1,2006-02-16 02:30:53
157,2005-05-26 01:25:21,887,344,2005-05-26 21:17:21,2,2006-02-16 02:30:53
158,2005-05-26 01:27:11,2395,354,2005-06-03 00:30:11,2,2006-02-16 02:30:53
159,2005-05-26 01:34:28,3453,505,2005-05-29 04:00:28,1,2006-02-16 02:30:53
160,2005-05-26 01:46:20,1885,290,2005-06-01 05:45:20,1,2006-02-16 02:30:53
161,2005-05-26 01:51:48,2941,182,2005-05-27 05:42:48,1,2006-02-16 02:30:53
162,2005-05-26 02:02:05,1229,296,2005-05-27 03:38:05,2,2006-02-16 02:30:53
163,2005-05-26 02:26:23,2306,104,2005-06-04 06:36:23,1,2006-02-16 02:30:53
164,2005-05-26 02:26:49,1070,151,2005-05-28 00:32:49,1,2006-02-16 02:30:53
165,2005-05-26 02:28:36,2735,33,2005-06-02 03:21:36,1,2006-02-16 02:30:53
166,2005-05-26 02:49:11,3894,322,2005-05-31 01:28:11,1,2006-02-16 02:30:53
167,2005-05-26 02:50:31,865,401,2005-05-27 03:07:31,1,2006-02-16 02:30:53
168,2005-05-26 03:07:43,2714,469,2005-06-02 02:09:43,2,2006-02-16 02:30:53
169,2005-05-26 03:09:30,1758,381,2005-05-27 01:37:30,2,2006-02-16 02:30:53
170,2005-05-26 03:11:12,3688,107,2005-06-02 03:53:12,1,2006-02-16 02:30:53
171,2005-05-26 03:14:15,4483,400,2005-06-03 00:24:15,2,2006-02-16 02:30:53
172,2005-05-26 03:17:42,2873,176,2005-05-29 04:11:42,2,2006-02-16 02:30:53
173,2005-05-26 03:42:10,3596,533,2005-05-28 01:37:10,2,2006-02-16 02:30:53
174,2005-05-26 03:44:10,3954,552,2005-05-28 07:13:10,2,2006-02-16 02:30:53
175,2005-05-26 03:46:26,4346,47,2005-06-03 06:01:26,2,2006-02-16 02:30:53
176,2005-05-26 03:47:39,851,250,2005-06-01 02:36:39,2,2006-02-16 02:30:53
177,2005-05-26 04:14:29,3545,548,2005-06-01 08:16:29,2,2006-02-16 02:30:53
178,2005-05-26 04:21:46,1489,196,2005-06-04 07:09:46,2,2006-02-16 02:30:53
179,2005-05-26 04:26:06,2575,19,2005-06-03 10:06:06,1,2006-02-16 02:30:53
180,2005-05-26 04:46:23,2752,75,2005-06-01 09:58:23,1,2006-02-16 02:30:53
181,2005-05-26 04:47:06,2417,587,2005-05-29 06:34:06,2,2006-02-16 02:30:53
182,2005-05-26 04:49:17,4396,237,2005-06-01 05:43:17,2,2006-02-16 02:30:53
183,2005-05-26 05:01:18,2877,254,2005-06-01 09:04:18,1,2006-02-16 02:30:53
184,2005-05-26 05:29:49,1970,556,2005-05-28 10:10:49,1,2006-02-16 02:30:53
185,2005-05-26 05:30:03,2598,125,2005-06-02 09:48:03,2,2006-02-16 02:30:53
186,2005-05-26 05:32:52,1799,468,2005-06-03 07:19:52,2,2006-02-16 02:30:53
187,2005-05-26 05:42:37,4004,515,2005-06-04 00:38:37,1,2006-02-16 02:30:53
188,2005-05-26 05:47:12,3342,243,2005-05-26 23:48:12,1,2006-02-16 02:30:53
189,2005-05-26 06:01:41,984,247,2005-05-27 06:11:41,1,2006-02-16 02:30:53
190,2005-05-26 06:11:28,3962,533,2005-06-01 09:44:28,1,2006-02-16 02:30:53
191,2005-05-26 06:14:06,4365,412,2005-05-28 05:33:06,1,2006-02-16 02:30:53
192,2005-05-26 06:20:37,1897,437,2005-06-02 10:57:37,1,2006-02-16 02:30:53
193,2005-05-26 06:41:48,3900,270,2005-05-30 06:21:48,2,2006-02-16 02:30:53
194,2005-05-26 06:52:33,1337,29,2005-05-30 04:08:33,2,2006-02-16 02:30:53
195,2005-05-26 06:52:36,506,564,2005-05-31 02:47:36,2,2006-02-16 02:30:53
196,2005-05-26 06:55:58,190,184,2005-05-27 10:54:58,1,2006-02-16 02:30:53
197,2005-05-26 06:59:21,4212,546,2005-06-03 05:04:21,2,2006-02-16 02:30:53
198,2005-05-26 07:03:49,1789,54,2005-06-04 11:45:49,1,2006-02-16 02:30:53
199,2005-05-26 07:11:58,2135,71,2005-05-28 09:06:58,1,2006-02-16 02:30:53
200,2005-05-26 07:12:21,3926,321,2005-05-31 12:07:21,1,2006-02-16 02:30:53
201,2005-05-26 07:13:45,776,444,2005-06-04 02:02:45,2,2006-02-16 02:30:53
202,2005-05-26 07:27:36,674,20,2005-06-02 03:52:36,1,2006-02-16 02:30:53
203,2005-05-26 07:27:57,3374,109,2005-06-03 12:52:57,1,2006-02-16 02:30:53
204,2005-05-26 07:30:37,1842,528,2005-05-30 08:11:37,1,2006-02-16 02:30:53
205,2005-05-26 07:59:37,303,114,2005-05-29 09:43:37,2,2006-02-16 02:30:53
206,2005-05-26 08:01:54,1717,345,2005-05-27 06:26:54,1,2006-02-16 02:30:53
207,2005-05-26 08:04:38,102,47,2005-05-27 09:32:38,2,2006-02-16 02:30:53
208,2005-05-26 08:10:22,3669,274,2005-05-27 03:55:22,1,2006-02-16 02:30:53
209,2005-05-26 08:14:01,729,379,2005-05-27 09:00:01,1,2006-02-16 02:30:53
210,2005-05-26 08:14:15,1801,391,2005-05-27 12:12:15,2,2006-02-16 02:30:53
211,2005-05-26 08:33:10,4005,170,2005-05-28 14:09:10,1,2006-02-16 02:30:53
212,2005-05-26 08:34:41,764,59,2005-05-30 12:46:41,2,2006-02-16 02:30:53
213,2005-05-26 08:44:08,1505,394,2005-05-31 12:33:08,2,2006-02-16 02:30:53
214,2005-05-26 08:48:49,1453,98,2005-05-31 04:06:49,2,2006-02-16 02:30:53
215,2005-05-26 09:02:47,679,197,2005-05-28 09:45:47,2,2006-02-16 02:30:53
216,2005-05-26 09:17:43,1398,91,2005-06-03 08:21:43,1,2006-02-16 02:30:53
217,2005-05-26 09:24:26,4395,121,2005-05-31 03:24:26,2,2006-02-16 02:30:53
218,2005-05-26 09:27:09,2291,309,2005-06-04 11:53:09,2,2006-02-16 02:30:53
219,2005-05-26 09:41:45,3074,489,2005-05-28 04:40:45,1,2006-02-16 02:30:53
220,2005-05-26 10:06:49,1259,542,2005-06-01 07:43:49,1,2006-02-16 02:30:53
221,2005-05-26 10:14:09,3578,143,2005-05-29 05:57:09,1,2006-02-16 02:30:53
222,2005-05-26 10:14:38,2745,83,2005-05-31 08:36:38,2,2006-02-16 02:30:53
223,2005-05-26 10:15:23,3121,460,2005-05-30 11:43:23,1,2006-02-16 02:30:53
224,2005-05-26 10:18:27,4285,318,2005-06-04 06:59:27,1,2006-02-16 02:30:53
225,2005-05-26 10:27:50,651,467,2005-06-01 07:01:50,2,2006-02-16 02:30:53
226,2005-05-26 10:44:04,4181,221,2005-05-31 13:26:04,2,2006-02-16 02:30:53
227,2005-05-26 10:51:46,214,301,2005-05-30 07:24:46,1,2006-02-16 02:30:53
228,2005-05-26 10:54:28,511,571,2005-06-04 09:39:28,1,2006-02-16 02:30:53
229,2005-05-26 11:19:20,1131,312,2005-05-31 11:56:20,2,2006-02-16 02:30:53
230,2005-05-26 11:31:50,1085,58,2005-05-30 15:22:50,1,2006-02-16 02:30:53
231,2005-05-26 11:31:59,4032,365,2005-05-27 07:27:59,1,2006-02-16 02:30:53
232,2005-05-26 11:38:05,2945,256,2005-05-27 08:42:05,2,2006-02-16 02:30:53
233,2005-05-26 11:43:44,715,531,2005-05-28 17:28:44,2,2006-02-16 02:30:53
234,2005-05-26 11:47:20,1321,566,2005-06-03 10:39:20,2,2006-02-16 02:30:53
235,2005-05-26 11:51:09,3537,119,2005-06-04 09:36:09,1,2006-02-16 02:30:53
236,2005-05-26 11:53:49,1265,446,2005-05-28 13:55:49,1,2006-02-16 02:30:53
237,2005-05-26 12:15:13,241,536,2005-05-29 18:10:13,1,2006-02-16 02:30:53
238,2005-05-26 12:30:22,503,211,2005-05-27 06:49:22,1,2006-02-16 02:30:53
239,2005-05-26 12:30:26,131,49,2005-06-01 13:26:26,2,2006-02-16 02:30:53
240,2005-05-26 12:40:23,3420,103,2005-06-04 07:22:23,1,2006-02-16 02:30:53
241,2005-05-26 12:49:01,4438,245,2005-05-28 11:43:01,2,2006-02-16 02:30:53
242,2005-05-26 13:05:08,2095,214,2005-06-02 15:26:08,1,2006-02-16 02:30:53
243,2005-05-26 13:06:05,1721,543,2005-06-03 17:28:05,2,2006-02-16 02:30:53
244,2005-05-26 13:40:40,1041,257,2005-05-31 11:58:40,1,2006-02-16 02:30:53
245,2005-05-26 13:46:59,3045,158,2005-05-27 09:58:59,2,2006-02-16 02:30:53
246,2005-05-26 13:57:07,2829,240,2005-05-29 10:12:07,2,2006-02-16 02:30:53
247,2005-05-26 14:01:05,4095,102,2005-05-28 13:38:05,2,2006-02-16 02:30:53
248,2005-05-26 14:07:58,1913,545,2005-05-31 14:03:58,2,2006-02-16 02:30:53
249,2005-05-26 14:19:09,2428,472,2005-05-28 17:47:09,2,2006-02-16 02:30:53
250,2005-05-26 14:30:24,368,539,2005-05-27 08:50:24,1,2006-02-16 02:30:53
251,2005-05-26 14:35:40,4352,204,2005-05-29 17:17:40,1,2006-02-16 02:30:53
252,2005-05-26 14:39:53,1203,187,2005-06-02 14:48:53,1,2006-02-16 02:30:53
253,2005-05-26 14:43:14,2969,416,2005-05-27 12:21:14,1,2006-02-16 02:30:53
254,2005-05-26 14:43:48,1835,390,2005-05-31 09:19:48,2,2006-02-16 02:30:53
255,2005-05-26 14:52:15,3264,114,2005-05-27 12:45:15,1,2006-02-16 02:30:53
256,2005-05-26 15:20:58,3194,436,2005-05-31 15:58:58,1,2006-02-16 02:30:53
257,2005-05-26 15:27:05,2570,373,2005-05-29 16:25:05,2,2006-02-16 02:30:53
258,2005-05-26 15:28:14,3534,502,2005-05-30 18:38:14,2,2006-02-16 02:30:53
259,2005-05-26 15:32:46,30,482,2005-06-04 15:27:46,2,2006-02-16 02:30:53
260,2005-05-26 15:42:20,435,21,2005-05-31 13:21:20,2,2006-02-16 02:30:53
261,2005-05-26 15:44:23,1369,414,2005-06-02 09:47:23,2,2006-02-16 02:30:53
262,2005-05-26 15:46:56,4261,236,2005-05-28 15:49:56,2,2006-02-16 02:30:53
263,2005-05-26 15:47:40,1160,449,2005-05-30 10:07:40,2,2006-02-16 02:30:53
264,2005-05-26 16:00:49,2069,251,2005-05-27 10:12:49,2,2006-02-16 02:30:53
265,2005-05-26 16:07:38,2276,303,2005-06-01 14:20:38,1,2006-02-16 02:30:53
266,2005-05-26 16:08:05,3303,263,2005-05-27 10:55:05,2,2006-02-16 02:30:53
267,2005-05-26 16:16:21,1206,417,2005-05-30 16:53:21,2,2006-02-16 02:30:53
268,2005-05-26 16:19:08,1714,75,2005-05-27 14:35:08,1,2006-02-16 02:30:53
269,2005-05-26 16:19:46,3501,322,2005-05-27 15:59:46,2,2006-02-16 02:30:53
270,2005-05-26 16:20:56,207,200,2005-06-03 12:40:56,2,2006-02-16 02:30:53
271,2005-05-26 16:22:01,2388,92,2005-06-03 17:30:01,2,2006-02-16 02:30:53
272,2005-05-26 16:27:11,971,71,2005-06-03 13:10:11,2,2006-02-16 02:30:53
273,2005-05-26 16:29:36,1590,193,2005-05-29 18:49:36,2,2006-02-16 02:30:53
274,2005-05-26 16:48:51,656,311,2005-06-03 18:17:51,1,2006-02-16 02:30:53
275,2005-05-26 17:09:53,1718,133,2005-06-04 22:35:53,1,2006-02-16 02:30:53
276,2005-05-26 17:16:07,1221,58,2005-06-03 12:59:07,1,2006-02-16 02:30:53
277,2005-05-26 17:32:11,1409,45,2005-05-28 22:54:11,1,2006-02-16 02:30:53
278,2005-05-26 17:40:58,182,214,2005-06-02 16:43:58,2,2006-02-16 02:30:53
279,2005-05-26 18:02:50,661,384,2005-06-03 18:48:50,2,2006-02-16 02:30:53
280,2005-05-26 18:36:58,1896,167,2005-05-27 23:42:58,1,2006-02-16 02:30:53
281,2005-05-26 18:49:35,1208,582,2005-05-27 18:11:35,2,2006-02-16 02:30:53
282,2005-05-26 18:56:26,4486,282,2005-06-01 16:32:26,2,2006-02-16 02:30:53
283,2005-05-26 19:05:05,3530,242,2005-05-31 19:19:05,1,2006-02-16 02:30:53
284,2005-05-26 19:21:44,350,359,2005-06-04 14:18:44,2,2006-02-16 02:30:53
285,2005-05-26 19:41:40,2486,162,2005-05-31 16:58:40,2,2006-02-16 02:30:53
286,2005-05-26 19:44:51,314,371,2005-06-04 18:00:51,2,2006-02-16 02:30:53
287,2005-05-26 19:44:54,3631,17,2005-06-02 01:10:54,1,2006-02-16 02:30:53
288,2005-05-26 19:47:49,3546,82,2005-06-03 20:53:49,2,2006-02-16 02:30:53
289,2005-05-26 20:01:09,2449,81,2005-05-28 15:09:09,1,2006-02-16 02:30:53
290,2005-05-26 20:08:33,2776,429,2005-05-30 00:32:33,1,2006-02-16 02:30:53
291,2005-05-26 20:20:47,485,577,2005-06-03 02:06:47,2,2006-02-16 02:30:53
292,2005-05-26 20:22:12,4264,515,2005-06-05 00:58:12,1,2006-02-16 02:30:53
293,2005-05-26 20:27:02,1828,158,2005-06-03 16:45:02,2,2006-02-16 02:30:53
294,2005-05-26 20:29:57,2751,369,2005-05-28 17:20:57,1,2006-02-16 02:30:53
295,2005-05-26 20:33:20,4030,65,2005-05-27 18:23:20,2,2006-02-16 02:30:53
296,2005-05-26 20:35:19,3878,468,2005-06-04 02:31:19,2,2006-02-16 02:30:53
297,2005-05-26 20:48:48,1594,48,2005-05-27 19:52:48,2,2006-02-16 02:30:53
298,2005-05-26 20:52:26,1083,460,2005-05-29 22:08:26,2,2006-02-16 02:30:53
299,2005-05-26 20:55:36,4376,448,2005-05-28 00:25:36,2,2006-02-16 02:30:53
300,2005-05-26 20:57:00,249,47,2005-06-05 01:34:00,2,2006-02-16 02:30:53
301,2005-05-26 21:06:14,3448,274,2005-06-01 01:54:14,2,2006-02-16 02:30:53
302,2005-05-26 21:13:46,2921,387,2005-06-03 15:49:46,2,2006-02-16 02:30:53
303,2005-05-26 21:16:52,1111,596,2005-05-27 23:41:52,2,2006-02-16 02:30:53
304,2005-05-26 21:21:28,1701,534,2005-06-02 00:05:28,1,2006-02-16 02:30:53
305,2005-05-26 21:22:07,2665,464,2005-06-02 22:33:07,2,2006-02-16 02:30:53
306,2005-05-26 21:31:57,2781,547,2005-05-28 19:37:57,1,2006-02-16 02:30:53
307,2005-05-26 21:48:13,1097,375,2005-06-04 22:24:13,1,2006-02-16 02:30:53
308,2005-05-26 22:01:39,187,277,2005-06-04 20:24:39,2,2006-02-16 02:30:53
309,2005-05-26 22:38:10,1946,251,2005-06-02 03:10:10,2,2006-02-16 02:30:53
310,2005-05-26 22:41:07,593,409,2005-06-02 04:09:07,1,2006-02-16 02:30:53
311,2005-05-26 22:51:37,2830,201,2005-06-01 00:02:37,1,2006-02-16 02:30:53
312,2005-05-26 22:52:19,2008,143,2005-06-02 18:14:19,2,2006-02-16 02:30:53
313,2005-05-26 22:56:19,4156,594,2005-05-29 01:29:19,2,2006-02-16 02:30:53
314,2005-05-26 23:09:41,2851,203,2005-05-28 22:49:41,2,2006-02-16 02:30:53
315,2005-05-26 23:12:55,2847,238,2005-05-29 23:33:55,1,2006-02-16 02:30:53
316,2005-05-26 23:22:55,3828,249,2005-05-29 23:25:55,2,2006-02-16 02:30:53
317,2005-05-26 23:23:56,26,391,2005-06-01 19:56:56,2,2006-02-16 02:30:53
318,2005-05-26 23:37:39,2559,60,2005-06-03 04:31:39,2,2006-02-16 02:30:53
319,2005-05-26 23:52:13,3024,77,2005-05-30 18:55:13,1,2006-02-16 02:30:53
320,2005-05-27 00:09:24,1090,2,2005-05-28 04:30:24,2,2006-02-16 02:30:53
322,2005-05-27 00:47:35,4556,496,2005-06-02 00:32:35,1,2006-02-16 02:30:53
323,2005-05-27 00:49:27,2362,144,2005-05-30 03:12:27,1,2006-02-16 02:30:53
324,2005-05-27 01:00:04,3364,292,2005-05-30 04:27:04,1,2006-02-16 02:30:53
325,2005-05-27 01:09:55,2510,449,2005-05-31 07:01:55,2,2006-02-16 02:30:53
326,2005-05-27 01:10:11,3979,432,2005-06-04 20:25:11,2,2006-02-16 02:30:53
327,2005-05-27 01:18:57,2678,105,2005-06-04 04:06:57,1,2006-02-16 02:30:53
328,2005-05-27 01:29:31,2524,451,2005-06-01 02:27:31,1,2006-02-16 02:30:53
329,2005-05-27 01:57:14,2659,231,2005-05-31 04:19:14,2,2006-02-16 02:30:53
330,2005-05-27 02:15:30,1536,248,2005-06-04 05:09:30,2,2006-02-16 02:30:53
331,2005-05-27 02:22:26,1872,67,2005-06-05 00:25:26,1,2006-02-16 02:30:53
332,2005-05-27 02:27:10,1529,299,2005-06-03 01:26:10,2,2006-02-16 02:30:53
333,2005-05-27 02:52:21,4001,412,2005-06-01 00:55:21,2,2006-02-16 02:30:53
334,2005-05-27 03:03:07,3973,194,2005-05-29 03:54:07,1,2006-02-16 02:30:53
335,2005-05-27 03:07:10,1411,16,2005-06-05 00:15:10,2,2006-02-16 02:30:53
336,2005-05-27 03:15:23,1811,275,2005-05-29 22:43:23,1,2006-02-16 02:30:53
337,2005-05-27 03:22:30,751,19,2005-06-02 03:27:30,1,2006-02-16 02:30:53
338,2005-05-27 03:42:52,2596,165,2005-06-01 05:23:52,2,2006-02-16 02:30:53
339,2005-05-27 03:47:18,2410,516,2005-06-04 05:46:18,2,2006-02-16 02:30:53
340,2005-05-27 03:55:25,946,209,2005-06-04 07:57:25,2,2006-02-16 02:30:53
341,2005-05-27 04:01:42,4168,56,2005-06-05 08:51:42,1,2006-02-16 02:30:53
342,2005-05-27 04:11:04,4019,539,2005-05-29 01:28:04,2,2006-02-16 02:30:53
343,2005-05-27 04:13:41,3301,455,2005-05-28 08:34:41,1,2006-02-16 02:30:53
344,2005-05-27 04:30:22,2327,236,2005-05-29 10:13:22,2,2006-02-16 02:30:53
345,2005-05-27 04:32:25,1396,144,2005-05-31 09:50:25,1,2006-02-16 02:30:53
346,2005-05-27 04:34:41,4319,14,2005-06-05 04:24:41,2,2006-02-16 02:30:53
347,2005-05-27 04:40:33,1625,378,2005-05-28 09:56:33,2,2006-02-16 02:30:53
348,2005-05-27 04:50:56,1825,473,2005-06-01 04:43:56,1,2006-02-16 02:30:53
349,2005-05-27 04:53:11,2920,36,2005-05-28 06:33:11,2,2006-02-16 02:30:53
350,2005-05-27 05:01:28,2756,9,2005-06-04 05:01:28,2,2006-02-16 02:30:53
351,2005-05-27 05:39:03,3371,118,2005-06-01 11:10:03,1,2006-02-16 02:30:53
352,2005-05-27 05:48:19,4369,157,2005-05-29 09:05:19,1,2006-02-16 02:30:53
353,2005-05-27 06:03:39,3989,503,2005-06-03 04:39:39,2,2006-02-16 02:30:53
354,2005-05-27 06:12:26,2058,452,2005-06-01 06:48:26,1,2006-02-16 02:30:53
355,2005-05-27 06:15:33,141,446,2005-06-01 02:50:33,2,2006-02-16 02:30:53
356,2005-05-27 06:32:30,2868,382,2005-05-30 06:24:30,2,2006-02-16 02:30:53
357,2005-05-27 06:37:15,4417,198,2005-05-30 07:04:15,2,2006-02-16 02:30:53
358,2005-05-27 06:43:59,1925,102,2005-05-29 11:28:59,2,2006-02-16 02:30:53
359,2005-05-27 06:48:33,1156,152,2005-05-29 03:55:33,1,2006-02-16 02:30:53
360,2005-05-27 06:51:14,3489,594,2005-06-03 01:58:14,1,2006-02-16 02:30:53
361,2005-05-27 07:03:28,6,587,2005-05-31 08:01:28,1,2006-02-16 02:30:53
362,2005-05-27 07:10:25,2324,147,2005-06-01 08:34:25,1,2006-02-16 02:30:53
363,2005-05-27 07:14:00,4282,345,2005-05-28 12:22:00,2,2006-02-16 02:30:53
364,2005-05-27 07:20:12,833,430,2005-05-31 10:44:12,2,2006-02-16 02:30:53
365,2005-05-27 07:31:20,2887,167,2005-06-04 04:46:20,1,2006-02-16 02:30:53
366,2005-05-27 07:33:54,360,134,2005-06-04 01:55:54,2,2006-02-16 02:30:53
367,2005-05-27 07:37:02,3437,439,2005-05-30 05:43:02,2,2006-02-16 02:30:53
368,2005-05-27 07:42:29,1247,361,2005-06-04 11:20:29,2,2006-02-16 02:30:53
369,2005-05-27 07:46:49,944,508,2005-06-01 06:20:49,2,2006-02-16 02:30:53
370,2005-05-27 07:49:43,3347,22,2005-06-05 06:39:43,2,2006-02-16 02:30:53
371,2005-05-27 08:08:18,1235,295,2005-06-05 03:05:18,2,2006-02-16 02:30:53
372,2005-05-27 08:13:58,4089,510,2005-06-04 03:50:58,2,2006-02-16 02:30:53
373,2005-05-27 08:16:25,1649,464,2005-06-01 11:41:25,1,2006-02-16 02:30:53
374,2005-05-27 08:26:30,4420,337,2005-06-05 07:13:30,1,2006-02-16 02:30:53
375,2005-05-27 08:49:21,1815,306,2005-06-04 14:11:21,1,2006-02-16 02:30:53
376,2005-05-27 08:58:15,3197,542,2005-06-02 04:48:15,1,2006-02-16 02:30:53
377,2005-05-27 09:04:05,3012,170,2005-06-02 03:36:05,2,2006-02-16 02:30:53
378,2005-05-27 09:23:22,2242,53,2005-05-29 15:20:22,1,2006-02-16 02:30:53
379,2005-05-27 09:25:32,3462,584,2005-06-02 06:19:32,1,2006-02-16 02:30:53
380,2005-05-27 09:34:39,1777,176,2005-06-04 11:45:39,1,2006-02-16 02:30:53
381,2005-05-27 09:43:25,2748,371,2005-05-31 12:00:25,1,2006-02-16 02:30:53
382,2005-05-27 10:12:00,4358,183,2005-05-31 15:03:00,1,2006-02-16 02:30:53
383,2005-05-27 10:12:20,955,298,2005-06-03 10:37:20,1,2006-02-16 02:30:53
384,2005-05-27 10:18:20,910,371,2005-06-02 09:21:20,2,2006-02-16 02:30:53
385,2005-05-27 10:23:25,1565,213,2005-05-30 15:27:25,2,2006-02-16 02:30:53
386,2005-05-27 10:26:31,1288,109,2005-05-30 08:32:31,1,2006-02-16 02:30:53
387,2005-05-27 10:35:27,2684,506,2005-06-01 13:37:27,2,2006-02-16 02:30:53
388,2005-05-27 10:37:27,434,28,2005-05-30 05:45:27,1,2006-02-16 02:30:53
389,2005-05-27 10:45:41,691,500,2005-06-05 06:22:41,2,2006-02-16 02:30:53
390,2005-05-27 11:02:26,3759,48,2005-06-02 16:09:26,2,2006-02-16 02:30:53
391,2005-05-27 11:03:55,2193,197,2005-06-01 11:59:55,2,2006-02-16 02:30:53
392,2005-05-27 11:14:42,263,359,2005-06-01 14:28:42,2,2006-02-16 02:30:53
393,2005-05-27 11:18:25,145,251,2005-05-28 07:10:25,2,2006-02-16 02:30:53
394,2005-05-27 11:26:11,1890,274,2005-06-03 16:44:11,2,2006-02-16 02:30:53
395,2005-05-27 11:45:49,752,575,2005-05-31 13:42:49,1,2006-02-16 02:30:53
396,2005-05-27 11:47:04,1020,112,2005-05-29 10:14:04,1,2006-02-16 02:30:53
397,2005-05-27 12:29:02,4193,544,2005-05-28 17:36:02,2,2006-02-16 02:30:53
398,2005-05-27 12:44:03,1686,422,2005-06-02 08:19:03,1,2006-02-16 02:30:53
399,2005-05-27 12:48:38,553,204,2005-05-29 15:27:38,1,2006-02-16 02:30:53
400,2005-05-27 12:51:44,258,249,2005-05-31 08:34:44,2,2006-02-16 02:30:53
401,2005-05-27 12:57:55,2179,46,2005-05-29 17:55:55,2,2006-02-16 02:30:53
402,2005-05-27 13:17:18,461,354,2005-05-30 08:53:18,2,2006-02-16 02:30:53
403,2005-05-27 13:28:52,3983,424,2005-05-29 11:47:52,2,2006-02-16 02:30:53
404,2005-05-27 13:31:51,1293,168,2005-05-30 16:58:51,1,2006-02-16 02:30:53
405,2005-05-27 13:32:39,4090,272,2005-06-05 18:53:39,2,2006-02-16 02:30:53
406,2005-05-27 13:46:46,2136,381,2005-05-30 12:43:46,1,2006-02-16 02:30:53
407,2005-05-27 13:57:38,1077,44,2005-05-31 18:23:38,1,2006-02-16 02:30:53
408,2005-05-27 13:57:39,1438,84,2005-05-28 11:57:39,1,2006-02-16 02:30:53
409,2005-05-27 14:10:58,3652,220,2005-06-02 10:40:58,2,2006-02-16 02:30:53
410,2005-05-27 14:11:22,4010,506,2005-06-02 20:06:22,2,2006-02-16 02:30:53
411,2005-05-27 14:14:14,1434,388,2005-06-03 17:39:14,1,2006-02-16 02:30:53
412,2005-05-27 14:17:23,1400,375,2005-05-29 15:07:23,2,2006-02-16 02:30:53
413,2005-05-27 14:45:37,3516,307,2005-06-03 11:11:37,1,2006-02-16 02:30:53
414,2005-05-27 14:48:20,1019,219,2005-05-31 14:39:20,2,2006-02-16 02:30:53
415,2005-05-27 14:51:45,3698,304,2005-05-28 19:07:45,2,2006-02-16 02:30:53
416,2005-05-27 15:02:10,2371,222,2005-05-29 10:34:10,2,2006-02-16 02:30:53
417,2005-05-27 15:07:27,2253,475,2005-05-29 20:01:27,2,2006-02-16 02:30:53
418,2005-05-27 15:13:17,3063,151,2005-06-04 12:05:17,2,2006-02-16 02:30:53
419,2005-05-27 15:15:11,2514,77,2005-06-02 11:53:11,1,2006-02-16 02:30:53
420,2005-05-27 15:19:38,619,93,2005-06-03 15:07:38,2,2006-02-16 02:30:53
421,2005-05-27 15:30:13,2985,246,2005-06-04 13:19:13,2,2006-02-16 02:30:53
422,2005-05-27 15:31:55,1152,150,2005-06-01 11:47:55,2,2006-02-16 02:30:53
423,2005-05-27 15:32:57,1783,284,2005-06-02 19:03:57,1,2006-02-16 02:30:53
424,2005-05-27 15:34:01,2815,35,2005-06-05 09:44:01,1,2006-02-16 02:30:53
425,2005-05-27 15:51:30,1518,182,2005-06-03 16:52:30,2,2006-02-16 02:30:53
426,2005-05-27 15:56:57,1103,522,2005-06-05 11:45:57,1,2006-02-16 02:30:53
427,2005-05-27 16:10:04,1677,288,2005-06-05 13:22:04,2,2006-02-16 02:30:53
428,2005-05-27 16:10:58,3349,161,2005-05-31 17:24:58,2,2006-02-16 02:30:53
429,2005-05-27 16:21:26,129,498,2005-06-05 20:23:26,2,2006-02-16 02:30:53
430,2005-05-27 16:22:10,1920,190,2005-06-05 13:10:10,1,2006-02-16 02:30:53
431,2005-05-27 16:31:05,4507,334,2005-06-05 11:29:05,1,2006-02-16 02:30:53
432,2005-05-27 16:40:29,1119,46,2005-05-29 16:20:29,1,2006-02-16 02:30:53
433,2005-05-27 16:40:40,4364,574,2005-05-30 19:55:40,2,2006-02-16 02:30:53
434,2005-05-27 16:54:27,3360,246,2005-06-04 22:26:27,1,2006-02-16 02:30:53
435,2005-05-27 17:17:09,3328,3,2005-06-02 11:20:09,2,2006-02-16 02:30:53
436,2005-05-27 17:21:04,4317,267,2005-05-30 21:26:04,2,2006-02-16 02:30:53
437,2005-05-27 17:47:22,1800,525,2005-06-05 14:22:22,2,2006-02-16 02:30:53
438,2005-05-27 17:52:34,4260,249,2005-06-05 22:23:34,2,2006-02-16 02:30:53
439,2005-05-27 17:54:48,354,319,2005-06-02 23:01:48,2,2006-02-16 02:30:53
440,2005-05-27 18:00:35,4452,314,2005-05-29 16:15:35,1,2006-02-16 02:30:53
441,2005-05-27 18:11:05,1578,54,2005-05-30 22:45:05,1,2006-02-16 02:30:53
442,2005-05-27 18:12:13,1457,403,2005-05-30 12:30:13,2,2006-02-16 02:30:53
443,2005-05-27 18:35:20,2021,547,2005-06-04 18:58:20,1,2006-02-16 02:30:53
444,2005-05-27 18:39:15,723,239,2005-06-01 15:56:15,1,2006-02-16 02:30:53
445,2005-05-27 18:42:57,1757,293,2005-05-30 22:35:57,2,2006-02-16 02:30:53
446,2005-05-27 18:48:41,1955,401,2005-06-03 16:42:41,2,2006-02-16 02:30:53
447,2005-05-27 18:57:02,3890,133,2005-06-05 18:38:02,1,2006-02-16 02:30:53
448,2005-05-27 19:03:08,2671,247,2005-06-03 20:28:08,2,2006-02-16 02:30:53
449,2005-05-27 19:13:15,2469,172,2005-06-04 01:08:15,2,2006-02-16 02:30:53
450,2005-05-27 19:18:54,1343,247,2005-06-05 23:52:54,1,2006-02-16 02:30:53
451,2005-05-27 19:27:54,205,87,2005-05-29 01:07:54,2,2006-02-16 02:30:53
452,2005-05-27 19:30:33,2993,127,2005-05-30 20:53:33,2,2006-02-16 02:30:53
453,2005-05-27 19:31:16,4425,529,2005-05-29 23:06:16,1,2006-02-16 02:30:53
454,2005-05-27 19:31:36,3499,575,2005-05-30 15:46:36,1,2006-02-16 02:30:53
455,2005-05-27 19:43:29,3344,343,2005-06-04 23:40:29,2,2006-02-16 02:30:53
456,2005-05-27 19:50:06,1699,92,2005-06-02 22:14:06,1,2006-02-16 02:30:53
457,2005-05-27 19:52:29,2368,300,2005-06-02 17:17:29,2,2006-02-16 02:30:53
458,2005-05-27 19:58:36,3350,565,2005-06-06 00:51:36,1,2006-02-16 02:30:53
459,2005-05-27 20:00:04,597,468,2005-05-29 22:47:04,1,2006-02-16 02:30:53
460,2005-05-27 20:02:03,4238,240,2005-05-28 16:14:03,1,2006-02-16 02:30:53
461,2005-05-27 20:08:55,2077,447,2005-06-01 14:32:55,1,2006-02-16 02:30:53
462,2005-05-27 20:10:36,2314,364,2005-06-03 21:12:36,2,2006-02-16 02:30:53
463,2005-05-27 20:11:47,826,21,2005-06-04 21:18:47,1,2006-02-16 02:30:53
464,2005-05-27 20:42:44,1313,193,2005-05-30 00:49:44,2,2006-02-16 02:30:53
465,2005-05-27 20:44:36,20,261,2005-06-02 02:43:36,1,2006-02-16 02:30:53
466,2005-05-27 20:57:07,1786,442,2005-05-29 15:52:07,1,2006-02-16 02:30:53
467,2005-05-27 21:10:03,339,557,2005-06-01 16:08:03,1,2006-02-16 02:30:53
468,2005-05-27 21:13:10,2656,101,2005-06-04 15:26:10,2,2006-02-16 02:30:53
469,2005-05-27 21:14:26,4463,154,2005-06-05 21:51:26,1,2006-02-16 02:30:53
470,2005-05-27 21:17:08,1613,504,2005-06-04 17:47:08,1,2006-02-16 02:30:53
471,2005-05-27 21:32:42,2872,209,2005-05-31 00:39:42,2,2006-02-16 02:30:53
472,2005-05-27 21:36:15,1338,528,2005-05-29 21:07:15,1,2006-02-16 02:30:53
473,2005-05-27 21:36:34,802,105,2005-06-05 17:02:34,1,2006-02-16 02:30:53
474,2005-05-27 22:11:56,1474,274,2005-05-31 19:07:56,1,2006-02-16 02:30:53
475,2005-05-27 22:16:26,2520,159,2005-05-28 19:58:26,1,2006-02-16 02:30:53
476,2005-05-27 22:31:36,2451,543,2005-06-03 19:12:36,1,2006-02-16 02:30:53
477,2005-05-27 22:33:33,2437,161,2005-06-02 18:35:33,2,2006-02-16 02:30:53
478,2005-05-27 22:38:20,424,557,2005-05-31 18:39:20,2,2006-02-16 02:30:53
479,2005-05-27 22:39:10,2060,231,2005-06-05 22:46:10,2,2006-02-16 02:30:53
480,2005-05-27 22:47:39,2108,220,2005-06-04 21:17:39,2,2006-02-16 02:30:53
481,2005-05-27 22:49:27,72,445,2005-05-30 17:46:27,2,2006-02-16 02:30:53
482,2005-05-27 22:53:02,4178,546,2005-06-01 22:53:02,2,2006-02-16 02:30:53
483,2005-05-27 23:00:25,1510,32,2005-05-28 21:30:25,1,2006-02-16 02:30:53
484,2005-05-27 23:26:45,3115,491,2005-05-29 21:16:45,2,2006-02-16 02:30:53
485,2005-05-27 23:40:52,2392,105,2005-05-28 22:40:52,2,2006-02-16 02:30:53
486,2005-05-27 23:51:12,1822,398,2005-05-28 20:26:12,1,2006-02-16 02:30:53
487,2005-05-28 00:00:30,3774,569,2005-05-28 19:18:30,2,2006-02-16 02:30:53
488,2005-05-28 00:07:50,393,168,2005-06-03 22:30:50,2,2006-02-16 02:30:53
489,2005-05-28 00:09:12,1940,476,2005-05-31 04:44:12,2,2006-02-16 02:30:53
490,2005-05-28 00:09:56,3524,95,2005-05-30 22:32:56,2,2006-02-16 02:30:53
491,2005-05-28 00:13:35,1326,196,2005-05-29 00:11:35,2,2006-02-16 02:30:53
492,2005-05-28 00:24:58,1999,228,2005-05-28 22:34:58,1,2006-02-16 02:30:53
493,2005-05-28 00:34:11,184,501,2005-05-30 18:40:11,1,2006-02-16 02:30:53
494,2005-05-28 00:39:31,1850,64,2005-06-02 19:35:31,1,2006-02-16 02:30:53
495,2005-05-28 00:40:48,1007,526,2005-05-29 06:07:48,1,2006-02-16 02:30:53
496,2005-05-28 00:43:41,1785,56,2005-06-04 03:56:41,1,2006-02-16 02:30:53
497,2005-05-28 00:54:39,2636,20,2005-06-03 20:47:39,2,2006-02-16 02:30:53
498,2005-05-28 01:01:21,458,287,2005-05-30 21:20:21,2,2006-02-16 02:30:53
499,2005-05-28 01:05:07,2381,199,2005-06-05 19:54:07,2,2006-02-16 02:30:53
500,2005-05-28 01:05:25,4500,145,2005-05-31 20:04:25,1,2006-02-16 02:30:53
501,2005-05-28 01:09:36,601,162,2005-05-30 06:14:36,2,2006-02-16 02:30:53
502,2005-05-28 01:34:43,3131,179,2005-05-31 01:02:43,2,2006-02-16 02:30:53
503,2005-05-28 01:35:25,3005,288,2005-05-28 22:12:25,2,2006-02-16 02:30:53
504,2005-05-28 02:05:34,2086,170,2005-05-30 23:03:34,1,2006-02-16 02:30:53
505,2005-05-28 02:06:37,71,111,2005-05-29 06:57:37,1,2006-02-16 02:30:53
506,2005-05-28 02:09:19,667,469,2005-06-05 20:34:19,1,2006-02-16 02:30:53
507,2005-05-28 02:31:19,3621,421,2005-06-02 05:07:19,2,2006-02-16 02:30:53
508,2005-05-28 02:40:50,4179,434,2005-06-05 03:05:50,1,2006-02-16 02:30:53
509,2005-05-28 02:51:12,3416,147,2005-05-31 06:27:12,1,2006-02-16 02:30:53
510,2005-05-28 02:52:14,4338,113,2005-05-30 21:20:14,2,2006-02-16 02:30:53
511,2005-05-28 03:04:04,3827,296,2005-06-03 04:58:04,1,2006-02-16 02:30:53
512,2005-05-28 03:07:50,2176,231,2005-06-05 02:12:50,2,2006-02-16 02:30:53
513,2005-05-28 03:08:10,225,489,2005-05-29 07:22:10,1,2006-02-16 02:30:53
514,2005-05-28 03:09:28,1697,597,2005-06-05 00:49:28,2,2006-02-16 02:30:53
515,2005-05-28 03:10:10,3369,110,2005-06-04 02:18:10,2,2006-02-16 02:30:53
516,2005-05-28 03:11:47,4357,400,2005-06-04 02:19:47,1,2006-02-16 02:30:53
517,2005-05-28 03:17:57,234,403,2005-05-29 06:33:57,1,2006-02-16 02:30:53
518,2005-05-28 03:18:02,4087,480,2005-05-30 05:32:02,1,2006-02-16 02:30:53
519,2005-05-28 03:22:33,3564,245,2005-06-03 05:06:33,1,2006-02-16 02:30:53
520,2005-05-28 03:27:37,3845,161,2005-06-04 05:47:37,1,2006-02-16 02:30:53
521,2005-05-28 03:32:22,2397,374,2005-05-28 22:37:22,1,2006-02-16 02:30:53
522,2005-05-28 03:33:20,3195,382,2005-05-31 04:23:20,1,2006-02-16 02:30:53
523,2005-05-28 03:53:26,1905,138,2005-05-31 05:58:26,2,2006-02-16 02:30:53
524,2005-05-28 03:57:28,1962,223,2005-05-31 05:20:28,1,2006-02-16 02:30:53
525,2005-05-28 04:25:33,1817,14,2005-06-06 04:18:33,1,2006-02-16 02:30:53
526,2005-05-28 04:27:37,1387,408,2005-05-30 07:52:37,1,2006-02-16 02:30:53
527,2005-05-28 04:28:38,266,169,2005-06-02 08:19:38,1,2006-02-16 02:30:53
528,2005-05-28 04:30:05,1655,359,2005-06-03 10:01:05,2,2006-02-16 02:30:53
529,2005-05-28 04:34:17,2624,469,2005-05-30 00:35:17,1,2006-02-16 02:30:53
530,2005-05-28 05:13:01,3332,312,2005-06-01 10:21:01,2,2006-02-16 02:30:53
531,2005-05-28 05:23:38,1113,589,2005-05-29 08:00:38,2,2006-02-16 02:30:53
532,2005-05-28 05:36:58,2793,120,2005-06-02 01:50:58,1,2006-02-16 02:30:53
533,2005-05-28 06:14:46,4306,528,2005-06-01 06:26:46,2,2006-02-16 02:30:53
534,2005-05-28 06:15:25,992,184,2005-06-06 07:51:25,1,2006-02-16 02:30:53
535,2005-05-28 06:16:32,4209,307,2005-05-31 02:48:32,1,2006-02-16 02:30:53
536,2005-05-28 06:17:33,2962,514,2005-06-03 10:02:33,2,2006-02-16 02:30:53
537,2005-05-28 06:20:55,3095,315,2005-06-05 11:48:55,2,2006-02-16 02:30:53
538,2005-05-28 06:21:05,2262,110,2005-06-02 01:22:05,2,2006-02-16 02:30:53
539,2005-05-28 06:26:16,3427,161,2005-05-30 02:02:16,1,2006-02-16 02:30:53
540,2005-05-28 06:40:25,3321,119,2005-06-06 00:47:25,1,2006-02-16 02:30:53
541,2005-05-28 06:41:58,1662,535,2005-06-02 09:12:58,2,2006-02-16 02:30:53
542,2005-05-28 06:42:13,4444,261,2005-06-03 09:05:13,1,2006-02-16 02:30:53
543,2005-05-28 06:43:34,530,493,2005-06-06 07:16:34,2,2006-02-16 02:30:53
544,2005-05-28 07:03:00,2964,311,2005-06-06 06:23:00,1,2006-02-16 02:30:53
545,2005-05-28 07:10:20,1086,54,2005-06-04 01:47:20,2,2006-02-16 02:30:53
546,2005-05-28 07:16:25,487,20,2005-06-01 08:36:25,1,2006-02-16 02:30:53
547,2005-05-28 07:24:28,2065,506,2005-06-06 01:31:28,2,2006-02-16 02:30:53
548,2005-05-28 07:34:56,3704,450,2005-06-05 03:14:56,2,2006-02-16 02:30:53
549,2005-05-28 07:35:37,1818,159,2005-06-02 09:08:37,1,2006-02-16 02:30:53
550,2005-05-28 07:39:16,3632,432,2005-06-06 12:20:16,2,2006-02-16 02:30:53
551,2005-05-28 07:44:18,3119,315,2005-06-02 12:55:18,2,2006-02-16 02:30:53
552,2005-05-28 07:53:38,23,106,2005-06-04 12:45:38,2,2006-02-16 02:30:53
553,2005-05-28 08:14:44,1349,176,2005-06-02 03:01:44,2,2006-02-16 02:30:53
554,2005-05-28 08:23:16,1951,376,2005-05-31 03:29:16,2,2006-02-16 02:30:53
555,2005-05-28 08:31:14,4397,55,2005-05-30 07:34:14,2,2006-02-16 02:30:53
556,2005-05-28 08:31:36,1814,22,2005-06-06 07:29:36,2,2006-02-16 02:30:53
557,2005-05-28 08:36:22,158,444,2005-06-03 10:42:22,2,2006-02-16 02:30:53
558,2005-05-28 08:38:43,4163,442,2005-06-06 13:52:43,1,2006-02-16 02:30:53
559,2005-05-28 08:39:02,1227,572,2005-06-05 08:38:02,2,2006-02-16 02:30:53
560,2005-05-28 08:53:02,644,463,2005-06-04 12:27:02,2,2006-02-16 02:30:53
561,2005-05-28 08:54:06,928,77,2005-06-05 05:54:06,1,2006-02-16 02:30:53
562,2005-05-28 09:01:21,3390,102,2005-06-02 05:26:21,2,2006-02-16 02:30:53
563,2005-05-28 09:10:49,53,324,2005-06-06 11:32:49,1,2006-02-16 02:30:53
564,2005-05-28 09:12:09,2973,282,2005-05-29 05:07:09,1,2006-02-16 02:30:53
565,2005-05-28 09:26:31,1494,288,2005-06-01 07:28:31,1,2006-02-16 02:30:53
566,2005-05-28 09:51:39,4330,253,2005-06-05 09:35:39,1,2006-02-16 02:30:53
567,2005-05-28 09:56:20,3308,184,2005-06-01 06:41:20,2,2006-02-16 02:30:53
568,2005-05-28 09:57:36,2232,155,2005-05-31 15:44:36,1,2006-02-16 02:30:53
569,2005-05-28 10:12:41,4534,56,2005-06-03 10:08:41,2,2006-02-16 02:30:53
570,2005-05-28 10:15:04,1122,21,2005-05-30 08:32:04,1,2006-02-16 02:30:53
571,2005-05-28 10:17:41,4250,516,2005-06-05 07:56:41,1,2006-02-16 02:30:53
572,2005-05-28 10:30:13,1899,337,2005-06-02 05:04:13,2,2006-02-16 02:30:53
573,2005-05-28 10:35:23,4020,1,2005-06-03 06:32:23,1,2006-02-16 02:30:53
574,2005-05-28 10:44:28,3883,76,2005-06-04 11:42:28,1,2006-02-16 02:30:53
575,2005-05-28 10:56:09,4451,142,2005-06-05 15:39:09,1,2006-02-16 02:30:53
576,2005-05-28 10:56:10,1866,588,2005-06-04 13:15:10,2,2006-02-16 02:30:53
577,2005-05-28 11:09:14,375,6,2005-06-01 13:27:14,2,2006-02-16 02:30:53
578,2005-05-28 11:15:48,2938,173,2005-06-02 09:59:48,1,2006-02-16 02:30:53
579,2005-05-28 11:19:23,3481,181,2005-06-02 13:51:23,1,2006-02-16 02:30:53
580,2005-05-28 11:19:53,3515,17,2005-06-01 10:44:53,2,2006-02-16 02:30:53
581,2005-05-28 11:20:29,1380,186,2005-06-04 12:37:29,2,2006-02-16 02:30:53
582,2005-05-28 11:33:46,4579,198,2005-05-29 08:33:46,1,2006-02-16 02:30:53
583,2005-05-28 11:48:55,2679,386,2005-06-04 07:09:55,2,2006-02-16 02:30:53
584,2005-05-28 11:49:00,1833,69,2005-06-01 11:54:00,1,2006-02-16 02:30:53
585,2005-05-28 11:50:45,3544,490,2005-06-03 15:35:45,2,2006-02-16 02:30:53
586,2005-05-28 12:03:00,898,77,2005-05-29 13:16:00,1,2006-02-16 02:30:53
587,2005-05-28 12:05:33,1413,64,2005-05-30 13:45:33,2,2006-02-16 02:30:53
588,2005-05-28 12:08:37,95,89,2005-05-29 16:25:37,2,2006-02-16 02:30:53
589,2005-05-28 12:27:50,4231,308,2005-06-03 07:15:50,2,2006-02-16 02:30:53
590,2005-05-28 13:06:50,473,462,2005-06-02 09:18:50,1,2006-02-16 02:30:53
591,2005-05-28 13:11:04,377,19,2005-05-29 17:20:04,2,2006-02-16 02:30:53
592,2005-05-28 13:21:08,638,244,2005-05-29 16:55:08,1,2006-02-16 02:30:53
593,2005-05-28 13:33:23,1810,16,2005-05-30 17:10:23,2,2006-02-16 02:30:53
594,2005-05-28 13:41:56,2766,538,2005-05-30 12:00:56,1,2006-02-16 02:30:53
595,2005-05-28 13:59:54,595,294,2005-06-05 15:16:54,1,2006-02-16 02:30:53
596,2005-05-28 14:00:03,821,589,2005-05-29 17:10:03,1,2006-02-16 02:30:53
597,2005-05-28 14:01:02,4469,249,2005-06-06 19:06:02,2,2006-02-16 02:30:53
598,2005-05-28 14:04:50,599,159,2005-06-03 18:00:50,2,2006-02-16 02:30:53
599,2005-05-28 14:05:57,4136,393,2005-06-01 16:41:57,2,2006-02-16 02:30:53
600,2005-05-28 14:08:19,1567,332,2005-06-03 11:57:19,2,2006-02-16 02:30:53
601,2005-05-28 14:08:22,3225,429,2005-06-04 10:50:22,1,2006-02-16 02:30:53
602,2005-05-28 14:15:54,1300,590,2005-06-05 15:16:54,2,2006-02-16 02:30:53
603,2005-05-28 14:27:51,3248,537,2005-05-29 13:13:51,1,2006-02-16 02:30:53
604,2005-05-28 14:37:07,1585,426,2005-06-03 11:03:07,2,2006-02-16 02:30:53
605,2005-05-28 14:39:10,4232,501,2005-06-01 09:28:10,2,2006-02-16 02:30:53
606,2005-05-28 14:48:39,3509,299,2005-06-04 09:44:39,2,2006-02-16 02:30:53
607,2005-05-28 15:02:41,2561,554,2005-05-30 12:54:41,2,2006-02-16 02:30:53
608,2005-05-28 15:03:44,4254,494,2005-06-04 17:14:44,2,2006-02-16 02:30:53
609,2005-05-28 15:04:02,2944,150,2005-06-05 14:47:02,2,2006-02-16 02:30:53
610,2005-05-28 15:15:25,3642,500,2005-06-02 12:30:25,2,2006-02-16 02:30:53
611,2005-05-28 15:18:18,1230,580,2005-05-31 20:15:18,2,2006-02-16 02:30:53
612,2005-05-28 15:24:54,2180,161,2005-05-30 14:22:54,2,2006-02-16 02:30:53
613,2005-05-28 15:27:22,270,595,2005-06-02 20:01:22,1,2006-02-16 02:30:53
614,2005-05-28 15:33:28,280,307,2005-06-04 12:27:28,2,2006-02-16 02:30:53
615,2005-05-28 15:35:52,3397,533,2005-06-03 17:35:52,2,2006-02-16 02:30:53
616,2005-05-28 15:45:39,989,471,2005-06-02 09:55:39,1,2006-02-16 02:30:53
617,2005-05-28 15:49:14,4142,372,2005-05-31 14:29:14,2,2006-02-16 02:30:53
618,2005-05-28 15:50:07,4445,248,2005-06-01 19:45:07,1,2006-02-16 02:30:53
619,2005-05-28 15:52:26,2482,407,2005-06-06 17:55:26,2,2006-02-16 02:30:53
620,2005-05-28 15:54:45,2444,321,2005-06-04 20:26:45,1,2006-02-16 02:30:53
621,2005-05-28 15:58:12,1144,239,2005-05-30 21:54:12,1,2006-02-16 02:30:53
622,2005-05-28 15:58:22,2363,109,2005-06-04 10:13:22,1,2006-02-16 02:30:53
623,2005-05-28 16:01:28,1222,495,2005-05-30 11:19:28,1,2006-02-16 02:30:53
624,2005-05-28 16:13:22,3660,569,2005-06-06 20:35:22,1,2006-02-16 02:30:53
625,2005-05-28 16:35:46,2889,596,2005-06-01 14:19:46,1,2006-02-16 02:30:53
626,2005-05-28 16:58:09,452,584,2005-06-01 14:02:09,2,2006-02-16 02:30:53
627,2005-05-28 17:04:43,425,241,2005-06-04 19:58:43,2,2006-02-16 02:30:53
628,2005-05-28 17:05:46,2513,173,2005-06-06 16:29:46,2,2006-02-16 02:30:53
629,2005-05-28 17:19:15,1527,94,2005-06-02 20:01:15,2,2006-02-16 02:30:53
630,2005-05-28 17:24:51,1254,417,2005-06-05 20:05:51,2,2006-02-16 02:30:53
631,2005-05-28 17:36:32,2465,503,2005-06-03 14:56:32,2,2006-02-16 02:30:53
632,2005-05-28 17:37:50,1287,442,2005-06-03 16:04:50,1,2006-02-16 02:30:53
633,2005-05-28 17:37:59,58,360,2005-06-03 22:49:59,2,2006-02-16 02:30:53
634,2005-05-28 17:40:35,2630,428,2005-06-05 16:18:35,2,2006-02-16 02:30:53
635,2005-05-28 17:46:57,1648,42,2005-06-06 18:24:57,1,2006-02-16 02:30:53
636,2005-05-28 17:47:58,4213,239,2005-06-04 16:32:58,1,2006-02-16 02:30:53
637,2005-05-28 18:14:29,1581,250,2005-05-29 23:48:29,2,2006-02-16 02:30:53
638,2005-05-28 18:24:43,2685,372,2005-06-02 19:03:43,2,2006-02-16 02:30:53
639,2005-05-28 18:25:02,4204,198,2005-05-29 18:22:02,1,2006-02-16 02:30:53
640,2005-05-28 18:43:26,495,465,2005-05-30 13:39:26,1,2006-02-16 02:30:53
641,2005-05-28 18:45:47,3548,396,2005-06-04 15:24:47,1,2006-02-16 02:30:53
642,2005-05-28 18:49:12,140,157,2005-06-01 20:50:12,2,2006-02-16 02:30:53
643,2005-05-28 18:52:11,3105,240,2005-05-31 15:15:11,2,2006-02-16 02:30:53
644,2005-05-28 18:59:12,4304,316,2005-06-04 18:06:12,1,2006-02-16 02:30:53
645,2005-05-28 19:14:09,3128,505,2005-06-05 14:01:09,1,2006-02-16 02:30:53
646,2005-05-28 19:16:14,1922,185,2005-05-31 16:50:14,2,2006-02-16 02:30:53
647,2005-05-28 19:22:52,3435,569,2005-06-01 00:10:52,1,2006-02-16 02:30:53
648,2005-05-28 19:25:54,3476,253,2005-06-03 15:57:54,2,2006-02-16 02:30:53
649,2005-05-28 19:35:45,1781,197,2005-06-05 16:00:45,1,2006-02-16 02:30:53
650,2005-05-28 19:45:40,4384,281,2005-05-29 21:02:40,1,2006-02-16 02:30:53
651,2005-05-28 19:46:50,739,266,2005-05-30 16:29:50,1,2006-02-16 02:30:53
652,2005-05-28 20:08:47,1201,43,2005-05-29 14:57:47,2,2006-02-16 02:30:53
653,2005-05-28 20:12:20,126,327,2005-06-04 14:44:20,2,2006-02-16 02:30:53
654,2005-05-28 20:15:30,2312,23,2005-05-30 22:02:30,2,2006-02-16 02:30:53
655,2005-05-28 20:16:20,331,287,2005-05-31 16:46:20,2,2006-02-16 02:30:53
656,2005-05-28 20:18:24,2846,437,2005-05-30 16:19:24,1,2006-02-16 02:30:53
657,2005-05-28 20:23:09,848,65,2005-06-01 02:11:09,1,2006-02-16 02:30:53
658,2005-05-28 20:23:23,3226,103,2005-06-06 19:31:23,2,2006-02-16 02:30:53
659,2005-05-28 20:27:53,1382,207,2005-05-31 01:36:53,2,2006-02-16 02:30:53
660,2005-05-28 20:53:31,1414,578,2005-05-30 15:26:31,1,2006-02-16 02:30:53
661,2005-05-28 21:01:25,2247,51,2005-06-02 01:22:25,2,2006-02-16 02:30:53
662,2005-05-28 21:09:31,2968,166,2005-06-01 19:00:31,2,2006-02-16 02:30:53
663,2005-05-28 21:23:02,3997,176,2005-06-02 17:39:02,2,2006-02-16 02:30:53
664,2005-05-28 21:31:08,87,523,2005-06-02 20:56:08,2,2006-02-16 02:30:53
665,2005-05-28 21:38:39,1012,415,2005-05-29 21:37:39,1,2006-02-16 02:30:53
666,2005-05-28 21:48:51,3075,437,2005-06-05 16:45:51,2,2006-02-16 02:30:53
667,2005-05-28 21:49:02,797,596,2005-05-31 03:07:02,1,2006-02-16 02:30:53
668,2005-05-28 21:54:45,3528,484,2005-05-29 22:32:45,1,2006-02-16 02:30:53
669,2005-05-28 22:03:25,3677,313,2005-06-03 03:39:25,1,2006-02-16 02:30:53
670,2005-05-28 22:04:03,227,201,2005-06-06 22:43:03,2,2006-02-16 02:30:53
671,2005-05-28 22:04:30,1027,14,2005-06-03 01:21:30,2,2006-02-16 02:30:53
672,2005-05-28 22:05:29,697,306,2005-06-06 02:10:29,2,2006-02-16 02:30:53
673,2005-05-28 22:07:30,1769,468,2005-06-01 23:42:30,1,2006-02-16 02:30:53
674,2005-05-28 22:11:35,1150,87,2005-06-01 23:58:35,2,2006-02-16 02:30:53
675,2005-05-28 22:22:44,1273,338,2005-06-01 02:57:44,2,2006-02-16 02:30:53
676,2005-05-28 22:27:51,2329,490,2005-05-29 20:36:51,2,2006-02-16 02:30:53
677,2005-05-28 23:00:08,4558,194,2005-06-05 19:11:08,2,2006-02-16 02:30:53
678,2005-05-28 23:15:48,3741,269,2005-06-03 04:43:48,2,2006-02-16 02:30:53
679,2005-05-28 23:24:57,907,526,2005-06-06 21:59:57,2,2006-02-16 02:30:53
680,2005-05-28 23:27:26,4147,482,2005-06-02 02:28:26,2,2006-02-16 02:30:53
681,2005-05-28 23:39:44,3346,531,2005-06-01 01:42:44,1,2006-02-16 02:30:53
682,2005-05-28 23:53:18,3160,148,2005-05-29 19:14:18,2,2006-02-16 02:30:53
683,2005-05-29 00:09:48,2038,197,2005-06-02 04:27:48,1,2006-02-16 02:30:53
684,2005-05-29 00:13:15,3242,461,2005-06-04 21:26:15,2,2006-02-16 02:30:53
685,2005-05-29 00:17:51,1385,172,2005-06-05 05:32:51,2,2006-02-16 02:30:53
686,2005-05-29 00:27:10,2441,411,2005-05-30 02:29:10,1,2006-02-16 02:30:53
687,2005-05-29 00:32:09,1731,250,2005-05-31 23:53:09,1,2006-02-16 02:30:53
688,2005-05-29 00:45:24,4135,162,2005-06-02 01:30:24,1,2006-02-16 02:30:53
689,2005-05-29 00:46:53,742,571,2005-06-03 23:48:53,2,2006-02-16 02:30:53
690,2005-05-29 00:54:53,2646,85,2005-06-06 00:45:53,1,2006-02-16 02:30:53
691,2005-05-29 01:01:26,4034,433,2005-06-07 06:21:26,1,2006-02-16 02:30:53
692,2005-05-29 01:32:10,800,18,2005-06-02 03:54:10,2,2006-02-16 02:30:53
693,2005-05-29 01:42:31,635,190,2005-06-03 02:29:31,2,2006-02-16 02:30:53
694,2005-05-29 01:49:43,592,399,2005-06-05 06:52:43,1,2006-02-16 02:30:53
695,2005-05-29 01:50:53,4276,528,2005-06-03 02:28:53,1,2006-02-16 02:30:53
696,2005-05-29 01:59:10,2076,19,2005-06-01 02:45:10,1,2006-02-16 02:30:53
697,2005-05-29 02:04:04,3949,387,2005-06-04 00:47:04,2,2006-02-16 02:30:53
698,2005-05-29 02:10:52,1412,109,2005-06-01 21:52:52,1,2006-02-16 02:30:53
699,2005-05-29 02:11:44,130,246,2005-06-04 20:23:44,2,2006-02-16 02:30:53
700,2005-05-29 02:18:54,500,117,2005-05-30 05:54:54,1,2006-02-16 02:30:53
701,2005-05-29 02:26:27,372,112,2005-06-03 04:59:27,1,2006-02-16 02:30:53
702,2005-05-29 02:27:30,2556,475,2005-05-30 01:52:30,2,2006-02-16 02:30:53
703,2005-05-29 02:29:36,1123,269,2005-06-03 04:54:36,2,2006-02-16 02:30:53
704,2005-05-29 02:44:43,2628,330,2005-06-06 01:51:43,2,2006-02-16 02:30:53
705,2005-05-29 02:48:52,2809,257,2005-05-30 06:21:52,1,2006-02-16 02:30:53
706,2005-05-29 03:05:49,2278,60,2005-06-04 22:48:49,1,2006-02-16 02:30:53
707,2005-05-29 03:18:19,819,252,2005-05-30 02:45:19,1,2006-02-16 02:30:53
708,2005-05-29 03:23:47,3133,127,2005-05-31 21:27:47,2,2006-02-16 02:30:53
709,2005-05-29 03:48:01,2459,479,2005-06-06 05:21:01,1,2006-02-16 02:30:53
710,2005-05-29 03:48:36,194,518,2005-06-03 05:03:36,1,2006-02-16 02:30:53
711,2005-05-29 03:49:03,4581,215,2005-05-31 08:29:03,2,2006-02-16 02:30:53
712,2005-05-29 04:02:24,4191,313,2005-05-30 03:09:24,2,2006-02-16 02:30:53
713,2005-05-29 04:10:17,3664,507,2005-06-07 07:13:17,1,2006-02-16 02:30:53
714,2005-05-29 04:15:21,2010,452,2005-06-01 23:05:21,2,2006-02-16 02:30:53
715,2005-05-29 04:22:41,2030,545,2005-06-05 09:28:41,1,2006-02-16 02:30:53
716,2005-05-29 04:35:29,85,36,2005-06-01 07:42:29,2,2006-02-16 02:30:53
717,2005-05-29 04:37:44,1383,412,2005-05-30 05:48:44,2,2006-02-16 02:30:53
718,2005-05-29 04:52:23,1736,498,2005-06-02 02:27:23,1,2006-02-16 02:30:53
719,2005-05-29 05:16:05,267,245,2005-06-01 07:53:05,2,2006-02-16 02:30:53
720,2005-05-29 05:17:30,3687,480,2005-06-06 02:47:30,2,2006-02-16 02:30:53
721,2005-05-29 05:28:47,1116,44,2005-05-31 11:24:47,1,2006-02-16 02:30:53
722,2005-05-29 05:30:31,4540,259,2005-06-06 04:51:31,1,2006-02-16 02:30:53
723,2005-05-29 05:34:44,3407,309,2005-05-30 05:50:44,1,2006-02-16 02:30:53
724,2005-05-29 05:53:23,3770,416,2005-06-05 04:01:23,2,2006-02-16 02:30:53
725,2005-05-29 06:03:41,4088,245,2005-06-03 08:52:41,2,2006-02-16 02:30:53
726,2005-05-29 06:05:29,933,452,2005-06-05 04:40:29,2,2006-02-16 02:30:53
727,2005-05-29 06:08:15,1629,484,2005-05-30 07:16:15,1,2006-02-16 02:30:53
728,2005-05-29 06:12:38,242,551,2005-06-03 07:41:38,1,2006-02-16 02:30:53
729,2005-05-29 06:35:13,1688,323,2005-06-04 03:23:13,2,2006-02-16 02:30:53
730,2005-05-29 07:00:59,3473,197,2005-06-06 01:17:59,1,2006-02-16 02:30:53
731,2005-05-29 07:25:16,4124,5,2005-05-30 05:21:16,1,2006-02-16 02:30:53
732,2005-05-29 07:32:51,2530,447,2005-05-30 10:08:51,2,2006-02-16 02:30:53
733,2005-05-29 07:35:21,2951,363,2005-06-05 09:14:21,1,2006-02-16 02:30:53
734,2005-05-29 07:38:52,3084,538,2005-06-03 10:17:52,2,2006-02-16 02:30:53
735,2005-05-29 08:08:13,3421,454,2005-06-07 13:35:13,1,2006-02-16 02:30:53
736,2005-05-29 08:10:07,3689,276,2005-06-05 10:21:07,2,2006-02-16 02:30:53
737,2005-05-29 08:11:31,769,589,2005-06-04 11:18:31,2,2006-02-16 02:30:53
738,2005-05-29 08:20:08,2284,256,2005-06-06 08:59:08,2,2006-02-16 02:30:53
739,2005-05-29 08:28:18,1183,84,2005-06-06 09:21:18,2,2006-02-16 02:30:53
740,2005-05-29 08:30:36,600,89,2005-06-04 12:47:36,2,2006-02-16 02:30:53
741,2005-05-29 08:35:49,3189,495,2005-06-04 11:55:49,1,2006-02-16 02:30:53
742,2005-05-29 08:36:30,273,483,2005-06-05 11:30:30,1,2006-02-16 02:30:53
743,2005-05-29 08:39:02,2528,548,2005-06-06 08:42:02,2,2006-02-16 02:30:53
744,2005-05-29 09:13:08,3722,420,2005-06-01 07:05:08,2,2006-02-16 02:30:53
745,2005-05-29 09:22:57,581,152,2005-06-01 09:10:57,1,2006-02-16 02:30:53
746,2005-05-29 09:25:10,4272,130,2005-06-02 04:20:10,2,2006-02-16 02:30:53
747,2005-05-29 09:26:34,1993,291,2005-06-05 07:28:34,1,2006-02-16 02:30:53
748,2005-05-29 09:27:00,2803,7,2005-06-03 04:25:00,1,2006-02-16 02:30:53
749,2005-05-29 09:33:33,1146,375,2005-05-31 11:45:33,2,2006-02-16 02:30:53
750,2005-05-29 09:41:40,730,269,2005-05-30 13:31:40,1,2006-02-16 02:30:53
751,2005-05-29 09:55:43,2711,53,2005-06-02 04:54:43,1,2006-02-16 02:30:53
752,2005-05-29 10:14:15,1720,126,2005-06-04 06:30:15,1,2006-02-16 02:30:53
753,2005-05-29 10:16:42,1021,135,2005-06-05 08:52:42,2,2006-02-16 02:30:53
754,2005-05-29 10:18:59,734,281,2005-06-04 05:03:59,2,2006-02-16 02:30:53
755,2005-05-29 10:26:29,3090,576,2005-06-01 10:25:29,2,2006-02-16 02:30:53
756,2005-05-29 10:28:45,3152,201,2005-06-04 12:50:45,1,2006-02-16 02:30:53
757,2005-05-29 10:29:47,1067,435,2005-06-07 15:27:47,1,2006-02-16 02:30:53
758,2005-05-29 10:31:56,1191,563,2005-06-01 14:53:56,2,2006-02-16 02:30:53
759,2005-05-29 10:57:57,2367,179,2005-06-07 16:23:57,2,2006-02-16 02:30:53
760,2005-05-29 11:07:25,3250,77,2005-06-02 14:16:25,1,2006-02-16 02:30:53
761,2005-05-29 11:09:01,2342,58,2005-06-03 16:18:01,2,2006-02-16 02:30:53
762,2005-05-29 11:15:51,3683,146,2005-06-06 07:48:51,1,2006-02-16 02:30:53
763,2005-05-29 11:32:15,2022,50,2005-05-31 17:31:15,1,2006-02-16 02:30:53
764,2005-05-29 11:37:35,1069,149,2005-05-31 16:47:35,1,2006-02-16 02:30:53
765,2005-05-29 11:38:34,515,69,2005-06-02 17:04:34,1,2006-02-16 02:30:53
766,2005-05-29 11:47:02,2154,383,2005-06-06 07:14:02,1,2006-02-16 02:30:53
767,2005-05-29 12:20:19,687,67,2005-06-02 14:15:19,2,2006-02-16 02:30:53
768,2005-05-29 12:30:46,2895,566,2005-06-07 09:00:46,2,2006-02-16 02:30:53
769,2005-05-29 12:51:44,1523,575,2005-06-01 17:43:44,1,2006-02-16 02:30:53
770,2005-05-29 12:56:50,2491,405,2005-06-07 15:54:50,2,2006-02-16 02:30:53
771,2005-05-29 12:59:14,353,476,2005-06-01 16:05:14,2,2006-02-16 02:30:53
772,2005-05-29 13:08:06,3319,556,2005-06-06 08:19:06,1,2006-02-16 02:30:53
773,2005-05-29 13:18:05,245,563,2005-06-07 17:22:05,1,2006-02-16 02:30:53
774,2005-05-29 13:19:43,1188,575,2005-06-01 18:51:43,1,2006-02-16 02:30:53
775,2005-05-29 13:23:26,1197,124,2005-05-30 07:53:26,2,2006-02-16 02:30:53
776,2005-05-29 13:35:35,4339,113,2005-06-03 17:33:35,1,2006-02-16 02:30:53
777,2005-05-29 14:07:58,451,360,2005-06-03 08:41:58,2,2006-02-16 02:30:53
778,2005-05-29 14:09:53,1816,535,2005-06-05 20:05:53,1,2006-02-16 02:30:53
779,2005-05-29 14:17:17,533,105,2005-06-06 16:46:17,1,2006-02-16 02:30:53
780,2005-05-29 14:18:32,1919,300,2005-06-06 20:14:32,1,2006-02-16 02:30:53
781,2005-05-29 14:23:58,88,313,2005-05-30 17:44:58,1,2006-02-16 02:30:53
782,2005-05-29 14:38:57,2255,596,2005-06-02 13:18:57,2,2006-02-16 02:30:53
783,2005-05-29 14:41:18,3046,53,2005-06-06 10:39:18,2,2006-02-16 02:30:53
784,2005-05-29 14:44:22,2936,352,2005-06-01 17:28:22,2,2006-02-16 02:30:53
785,2005-05-29 15:08:41,39,72,2005-05-30 15:51:41,1,2006-02-16 02:30:53
786,2005-05-29 15:17:28,2637,439,2005-06-07 10:07:28,2,2006-02-16 02:30:53
787,2005-05-29 16:03:03,3919,27,2005-06-07 11:07:03,2,2006-02-16 02:30:53
788,2005-05-29 16:13:55,763,562,2005-05-31 16:40:55,1,2006-02-16 02:30:53
789,2005-05-29 16:17:07,708,553,2005-06-06 18:15:07,1,2006-02-16 02:30:53
790,2005-05-29 16:19:29,2858,593,2005-06-02 17:22:29,2,2006-02-16 02:30:53
791,2005-05-29 16:30:42,1554,284,2005-06-01 19:11:42,1,2006-02-16 02:30:53
792,2005-05-29 16:32:10,2841,261,2005-05-31 18:01:10,1,2006-02-16 02:30:53
793,2005-05-29 16:44:08,379,528,2005-06-06 19:21:08,2,2006-02-16 02:30:53
794,2005-05-29 16:44:11,1995,50,2005-06-05 16:11:11,1,2006-02-16 02:30:53
795,2005-05-29 16:57:39,609,551,2005-06-01 11:33:39,2,2006-02-16 02:30:53
796,2005-05-29 16:59:44,2697,26,2005-06-03 16:22:44,2,2006-02-16 02:30:53
797,2005-05-29 17:12:17,1446,244,2005-06-03 16:06:17,1,2006-02-16 02:30:53
798,2005-05-29 17:23:43,1102,134,2005-06-01 13:06:43,2,2006-02-16 02:30:53
799,2005-05-29 17:24:48,1713,429,2005-06-05 12:25:48,1,2006-02-16 02:30:53
800,2005-05-29 17:28:12,441,472,2005-05-30 14:59:12,1,2006-02-16 02:30:53
801,2005-05-29 17:35:50,1642,402,2005-06-04 17:05:50,2,2006-02-16 02:30:53
802,2005-05-29 17:38:59,785,350,2005-05-31 22:42:59,2,2006-02-16 02:30:53
803,2005-05-29 17:52:30,1602,32,2005-05-30 14:35:30,2,2006-02-16 02:30:53
804,2005-05-29 18:10:24,3909,171,2005-06-06 22:53:24,1,2006-02-16 02:30:53
805,2005-05-29 18:18:18,3132,232,2005-06-07 15:11:18,2,2006-02-16 02:30:53
806,2005-05-29 18:31:30,2386,435,2005-05-31 00:18:30,2,2006-02-16 02:30:53
807,2005-05-29 18:50:50,2195,235,2005-06-03 18:36:50,2,2006-02-16 02:30:53
808,2005-05-29 19:08:20,1928,104,2005-06-06 20:32:20,2,2006-02-16 02:30:53
809,2005-05-29 19:10:20,2114,222,2005-06-05 19:05:20,2,2006-02-16 02:30:53
810,2005-05-29 19:12:04,2533,346,2005-06-04 21:12:04,2,2006-02-16 02:30:53
811,2005-05-29 19:30:42,4419,401,2005-06-02 16:19:42,2,2006-02-16 02:30:53
812,2005-05-29 20:00:30,1099,225,2005-05-30 19:43:30,2,2006-02-16 02:30:53
813,2005-05-29 20:14:34,4554,344,2005-06-05 20:56:34,1,2006-02-16 02:30:53
814,2005-05-29 20:16:12,1572,134,2005-06-07 17:47:12,1,2006-02-16 02:30:53
815,2005-05-29 20:24:28,3757,14,2005-06-03 15:32:28,1,2006-02-16 02:30:53
816,2005-05-29 20:26:39,630,474,2005-06-06 22:31:39,2,2006-02-16 02:30:53
817,2005-05-29 20:39:14,186,554,2005-05-31 18:24:14,1,2006-02-16 02:30:53
818,2005-05-29 20:47:53,4106,321,2005-06-02 23:18:53,2,2006-02-16 02:30:53
819,2005-05-29 21:00:32,623,511,2005-06-02 15:15:32,2,2006-02-16 02:30:53
820,2005-05-29 21:07:22,2584,22,2005-06-07 00:22:22,2,2006-02-16 02:30:53
821,2005-05-29 21:31:12,3380,348,2005-06-04 22:49:12,1,2006-02-16 02:30:53
822,2005-05-29 21:36:00,2634,480,2005-06-07 17:24:00,1,2006-02-16 02:30:53
823,2005-05-29 21:39:37,3249,441,2005-05-30 22:06:37,1,2006-02-16 02:30:53
824,2005-05-29 21:45:32,3518,357,2005-05-31 19:01:32,1,2006-02-16 02:30:53
825,2005-05-29 21:49:41,712,371,2005-06-04 20:27:41,2,2006-02-16 02:30:53
826,2005-05-29 21:56:15,2263,207,2005-06-08 03:18:15,1,2006-02-16 02:30:53
827,2005-05-29 21:58:43,62,573,2005-06-06 00:54:43,1,2006-02-16 02:30:53
828,2005-05-29 22:14:55,2468,217,2005-05-30 17:22:55,1,2006-02-16 02:30:53
829,2005-05-29 22:16:42,1684,371,2005-06-06 01:38:42,1,2006-02-16 02:30:53
830,2005-05-29 22:43:55,3464,3,2005-06-01 17:43:55,1,2006-02-16 02:30:53
831,2005-05-29 22:50:25,3912,509,2005-06-06 02:27:25,1,2006-02-16 02:30:53
832,2005-05-29 22:51:20,1381,159,2005-06-07 17:37:20,2,2006-02-16 02:30:53
833,2005-05-29 23:21:56,2898,417,2005-06-02 18:40:56,1,2006-02-16 02:30:53
834,2005-05-29 23:24:30,3628,84,2005-05-30 22:00:30,2,2006-02-16 02:30:53
835,2005-05-29 23:37:00,299,381,2005-06-02 23:38:00,1,2006-02-16 02:30:53
836,2005-05-29 23:56:42,3140,368,2005-05-31 04:11:42,2,2006-02-16 02:30:53
837,2005-05-30 00:02:08,977,172,2005-06-02 05:31:08,2,2006-02-16 02:30:53
838,2005-05-30 00:27:57,2859,504,2005-06-06 22:19:57,2,2006-02-16 02:30:53
839,2005-05-30 00:28:12,1886,337,2005-06-08 02:43:12,1,2006-02-16 02:30:53
840,2005-05-30 00:28:41,4049,79,2005-05-31 20:39:41,2,2006-02-16 02:30:53
841,2005-05-30 00:31:17,4318,387,2005-06-02 19:14:17,1,2006-02-16 02:30:53
842,2005-05-30 00:32:04,2328,238,2005-06-01 02:21:04,1,2006-02-16 02:30:53
843,2005-05-30 00:44:24,2214,313,2005-05-31 00:58:24,2,2006-02-16 02:30:53
844,2005-05-30 00:58:20,536,429,2005-06-01 00:38:20,1,2006-02-16 02:30:53
845,2005-05-30 01:17:25,2001,72,2005-06-07 02:00:25,1,2006-02-16 02:30:53
846,2005-05-30 01:17:45,938,49,2005-06-01 00:56:45,2,2006-02-16 02:30:53
847,2005-05-30 01:18:15,4387,380,2005-06-06 20:20:15,2,2006-02-16 02:30:53
848,2005-05-30 01:19:53,1363,436,2005-06-05 23:40:53,1,2006-02-16 02:30:53
849,2005-05-30 01:23:07,2424,449,2005-06-07 01:50:07,1,2006-02-16 02:30:53
850,2005-05-30 01:35:12,2390,517,2005-05-31 01:51:12,1,2006-02-16 02:30:53
851,2005-05-30 01:35:15,2780,530,2005-06-06 07:27:15,1,2006-02-16 02:30:53
852,2005-05-30 01:36:57,1622,549,2005-06-01 22:44:57,1,2006-02-16 02:30:53
853,2005-05-30 01:43:31,3693,122,2005-06-01 02:05:31,1,2006-02-16 02:30:53
854,2005-05-30 01:56:11,921,369,2005-06-01 06:34:11,2,2006-02-16 02:30:53
855,2005-05-30 02:00:28,2527,406,2005-06-03 20:16:28,2,2006-02-16 02:30:53
856,2005-05-30 02:01:21,3969,53,2005-06-07 03:25:21,1,2006-02-16 02:30:53
857,2005-05-30 02:01:23,2569,204,2005-06-02 06:07:23,2,2006-02-16 02:30:53
858,2005-05-30 02:10:32,1258,358,2005-06-01 04:42:32,1,2006-02-16 02:30:53
859,2005-05-30 02:36:20,3032,79,2005-06-02 07:49:20,2,2006-02-16 02:30:53
860,2005-05-30 02:45:16,578,276,2005-06-08 07:28:16,1,2006-02-16 02:30:53
861,2005-05-30 02:48:32,3711,502,2005-06-06 05:43:32,1,2006-02-16 02:30:53
862,2005-05-30 03:09:11,1186,328,2005-06-03 21:27:11,1,2006-02-16 02:30:53
863,2005-05-30 03:14:59,3999,379,2005-06-05 04:34:59,2,2006-02-16 02:30:53
864,2005-05-30 03:27:17,2777,544,2005-06-06 08:28:17,1,2006-02-16 02:30:53
865,2005-05-30 03:39:44,3183,154,2005-06-07 08:10:44,2,2006-02-16 02:30:53
866,2005-05-30 03:43:54,2867,8,2005-06-08 04:28:54,1,2006-02-16 02:30:53
867,2005-05-30 03:54:43,3389,99,2005-06-01 22:59:43,1,2006-02-16 02:30:53
868,2005-05-30 04:19:55,3604,28,2005-05-31 02:28:55,1,2006-02-16 02:30:53
869,2005-05-30 04:22:06,3399,296,2005-06-03 09:18:06,2,2006-02-16 02:30:53
870,2005-05-30 04:25:47,2903,391,2005-06-06 04:32:47,1,2006-02-16 02:30:53
871,2005-05-30 05:01:30,4573,303,2005-06-04 06:22:30,2,2006-02-16 02:30:53
872,2005-05-30 05:03:04,3904,548,2005-06-06 10:35:04,1,2006-02-16 02:30:53
873,2005-05-30 05:15:20,4568,375,2005-06-07 00:49:20,2,2006-02-16 02:30:53
874,2005-05-30 05:36:21,363,52,2005-06-01 09:32:21,1,2006-02-16 02:30:53
875,2005-05-30 05:38:24,1428,326,2005-06-06 00:34:24,2,2006-02-16 02:30:53
876,2005-05-30 05:41:22,1471,339,2005-06-07 09:06:22,2,2006-02-16 02:30:53
877,2005-05-30 05:48:59,886,9,2005-06-02 09:30:59,1,2006-02-16 02:30:53
878,2005-05-30 05:49:13,4265,323,2005-06-07 04:35:13,1,2006-02-16 02:30:53
879,2005-05-30 05:49:42,4021,482,2005-06-05 01:45:42,2,2006-02-16 02:30:53
880,2005-05-30 06:12:33,1819,460,2005-06-02 04:35:33,2,2006-02-16 02:30:53
881,2005-05-30 06:15:36,602,242,2005-06-02 10:21:36,1,2006-02-16 02:30:53
882,2005-05-30 06:16:06,3841,477,2005-06-02 11:57:06,1,2006-02-16 02:30:53
883,2005-05-30 06:21:05,2271,399,2005-06-07 04:50:05,2,2006-02-16 02:30:53
884,2005-05-30 06:41:32,4079,17,2005-05-31 07:39:32,1,2006-02-16 02:30:53
885,2005-05-30 06:54:28,646,62,2005-06-03 07:03:28,2,2006-02-16 02:30:53
886,2005-05-30 06:54:51,4356,393,2005-06-01 06:04:51,2,2006-02-16 02:30:53
887,2005-05-30 07:10:00,2727,16,2005-06-01 06:48:00,2,2006-02-16 02:30:53
888,2005-05-30 07:13:14,387,128,2005-06-06 09:50:14,1,2006-02-16 02:30:53
889,2005-05-30 07:14:53,1299,114,2005-05-31 07:56:53,2,2006-02-16 02:30:53
890,2005-05-30 07:43:04,1464,349,2005-06-01 11:26:04,1,2006-02-16 02:30:53
891,2005-05-30 07:43:12,2611,391,2005-06-08 09:21:12,1,2006-02-16 02:30:53
892,2005-05-30 08:02:56,471,274,2005-06-05 12:51:56,1,2006-02-16 02:30:53
893,2005-05-30 08:06:59,3260,502,2005-06-07 08:23:59,2,2006-02-16 02:30:53
894,2005-05-30 08:31:31,1118,400,2005-06-07 12:39:31,1,2006-02-16 02:30:53
895,2005-05-30 08:50:43,2744,192,2005-06-05 10:58:43,1,2006-02-16 02:30:53
896,2005-05-30 09:03:52,2817,207,2005-06-05 07:37:52,2,2006-02-16 02:30:53
897,2005-05-30 09:10:01,1334,432,2005-06-08 03:43:01,1,2006-02-16 02:30:53
898,2005-05-30 09:26:19,3497,384,2005-06-01 10:45:19,2,2006-02-16 02:30:53
899,2005-05-30 09:29:30,1096,156,2005-06-06 12:39:30,2,2006-02-16 02:30:53
900,2005-05-30 09:38:41,3543,586,2005-06-07 11:54:41,1,2006-02-16 02:30:53
901,2005-05-30 09:40:40,760,259,2005-06-02 10:32:40,1,2006-02-16 02:30:53
902,2005-05-30 09:53:36,1514,561,2005-06-07 12:10:36,1,2006-02-16 02:30:53
903,2005-05-30 10:11:29,2423,197,2005-06-03 09:33:29,1,2006-02-16 02:30:53
904,2005-05-30 10:19:42,2466,44,2005-06-05 04:58:42,2,2006-02-16 02:30:53
905,2005-05-30 10:25:00,4372,50,2005-06-06 06:23:00,1,2006-02-16 02:30:53
906,2005-05-30 10:30:38,1862,549,2005-06-07 06:44:38,2,2006-02-16 02:30:53
907,2005-05-30 10:37:27,3320,506,2005-06-02 09:51:27,1,2006-02-16 02:30:53
908,2005-05-30 10:38:37,4427,85,2005-06-03 09:56:37,1,2006-02-16 02:30:53
909,2005-05-30 10:43:38,3775,486,2005-06-08 12:07:38,1,2006-02-16 02:30:53
910,2005-05-30 10:46:16,2601,374,2005-06-04 13:32:16,1,2006-02-16 02:30:53
911,2005-05-30 10:50:22,1404,366,2005-06-07 12:26:22,2,2006-02-16 02:30:53
912,2005-05-30 10:58:33,3200,390,2005-05-31 09:31:33,2,2006-02-16 02:30:53
913,2005-05-30 11:04:58,3213,369,2005-06-07 13:22:58,2,2006-02-16 02:30:53
914,2005-05-30 11:06:00,1393,596,2005-06-04 06:07:00,2,2006-02-16 02:30:53
915,2005-05-30 11:20:27,1859,115,2005-06-02 11:55:27,1,2006-02-16 02:30:53
916,2005-05-30 11:25:01,1290,6,2005-05-31 09:06:01,1,2006-02-16 02:30:53
917,2005-05-30 11:27:06,3629,385,2005-06-02 08:31:06,1,2006-02-16 02:30:53
918,2005-05-30 11:32:24,818,197,2005-05-31 07:55:24,2,2006-02-16 02:30:53
919,2005-05-30 11:35:06,4052,374,2005-06-02 13:16:06,2,2006-02-16 02:30:53
920,2005-05-30 11:44:01,3860,584,2005-06-02 08:19:01,2,2006-02-16 02:30:53
921,2005-05-30 11:53:09,1827,508,2005-06-03 10:00:09,2,2006-02-16 02:30:53
922,2005-05-30 11:55:55,2442,550,2005-06-08 10:12:55,2,2006-02-16 02:30:53
923,2005-05-30 11:58:50,1884,37,2005-06-05 09:57:50,1,2006-02-16 02:30:53
924,2005-05-30 12:10:59,3279,293,2005-06-04 17:28:59,1,2006-02-16 02:30:53
925,2005-05-30 12:13:52,3203,137,2005-06-02 14:41:52,2,2006-02-16 02:30:53
926,2005-05-30 12:15:54,4327,76,2005-06-01 08:53:54,2,2006-02-16 02:30:53
927,2005-05-30 12:16:40,1158,167,2005-05-31 16:20:40,2,2006-02-16 02:30:53
928,2005-05-30 12:27:14,246,79,2005-06-05 13:56:14,2,2006-02-16 02:30:53
929,2005-05-30 12:32:39,4296,536,2005-06-06 12:17:39,1,2006-02-16 02:30:53
930,2005-05-30 12:44:57,2835,141,2005-06-04 10:53:57,2,2006-02-16 02:30:53
931,2005-05-30 12:53:01,3384,421,2005-05-31 14:28:01,1,2006-02-16 02:30:53
932,2005-05-30 12:55:36,719,198,2005-05-31 10:30:36,2,2006-02-16 02:30:53
933,2005-05-30 13:08:45,3672,66,2005-06-01 18:56:45,1,2006-02-16 02:30:53
934,2005-05-30 13:24:46,3595,60,2005-06-08 16:44:46,2,2006-02-16 02:30:53
935,2005-05-30 13:29:36,2421,256,2005-06-02 11:08:36,1,2006-02-16 02:30:53
936,2005-05-30 13:52:49,901,469,2005-06-07 16:56:49,1,2006-02-16 02:30:53
937,2005-05-30 14:47:31,1054,304,2005-06-05 09:53:31,2,2006-02-16 02:30:53
938,2005-05-30 14:47:31,1521,46,2005-06-04 10:10:31,2,2006-02-16 02:30:53
939,2005-05-30 14:49:34,1314,367,2005-06-01 19:00:34,1,2006-02-16 02:30:53
940,2005-05-30 15:01:02,1278,534,2005-06-01 18:26:02,1,2006-02-16 02:30:53
941,2005-05-30 15:02:25,3630,562,2005-06-01 17:19:25,1,2006-02-16 02:30:53
942,2005-05-30 15:05:47,4279,473,2005-06-08 15:59:47,2,2006-02-16 02:30:53
943,2005-05-30 15:20:19,3737,57,2005-06-06 18:53:19,1,2006-02-16 02:30:53
944,2005-05-30 15:26:24,151,131,2005-06-07 18:09:24,2,2006-02-16 02:30:53
945,2005-05-30 15:33:17,1441,357,2005-06-02 15:02:17,2,2006-02-16 02:30:53
946,2005-05-30 15:35:08,1264,486,2005-06-08 11:38:08,1,2006-02-16 02:30:53
947,2005-05-30 15:36:57,4478,62,2005-06-04 18:48:57,1,2006-02-16 02:30:53
948,2005-05-30 15:44:27,585,245,2005-06-08 17:30:27,2,2006-02-16 02:30:53
949,2005-05-30 15:50:39,2202,368,2005-06-03 14:25:39,1,2006-02-16 02:30:53
950,2005-05-30 16:06:08,491,83,2005-06-01 11:43:08,1,2006-02-16 02:30:53
951,2005-05-30 16:10:35,1395,59,2005-05-31 19:01:35,2,2006-02-16 02:30:53
952,2005-05-30 16:28:07,4389,311,2005-06-02 16:12:07,2,2006-02-16 02:30:53
953,2005-05-30 16:34:02,2194,210,2005-05-31 20:34:02,1,2006-02-16 02:30:53
954,2005-05-30 16:57:29,1231,297,2005-06-08 13:30:29,2,2006-02-16 02:30:53
955,2005-05-30 16:59:03,4140,301,2005-05-31 11:58:03,2,2006-02-16 02:30:53
956,2005-05-30 17:30:28,647,296,2005-06-07 13:54:28,2,2006-02-16 02:30:53
957,2005-05-30 17:53:29,4428,440,2005-06-03 15:31:29,2,2006-02-16 02:30:53
958,2005-05-30 17:58:03,548,186,2005-06-01 19:17:03,2,2006-02-16 02:30:53
959,2005-05-30 18:07:00,3108,535,2005-06-02 14:37:00,2,2006-02-16 02:30:53
960,2005-05-30 18:13:23,1966,445,2005-06-04 00:12:23,2,2006-02-16 02:30:53
961,2005-05-30 18:16:44,3293,588,2005-06-04 23:40:44,2,2006-02-16 02:30:53
962,2005-05-30 18:45:17,4535,520,2005-06-05 22:47:17,1,2006-02-16 02:30:53
963,2005-05-30 18:52:53,1921,225,2005-06-07 16:19:53,2,2006-02-16 02:30:53
964,2005-05-30 18:53:21,657,287,2005-06-04 22:32:21,2,2006-02-16 02:30:53
965,2005-05-30 19:00:14,3363,502,2005-05-31 17:10:14,2,2006-02-16 02:30:53
966,2005-05-30 19:00:37,1294,496,2005-05-31 23:51:37,1,2006-02-16 02:30:53
967,2005-05-30 19:12:06,1954,330,2005-06-09 00:02:06,2,2006-02-16 02:30:53
968,2005-05-30 19:20:03,119,576,2005-05-31 18:17:03,2,2006-02-16 02:30:53
969,2005-05-30 19:23:48,443,551,2005-05-31 21:14:48,1,2006-02-16 02:30:53
970,2005-05-30 19:50:28,1520,307,2005-06-09 01:19:28,1,2006-02-16 02:30:53
971,2005-05-30 20:10:52,2911,561,2005-06-06 20:47:52,1,2006-02-16 02:30:53
972,2005-05-30 20:21:07,2,411,2005-06-06 00:36:07,1,2006-02-16 02:30:53
973,2005-05-30 20:27:45,1914,473,2005-06-08 22:47:45,2,2006-02-16 02:30:53
974,2005-05-30 20:28:42,2617,596,2005-06-08 23:45:42,2,2006-02-16 02:30:53
975,2005-05-30 21:07:15,3109,7,2005-06-03 01:48:15,2,2006-02-16 02:30:53
976,2005-05-30 21:11:19,2290,581,2005-06-06 02:16:19,2,2006-02-16 02:30:53
977,2005-05-30 21:22:26,2029,394,2005-06-04 22:32:26,2,2006-02-16 02:30:53
978,2005-05-30 21:30:52,407,154,2005-06-07 16:22:52,1,2006-02-16 02:30:53
979,2005-05-30 21:37:11,3917,279,2005-06-08 00:24:11,2,2006-02-16 02:30:53
980,2005-05-30 21:45:19,4169,273,2005-06-01 20:32:19,1,2006-02-16 02:30:53
981,2005-05-30 21:52:42,2913,326,2005-06-01 03:15:42,2,2006-02-16 02:30:53
982,2005-05-30 22:15:24,3560,524,2005-06-02 16:18:24,1,2006-02-16 02:30:53
983,2005-05-30 22:15:51,63,115,2005-06-02 22:56:51,1,2006-02-16 02:30:53
984,2005-05-30 22:17:17,2305,262,2005-06-01 20:15:17,2,2006-02-16 02:30:53
985,2005-05-30 22:18:35,1573,564,2005-06-04 23:36:35,1,2006-02-16 02:30:53
986,2005-05-30 22:22:52,4045,253,2005-06-01 02:24:52,1,2006-02-16 02:30:53
987,2005-05-30 22:59:12,390,11,2005-06-07 20:56:12,1,2006-02-16 02:30:53
988,2005-05-30 23:08:03,1364,12,2005-06-07 00:22:03,1,2006-02-16 02:30:53
989,2005-05-30 23:11:51,4388,83,2005-06-03 20:36:51,2,2006-02-16 02:30:53
990,2005-05-30 23:25:14,4171,311,2005-06-06 18:41:14,2,2006-02-16 02:30:53
991,2005-05-30 23:29:22,2863,593,2005-06-07 23:16:22,1,2006-02-16 02:30:53
992,2005-05-30 23:47:56,3572,123,2005-06-05 19:01:56,1,2006-02-16 02:30:53
993,2005-05-30 23:54:19,2080,513,2005-06-04 21:27:19,1,2006-02-16 02:30:53
994,2005-05-30 23:55:36,2798,472,2005-06-04 01:00:36,2,2006-02-16 02:30:53
995,2005-05-31 00:06:02,17,150,2005-06-06 02:30:02,2,2006-02-16 02:30:53
996,2005-05-31 00:06:20,2075,331,2005-05-31 21:29:20,2,2006-02-16 02:30:53
997,2005-05-31 00:08:25,4243,216,2005-06-02 00:17:25,2,2006-02-16 02:30:53
998,2005-05-31 00:16:57,3395,389,2005-06-01 22:41:57,1,2006-02-16 02:30:53
999,2005-05-31 00:25:10,4433,413,2005-06-03 06:05:10,2,2006-02-16 02:30:53
1000,2005-05-31 00:25:56,1774,332,2005-06-08 19:42:56,2,2006-02-16 02:30:53
1001,2005-05-31 00:46:31,1498,64,2005-06-06 06:14:31,2,2006-02-16 02:30:53
1002,2005-05-31 00:47:56,709,397,2005-06-06 19:51:56,1,2006-02-16 02:30:53
1003,2005-05-31 00:48:20,133,161,2005-06-02 04:53:20,2,2006-02-16 02:30:53
1004,2005-05-31 00:48:36,1588,565,2005-06-01 20:56:36,1,2006-02-16 02:30:53
1005,2005-05-31 00:53:25,4006,551,2005-06-04 01:21:25,2,2006-02-16 02:30:53
1006,2005-05-31 00:57:08,3461,222,2005-06-02 22:35:08,1,2006-02-16 02:30:53
1007,2005-05-31 01:02:28,3185,24,2005-06-07 01:36:28,2,2006-02-16 02:30:53
1008,2005-05-31 01:18:56,914,599,2005-06-01 01:24:56,2,2006-02-16 02:30:53
1009,2005-05-31 01:47:35,2523,485,2005-06-03 20:26:35,1,2006-02-16 02:30:53
1010,2005-05-31 01:57:32,4038,49,2005-06-01 06:50:32,2,2006-02-16 02:30:53
1011,2005-05-31 02:05:39,118,164,2005-06-04 21:27:39,2,2006-02-16 02:30:53
1012,2005-05-31 02:18:05,688,291,2005-06-03 06:47:05,1,2006-02-16 02:30:53
1013,2005-05-31 02:37:00,4522,384,2005-06-02 06:39:00,2,2006-02-16 02:30:53
1014,2005-05-31 02:39:16,766,280,2005-06-01 06:03:16,2,2006-02-16 02:30:53
1015,2005-05-31 02:44:57,3702,526,2005-06-07 23:01:57,2,2006-02-16 02:30:53
1016,2005-05-31 02:49:43,3423,204,2005-06-04 03:48:43,1,2006-02-16 02:30:53
1017,2005-05-31 02:53:36,1242,16,2005-06-03 05:04:36,1,2006-02-16 02:30:53
1018,2005-05-31 02:53:42,1930,594,2005-06-03 00:47:42,2,2006-02-16 02:30:53
1019,2005-05-31 03:05:07,3975,279,2005-06-03 08:34:07,1,2006-02-16 02:30:53
1020,2005-05-31 03:06:08,3402,138,2005-06-02 08:57:08,2,2006-02-16 02:30:53
1021,2005-05-31 03:16:15,2724,541,2005-06-08 06:43:15,2,2006-02-16 02:30:53
1022,2005-05-31 03:16:45,842,239,2005-06-08 09:04:45,1,2006-02-16 02:30:53
1023,2005-05-31 03:26:50,2483,227,2005-06-05 08:19:50,2,2006-02-16 02:30:53
1024,2005-05-31 03:30:19,2310,457,2005-06-09 05:52:19,2,2006-02-16 02:30:53
1025,2005-05-31 03:41:37,1618,93,2005-06-08 07:05:37,2,2006-02-16 02:30:53
1026,2005-05-31 03:45:26,632,107,2005-06-06 22:30:26,2,2006-02-16 02:30:53
1027,2005-05-31 03:46:19,2718,55,2005-06-09 03:50:19,1,2006-02-16 02:30:53
1028,2005-05-31 03:48:05,4479,51,2005-06-01 03:51:05,1,2006-02-16 02:30:53
1029,2005-05-31 03:52:02,2082,50,2005-06-06 08:10:02,1,2006-02-16 02:30:53
1030,2005-05-31 04:06:47,3948,267,2005-06-02 02:59:47,1,2006-02-16 02:30:53
1031,2005-05-31 04:23:01,917,416,2005-06-06 08:35:01,1,2006-02-16 02:30:53
1032,2005-05-31 04:28:43,2937,236,2005-06-02 02:00:43,2,2006-02-16 02:30:53
1033,2005-05-31 04:50:07,14,25,2005-06-02 01:53:07,1,2006-02-16 02:30:53
1034,2005-05-31 04:53:40,4117,293,2005-06-09 08:25:40,2,2006-02-16 02:30:53
1035,2005-05-31 05:01:09,949,362,2005-06-02 03:59:09,1,2006-02-16 02:30:53
1036,2005-05-31 05:21:10,2164,438,2005-06-04 04:19:10,1,2006-02-16 02:30:53
1037,2005-05-31 05:22:25,810,569,2005-06-09 04:52:25,1,2006-02-16 02:30:53
1038,2005-05-31 05:23:47,1253,385,2005-06-02 03:57:47,2,2006-02-16 02:30:53
1039,2005-05-31 05:32:29,2479,124,2005-06-01 06:04:29,2,2006-02-16 02:30:53
1040,2005-05-31 05:35:16,2546,270,2005-06-09 04:14:16,1,2006-02-16 02:30:53
1041,2005-05-31 05:46:23,4432,272,2005-06-06 09:50:23,2,2006-02-16 02:30:53
1042,2005-05-31 05:53:00,3155,506,2005-06-01 05:24:00,1,2006-02-16 02:30:53
1043,2005-05-31 06:11:40,2322,412,2005-06-08 09:15:40,2,2006-02-16 02:30:53
1044,2005-05-31 06:24:44,2574,70,2005-06-03 04:51:44,1,2006-02-16 02:30:53
1045,2005-05-31 06:29:01,3470,594,2005-06-09 04:31:01,1,2006-02-16 02:30:53
1046,2005-05-31 06:42:30,468,179,2005-06-03 04:33:30,2,2006-02-16 02:30:53
1047,2005-05-31 06:45:57,1366,72,2005-06-04 09:49:57,2,2006-02-16 02:30:53
1048,2005-05-31 06:49:53,2811,55,2005-06-02 11:33:53,1,2006-02-16 02:30:53
1049,2005-05-31 06:57:04,3913,312,2005-06-02 11:32:04,2,2006-02-16 02:30:53
1050,2005-05-31 07:01:27,726,303,2005-06-03 07:50:27,2,2006-02-16 02:30:53
1051,2005-05-31 07:02:09,1025,246,2005-06-03 01:32:09,1,2006-02-16 02:30:53
1052,2005-05-31 07:07:03,2157,156,2005-06-05 09:38:03,1,2006-02-16 02:30:53
1053,2005-05-31 07:12:44,3734,196,2005-06-04 12:33:44,1,2006-02-16 02:30:53
1054,2005-05-31 07:33:25,1575,126,2005-06-02 01:40:25,2,2006-02-16 02:30:53
1055,2005-05-31 07:47:18,1639,108,2005-06-03 01:57:18,1,2006-02-16 02:30:53
1056,2005-05-31 07:48:07,1591,519,2005-06-05 08:51:07,2,2006-02-16 02:30:53
1057,2005-05-31 07:58:06,497,124,2005-06-06 03:21:06,1,2006-02-16 02:30:53
1058,2005-05-31 08:04:17,40,116,2005-06-03 11:12:17,2,2006-02-16 02:30:53
1059,2005-05-31 08:20:43,3041,241,2005-06-04 09:05:43,2,2006-02-16 02:30:53
1060,2005-05-31 08:21:43,2676,570,2005-06-09 04:02:43,2,2006-02-16 02:30:53
1061,2005-05-31 08:27:58,965,109,2005-06-07 02:34:58,1,2006-02-16 02:30:53
1062,2005-05-31 08:38:20,2223,176,2005-06-09 08:23:20,2,2006-02-16 02:30:53
1063,2005-05-31 08:44:29,2484,7,2005-06-09 08:00:29,1,2006-02-16 02:30:53
1064,2005-05-31 08:50:07,2373,460,2005-06-02 14:47:07,2,2006-02-16 02:30:53
1065,2005-05-31 08:54:56,3379,316,2005-06-08 09:21:56,1,2006-02-16 02:30:53
1066,2005-05-31 09:07:33,2383,541,2005-06-09 05:34:33,2,2006-02-16 02:30:53
1067,2005-05-31 09:12:13,2345,32,2005-06-01 06:15:13,1,2006-02-16 02:30:53
1068,2005-05-31 09:32:15,150,443,2005-06-01 11:20:15,1,2006-02-16 02:30:53
1069,2005-05-31 09:32:31,3057,251,2005-06-08 10:19:31,2,2006-02-16 02:30:53
1070,2005-05-31 09:39:56,3170,228,2005-06-05 10:23:56,1,2006-02-16 02:30:53
1071,2005-05-31 09:48:56,469,174,2005-06-02 03:52:56,2,2006-02-16 02:30:53
1072,2005-05-31 09:52:50,2557,272,2005-06-05 05:39:50,1,2006-02-16 02:30:53
1073,2005-05-31 09:55:04,522,146,2005-06-07 03:55:04,1,2006-02-16 02:30:53
1074,2005-05-31 10:04:42,2508,503,2005-06-02 15:27:42,2,2006-02-16 02:30:53
1075,2005-05-31 10:13:34,2279,9,2005-06-09 08:11:34,1,2006-02-16 02:30:53
1076,2005-05-31 10:14:31,2551,214,2005-06-05 10:13:31,2,2006-02-16 02:30:53
1077,2005-05-31 10:22:54,1986,24,2005-06-02 12:21:54,1,2006-02-16 02:30:53
1078,2005-05-31 10:28:33,3682,230,2005-06-03 14:45:33,2,2006-02-16 02:30:53
1079,2005-05-31 10:48:17,268,312,2005-06-08 12:30:17,1,2006-02-16 02:30:53
1080,2005-05-31 10:55:26,3491,215,2005-06-03 13:13:26,2,2006-02-16 02:30:53
1081,2005-05-31 10:56:32,4524,404,2005-06-06 11:31:32,1,2006-02-16 02:30:53
1082,2005-05-31 11:02:01,4510,239,2005-06-05 08:43:01,1,2006-02-16 02:30:53
1083,2005-05-31 11:04:48,2393,556,2005-06-05 13:32:48,1,2006-02-16 02:30:53
1084,2005-05-31 11:10:17,4577,12,2005-06-01 11:15:17,1,2006-02-16 02:30:53
1085,2005-05-31 11:15:43,301,5,2005-06-07 12:02:43,1,2006-02-16 02:30:53
1086,2005-05-31 11:17:37,2909,549,2005-06-06 13:58:37,2,2006-02-16 02:30:53
1087,2005-05-31 11:18:08,431,169,2005-06-04 08:33:08,1,2006-02-16 02:30:53
1088,2005-05-31 11:35:13,3988,356,2005-06-06 16:01:13,2,2006-02-16 02:30:53
1089,2005-05-31 11:38:29,3784,367,2005-06-02 08:06:29,1,2006-02-16 02:30:53
1090,2005-05-31 12:03:44,3329,23,2005-06-02 15:54:44,2,2006-02-16 02:30:53
1091,2005-05-31 12:11:04,3853,251,2005-06-04 11:42:04,1,2006-02-16 02:30:53
1092,2005-05-31 12:15:57,4412,278,2005-06-03 15:39:57,2,2006-02-16 02:30:53
1093,2005-05-31 12:32:26,2189,214,2005-06-03 07:51:26,2,2006-02-16 02:30:53
1094,2005-05-31 13:03:49,3810,547,2005-06-05 14:30:49,2,2006-02-16 02:30:53
1095,2005-05-31 13:15:41,4546,252,2005-06-05 12:10:41,1,2006-02-16 02:30:53
1096,2005-05-31 13:30:49,1066,271,2005-06-09 13:53:49,1,2006-02-16 02:30:53
1097,2005-05-31 13:38:42,2285,491,2005-06-01 13:54:42,2,2006-02-16 02:30:53
1098,2005-05-31 13:51:48,1050,425,2005-06-09 18:42:48,2,2006-02-16 02:30:53
1099,2005-05-31 13:54:48,924,269,2005-06-05 13:04:48,2,2006-02-16 02:30:53
1100,2005-05-31 14:03:21,316,497,2005-06-06 16:08:21,1,2006-02-16 02:30:53
1101,2005-05-31 14:13:59,1174,260,2005-06-07 15:49:59,1,2006-02-16 02:30:53
1102,2005-05-31 14:20:29,2052,115,2005-06-04 17:38:29,2,2006-02-16 02:30:53
1103,2005-05-31 14:24:18,3154,353,2005-06-09 10:27:18,1,2006-02-16 02:30:53
1104,2005-05-31 14:30:01,1619,466,2005-06-05 12:07:01,1,2006-02-16 02:30:53
1105,2005-05-31 14:33:56,1708,26,2005-06-07 11:30:56,1,2006-02-16 02:30:53
1106,2005-05-31 14:36:52,4185,109,2005-06-01 14:33:52,2,2006-02-16 02:30:53
1107,2005-05-31 15:04:05,3449,53,2005-06-07 16:42:05,2,2006-02-16 02:30:53
1108,2005-05-31 15:05:12,2562,254,2005-06-09 19:48:12,2,2006-02-16 02:30:53
1109,2005-05-31 15:12:15,2031,481,2005-06-09 16:21:15,1,2006-02-16 02:30:53
1110,2005-05-31 15:22:51,2085,355,2005-06-07 14:32:51,1,2006-02-16 02:30:53
1111,2005-05-31 15:24:19,1137,300,2005-06-08 21:18:19,1,2006-02-16 02:30:53
1112,2005-05-31 15:51:39,2453,214,2005-06-03 14:04:39,1,2006-02-16 02:30:53
1113,2005-05-31 15:58:44,2078,451,2005-06-05 18:05:44,2,2006-02-16 02:30:53
1114,2005-05-31 16:00:33,2287,117,2005-06-01 19:05:33,1,2006-02-16 02:30:53
1115,2005-05-31 16:07:09,2140,109,2005-06-04 18:51:09,1,2006-02-16 02:30:53
1116,2005-05-31 16:10:46,1356,256,2005-06-01 20:27:46,2,2006-02-16 02:30:53
1117,2005-05-31 16:15:31,4125,189,2005-06-04 17:20:31,1,2006-02-16 02:30:53
1118,2005-05-31 16:23:02,213,510,2005-06-03 20:00:02,1,2006-02-16 02:30:53
1119,2005-05-31 16:34:27,4401,469,2005-06-02 10:54:27,1,2006-02-16 02:30:53
1120,2005-05-31 16:37:14,2897,361,2005-06-04 12:53:14,1,2006-02-16 02:30:53
1121,2005-05-31 16:37:36,1691,74,2005-06-06 21:02:36,1,2006-02-16 02:30:53
1122,2005-05-31 16:39:33,1392,180,2005-06-04 17:25:33,1,2006-02-16 02:30:53
1123,2005-05-31 16:48:43,142,448,2005-06-02 19:17:43,2,2006-02-16 02:30:53
1124,2005-05-31 16:49:34,4560,134,2005-06-04 19:32:34,2,2006-02-16 02:30:53
1125,2005-05-31 17:23:44,1172,234,2005-06-01 15:02:44,1,2006-02-16 02:30:53
1126,2005-05-31 17:27:45,2765,431,2005-06-04 20:06:45,2,2006-02-16 02:30:53
1127,2005-05-31 17:45:49,2412,387,2005-06-08 22:41:49,2,2006-02-16 02:30:53
1128,2005-05-31 17:49:26,1496,311,2005-06-05 19:51:26,2,2006-02-16 02:30:53
1129,2005-05-31 18:00:48,386,486,2005-06-04 23:05:48,1,2006-02-16 02:30:53
1130,2005-05-31 18:13:57,3186,124,2005-06-06 22:50:57,2,2006-02-16 02:30:53
1131,2005-05-31 18:44:19,2654,128,2005-06-01 20:13:19,1,2006-02-16 02:30:53
1132,2005-05-31 18:44:53,1763,198,2005-06-07 22:02:53,2,2006-02-16 02:30:53
1133,2005-05-31 19:12:21,4271,73,2005-06-02 20:12:21,1,2006-02-16 02:30:53
1134,2005-05-31 19:14:15,143,191,2005-06-02 17:13:15,2,2006-02-16 02:30:53
1135,2005-05-31 19:15:11,3118,122,2005-06-01 14:44:11,2,2006-02-16 02:30:53
1136,2005-05-31 19:19:36,3963,50,2005-06-09 16:04:36,2,2006-02-16 02:30:53
1137,2005-05-31 19:20:14,3259,351,2005-06-07 16:10:14,1,2006-02-16 02:30:53
1138,2005-05-31 19:30:27,3944,438,2005-06-05 21:42:27,1,2006-02-16 02:30:53
1139,2005-05-31 19:34:52,666,562,2005-06-06 17:40:52,1,2006-02-16 02:30:53
1140,2005-05-31 19:36:30,3731,10,2005-06-07 18:33:30,2,2006-02-16 02:30:53
1141,2005-05-31 19:42:02,4128,217,2005-06-07 00:59:02,2,2006-02-16 02:30:53
1142,2005-05-31 19:46:38,3998,5,2005-06-05 14:03:38,1,2006-02-16 02:30:53
1143,2005-05-31 19:53:03,2632,209,2005-06-06 20:56:03,2,2006-02-16 02:30:53
1144,2005-05-31 20:04:10,2450,207,2005-06-09 16:34:10,1,2006-02-16 02:30:53
1145,2005-05-31 20:13:45,1133,284,2005-06-08 02:10:45,1,2006-02-16 02:30:53
1146,2005-05-31 20:34:45,3134,250,2005-06-03 18:12:45,2,2006-02-16 02:30:53
1147,2005-05-31 20:37:52,622,259,2005-06-06 19:23:52,2,2006-02-16 02:30:53
1148,2005-05-31 20:38:40,3307,235,2005-06-02 18:35:40,2,2006-02-16 02:30:53
1149,2005-05-31 21:03:17,352,326,2005-06-08 19:58:17,2,2006-02-16 02:30:53
1150,2005-05-31 21:20:09,1632,136,2005-06-03 19:15:09,2,2006-02-16 02:30:53
1151,2005-05-31 21:29:00,1281,581,2005-06-03 23:24:00,1,2006-02-16 02:30:53
1152,2005-05-31 21:32:17,210,191,2005-06-04 21:07:17,2,2006-02-16 02:30:53
1153,2005-05-31 21:36:44,2725,506,2005-06-10 01:26:44,2,2006-02-16 02:30:53
1154,2005-05-31 21:42:09,2732,59,2005-06-08 16:40:09,1,2006-02-16 02:30:53
1155,2005-05-31 22:17:11,2048,251,2005-06-04 20:27:11,2,2006-02-16 02:30:53
1156,2005-05-31 22:37:34,460,106,2005-06-01 23:02:34,2,2006-02-16 02:30:53
1157,2005-05-31 22:47:45,1449,61,2005-06-02 18:01:45,1,2006-02-16 02:30:53
1158,2005-06-14 22:53:33,1632,416,2005-06-18 21:37:33,2,2006-02-16 02:30:53
1159,2005-06-14 22:55:13,4395,516,2005-06-17 02:11:13,1,2006-02-16 02:30:53
1160,2005-06-14 23:00:34,2795,239,2005-06-18 01:58:34,2,2006-02-16 02:30:53
1161,2005-06-14 23:07:08,1690,285,2005-06-21 17:12:08,1,2006-02-16 02:30:53
1162,2005-06-14 23:09:38,987,310,2005-06-23 22:00:38,1,2006-02-16 02:30:53
1163,2005-06-14 23:12:46,4209,592,2005-06-23 21:53:46,1,2006-02-16 02:30:53
1164,2005-06-14 23:16:26,3691,49,2005-06-16 21:00:26,1,2006-02-16 02:30:53
1165,2005-06-14 23:16:27,2855,264,2005-06-20 02:40:27,2,2006-02-16 02:30:53
1166,2005-06-14 23:17:03,2508,46,2005-06-15 20:43:03,1,2006-02-16 02:30:53
1167,2005-06-14 23:25:58,4021,323,2005-06-18 05:18:58,2,2006-02-16 02:30:53
1168,2005-06-14 23:35:09,4368,481,2005-06-19 03:20:09,1,2006-02-16 02:30:53
1169,2005-06-14 23:42:56,1062,139,2005-06-16 04:02:56,2,2006-02-16 02:30:53
1170,2005-06-14 23:47:35,2444,595,2005-06-17 05:28:35,2,2006-02-16 02:30:53
1171,2005-06-14 23:50:11,4082,284,2005-06-17 21:44:11,2,2006-02-16 02:30:53
1172,2005-06-14 23:54:34,2685,306,2005-06-16 02:26:34,1,2006-02-16 02:30:53
1173,2005-06-14 23:54:46,1050,191,2005-06-19 23:26:46,2,2006-02-16 02:30:53
1174,2005-06-15 00:12:51,2653,95,2005-06-21 02:10:51,2,2006-02-16 02:30:53
1175,2005-06-15 00:15:15,3255,197,2005-06-20 19:23:15,2,2006-02-16 02:30:53
1176,2005-06-15 00:28:37,2715,512,2005-06-21 21:42:37,1,2006-02-16 02:30:53
1177,2005-06-15 00:33:04,1897,210,2005-06-16 03:47:04,2,2006-02-16 02:30:53
1178,2005-06-15 00:36:40,2553,279,2005-06-21 00:27:40,2,2006-02-16 02:30:53
1179,2005-06-15 00:36:50,816,119,2005-06-22 22:09:50,1,2006-02-16 02:30:53
1180,2005-06-15 00:39:01,3119,432,2005-06-21 22:44:01,2,2006-02-16 02:30:53
1181,2005-06-15 00:42:17,2973,546,2005-06-19 03:36:17,2,2006-02-16 02:30:53
1182,2005-06-15 00:45:21,1061,196,2005-06-22 03:52:21,1,2006-02-16 02:30:53
1183,2005-06-15 00:49:19,706,329,2005-06-20 04:33:19,1,2006-02-16 02:30:53
1184,2005-06-15 00:49:36,473,295,2005-06-22 23:39:36,2,2006-02-16 02:30:53
1185,2005-06-15 00:54:12,2785,1,2005-06-23 02:42:12,2,2006-02-16 02:30:53
1186,2005-06-15 00:56:45,1556,368,2005-06-16 02:23:45,1,2006-02-16 02:30:53
1187,2005-06-15 00:58:50,1108,334,2005-06-23 02:19:50,1,2006-02-16 02:30:53
1188,2005-06-15 01:04:07,246,173,2005-06-19 03:48:07,1,2006-02-16 02:30:53
1189,2005-06-15 01:04:22,142,244,2005-06-24 06:48:22,1,2006-02-16 02:30:53
1190,2005-06-15 01:05:32,2572,370,2005-06-23 02:34:32,2,2006-02-16 02:30:53
1191,2005-06-15 01:10:35,2221,291,2005-06-17 20:36:35,2,2006-02-16 02:30:53
1192,2005-06-15 01:18:39,4134,186,2005-06-19 22:46:39,1,2006-02-16 02:30:53
1193,2005-06-15 01:24:20,4504,561,2005-06-21 02:29:20,2,2006-02-16 02:30:53
1194,2005-06-15 01:25:08,3774,402,2005-06-21 01:16:08,2,2006-02-16 02:30:53
1195,2005-06-15 01:37:38,2272,84,2005-06-17 21:50:38,1,2006-02-16 02:30:53
1196,2005-06-15 01:38:31,994,52,2005-06-18 06:55:31,1,2006-02-16 02:30:53
1197,2005-06-15 01:42:46,3812,349,2005-06-20 00:22:46,1,2006-02-16 02:30:53
1198,2005-06-15 01:48:58,1138,491,2005-06-20 01:07:58,2,2006-02-16 02:30:53
1199,2005-06-15 01:58:50,253,238,2005-06-16 20:30:50,2,2006-02-16 02:30:53
1200,2005-06-15 01:59:51,3329,516,2005-06-21 21:33:51,1,2006-02-16 02:30:53
1201,2005-06-15 02:06:28,2679,209,2005-06-16 21:38:28,2,2006-02-16 02:30:53
1202,2005-06-15 02:08:04,2821,451,2005-06-16 21:56:04,1,2006-02-16 02:30:53
1203,2005-06-15 02:09:02,2223,452,2005-06-21 00:04:02,1,2006-02-16 02:30:53
1204,2005-06-15 02:21:46,2450,249,2005-06-20 07:14:46,2,2006-02-16 02:30:53
1205,2005-06-15 02:25:56,470,340,2005-06-22 23:19:56,1,2006-02-16 02:30:53
1206,2005-06-15 02:27:07,1097,264,2005-06-18 22:46:07,2,2006-02-16 02:30:53
1207,2005-06-15 02:27:08,2277,430,2005-06-19 08:18:08,2,2006-02-16 02:30:53
1208,2005-06-15 02:30:03,750,376,2005-06-18 00:04:03,1,2006-02-16 02:30:53
1209,2005-06-15 02:31:12,1494,146,2005-06-21 07:39:12,1,2006-02-16 02:30:53
1210,2005-06-15 02:57:51,7,345,2005-06-20 01:41:51,2,2006-02-16 02:30:53
1211,2005-06-15 03:01:20,3360,122,2005-06-18 07:52:20,2,2006-02-16 02:30:53
1212,2005-06-15 03:03:33,3611,371,2005-06-17 06:31:33,1,2006-02-16 02:30:53
1213,2005-06-15 03:14:05,3191,94,2005-06-15 21:41:05,2,2006-02-16 02:30:53
1214,2005-06-15 03:18:40,4482,46,2005-06-20 07:32:40,1,2006-02-16 02:30:53
1215,2005-06-15 03:21:00,242,102,2005-06-19 03:39:00,1,2006-02-16 02:30:53
1216,2005-06-15 03:23:48,3973,100,2005-06-18 03:35:48,1,2006-02-16 02:30:53
1217,2005-06-15 03:24:14,600,203,2005-06-18 22:37:14,2,2006-02-16 02:30:53
1218,2005-06-15 03:24:44,239,371,2005-06-21 22:45:44,2,2006-02-16 02:30:53
1219,2005-06-15 03:25:59,3005,330,2005-06-20 00:37:59,1,2006-02-16 02:30:53
1220,2005-06-15 03:26:15,1621,290,2005-06-23 08:17:15,1,2006-02-16 02:30:53
1221,2005-06-15 03:35:16,2124,403,2005-06-18 03:11:16,1,2006-02-16 02:30:53
1222,2005-06-15 03:38:49,2799,168,2005-06-17 22:30:49,1,2006-02-16 02:30:53
1223,2005-06-15 03:38:53,1299,50,2005-06-20 01:00:53,2,2006-02-16 02:30:53
1224,2005-06-15 03:44:25,1572,369,2005-06-17 03:49:25,2,2006-02-16 02:30:53
1225,2005-06-15 03:45:35,1929,434,2005-06-19 02:03:35,1,2006-02-16 02:30:53
1226,2005-06-15 03:46:10,2290,409,2005-06-23 02:00:10,1,2006-02-16 02:30:53
1227,2005-06-15 03:50:03,654,428,2005-06-21 23:48:03,2,2006-02-16 02:30:53
1228,2005-06-15 03:50:36,4473,398,2005-06-17 22:41:36,1,2006-02-16 02:30:53
1229,2005-06-15 03:53:13,2140,468,2005-06-18 04:09:13,1,2006-02-16 02:30:53
1230,2005-06-15 04:04:09,2324,447,2005-06-16 02:21:09,1,2006-02-16 02:30:53
1231,2005-06-15 04:04:41,3003,302,2005-06-20 23:52:41,2,2006-02-16 02:30:53
1232,2005-06-15 04:18:10,2743,391,2005-06-17 06:02:10,2,2006-02-16 02:30:53
1233,2005-06-15 04:18:37,4214,550,2005-06-22 03:36:37,1,2006-02-16 02:30:53
1234,2005-06-15 04:21:52,709,529,2005-06-22 03:25:52,1,2006-02-16 02:30:53
1235,2005-06-15 04:31:28,1000,255,2005-06-22 10:08:28,1,2006-02-16 02:30:53
1236,2005-06-15 04:34:27,3182,66,2005-06-18 08:15:27,1,2006-02-16 02:30:53
1237,2005-06-15 04:44:10,3249,49,2005-06-23 07:00:10,2,2006-02-16 02:30:53
1238,2005-06-15 04:49:08,3534,205,2005-06-20 00:06:08,1,2006-02-16 02:30:53
1239,2005-06-15 04:53:01,3731,444,2005-06-16 07:03:01,1,2006-02-16 02:30:53
1240,2005-06-15 04:58:07,3841,28,2005-06-17 23:56:07,1,2006-02-16 02:30:53
1241,2005-06-15 04:59:43,4377,62,2005-06-24 03:32:43,2,2006-02-16 02:30:53
1242,2005-06-15 05:05:07,821,141,2005-06-22 04:57:07,1,2006-02-16 02:30:53
1243,2005-06-15 05:07:32,2629,107,2005-06-21 08:17:32,2,2006-02-16 02:30:53
1244,2005-06-15 05:08:40,1026,515,2005-06-20 10:41:40,1,2006-02-16 02:30:53
1245,2005-06-15 05:09:01,1314,234,2005-06-22 06:55:01,2,2006-02-16 02:30:53
1246,2005-06-15 05:11:19,431,357,2005-06-21 02:21:19,1,2006-02-16 02:30:53
1247,2005-06-15 05:16:40,4049,287,2005-06-23 11:01:40,1,2006-02-16 02:30:53
1248,2005-06-15 05:33:52,3878,544,2005-06-19 06:56:52,2,2006-02-16 02:30:53
1249,2005-06-15 05:38:09,2120,403,2005-06-22 10:29:09,1,2006-02-16 02:30:53
1250,2005-06-15 05:55:40,4360,38,2005-06-23 03:11:40,2,2006-02-16 02:30:53
1251,2005-06-15 05:58:55,3307,442,2005-06-23 02:45:55,2,2006-02-16 02:30:53
1252,2005-06-15 06:05:18,1147,89,2005-06-24 07:40:18,1,2006-02-16 02:30:53
1253,2005-06-15 06:06:33,3242,498,2005-06-21 04:13:33,2,2006-02-16 02:30:53
1254,2005-06-15 06:11:16,3986,571,2005-06-21 06:40:16,2,2006-02-16 02:30:53
1255,2005-06-15 06:13:45,1433,526,2005-06-16 03:59:45,2,2006-02-16 02:30:53
1256,2005-06-15 06:13:57,1437,470,2005-06-16 06:54:57,2,2006-02-16 02:30:53
1257,2005-06-15 06:15:36,1938,267,2005-06-21 01:04:36,2,2006-02-16 02:30:53
1258,2005-06-15 06:21:30,4530,320,2005-06-18 05:43:30,2,2006-02-16 02:30:53
1259,2005-06-15 06:37:55,4460,570,2005-06-23 04:02:55,2,2006-02-16 02:30:53
1260,2005-06-15 06:42:25,330,586,2005-06-16 10:44:25,2,2006-02-16 02:30:53
1261,2005-06-15 06:52:57,2447,95,2005-06-21 01:47:57,2,2006-02-16 02:30:53
1262,2005-06-15 06:54:53,4495,236,2005-06-22 08:09:53,2,2006-02-16 02:30:53
1263,2005-06-15 06:56:39,4144,540,2005-06-16 11:08:39,1,2006-02-16 02:30:53
1264,2005-06-15 06:59:39,4176,439,2005-06-18 08:10:39,2,2006-02-16 02:30:53
1265,2005-06-15 07:00:50,982,163,2005-06-19 12:27:50,1,2006-02-16 02:30:53
1266,2005-06-15 07:11:39,2230,96,2005-06-21 02:59:39,2,2006-02-16 02:30:53
1267,2005-06-15 07:21:21,4246,509,2005-06-17 08:12:21,2,2006-02-16 02:30:53
1268,2005-06-15 07:29:30,3641,142,2005-06-23 12:36:30,1,2006-02-16 02:30:53
1269,2005-06-15 07:29:59,108,59,2005-06-16 13:26:59,2,2006-02-16 02:30:53
1270,2005-06-15 07:30:22,62,395,2005-06-18 11:31:22,2,2006-02-16 02:30:53
1271,2005-06-15 07:32:24,379,560,2005-06-21 05:12:24,1,2006-02-16 02:30:53
1272,2005-06-15 07:42:58,3128,135,2005-06-18 12:00:58,1,2006-02-16 02:30:53
1273,2005-06-15 07:52:35,361,530,2005-06-21 04:55:35,1,2006-02-16 02:30:53
1274,2005-06-15 07:52:52,2765,430,2005-06-20 10:01:52,1,2006-02-16 02:30:53
1275,2005-06-15 07:55:43,950,214,2005-06-20 06:30:43,1,2006-02-16 02:30:53
1276,2005-06-15 08:00:13,1508,388,2005-06-24 02:55:13,2,2006-02-16 02:30:53
1277,2005-06-15 08:01:29,76,464,2005-06-22 07:16:29,2,2006-02-16 02:30:53
1278,2005-06-15 08:09:12,4471,191,2005-06-17 04:05:12,2,2006-02-16 02:30:53
1279,2005-06-15 08:13:57,698,183,2005-06-18 09:36:57,2,2006-02-16 02:30:53
1280,2005-06-15 08:16:06,2597,266,2005-06-21 04:10:06,2,2006-02-16 02:30:53
1281,2005-06-15 08:21:39,2963,511,2005-06-17 11:03:39,1,2006-02-16 02:30:53
1282,2005-06-15 08:25:33,186,539,2005-06-21 04:02:33,1,2006-02-16 02:30:53
1283,2005-06-15 08:27:30,3177,470,2005-06-16 09:46:30,2,2006-02-16 02:30:53
1284,2005-06-15 08:27:33,1387,463,2005-06-17 03:58:33,1,2006-02-16 02:30:53
1285,2005-06-15 08:33:06,1054,254,2005-06-19 07:36:06,1,2006-02-16 02:30:53
1286,2005-06-15 08:41:13,774,179,2005-06-23 13:13:13,2,2006-02-16 02:30:53
1287,2005-06-15 08:41:38,4204,104,2005-06-22 14:02:38,1,2006-02-16 02:30:53
1288,2005-06-15 08:41:52,830,456,2005-06-19 05:30:52,2,2006-02-16 02:30:53
1289,2005-06-15 08:44:09,3154,522,2005-06-21 06:04:09,1,2006-02-16 02:30:53
1290,2005-06-15 08:52:44,1921,540,2005-06-24 13:36:44,2,2006-02-16 02:30:53
1291,2005-06-15 08:55:01,3090,176,2005-06-24 04:22:01,1,2006-02-16 02:30:53
1292,2005-06-15 09:03:52,4535,178,2005-06-21 07:53:52,1,2006-02-16 02:30:53
1293,2005-06-15 09:06:24,2882,127,2005-06-18 06:58:24,1,2006-02-16 02:30:53
1294,2005-06-15 09:09:27,339,327,2005-06-19 04:43:27,1,2006-02-16 02:30:53
1295,2005-06-15 09:17:20,2897,449,2005-06-18 10:14:20,2,2006-02-16 02:30:53
1296,2005-06-15 09:23:59,1760,200,2005-06-19 03:44:59,2,2006-02-16 02:30:53
1297,2005-06-15 09:31:28,1075,4,2005-06-19 04:33:28,1,2006-02-16 02:30:53
1298,2005-06-15 09:32:53,4163,334,2005-06-16 12:40:53,2,2006-02-16 02:30:53
1299,2005-06-15 09:34:50,1584,91,2005-06-21 12:07:50,1,2006-02-16 02:30:53
1300,2005-06-15 09:36:19,2524,186,2005-06-17 13:54:19,2,2006-02-16 02:30:53
1301,2005-06-15 09:46:33,1484,33,2005-06-24 08:56:33,2,2006-02-16 02:30:53
1302,2005-06-15 09:48:37,324,285,2005-06-22 06:18:37,1,2006-02-16 02:30:53
1303,2005-06-15 09:55:57,2001,365,2005-06-20 14:26:57,2,2006-02-16 02:30:53
1304,2005-06-15 09:56:02,1304,242,2005-06-24 07:00:02,1,2006-02-16 02:30:53
1305,2005-06-15 09:59:16,187,8,2005-06-19 09:48:16,2,2006-02-16 02:30:53
1306,2005-06-15 09:59:24,2132,524,2005-06-19 09:37:24,2,2006-02-16 02:30:53
1307,2005-06-15 10:06:15,368,507,2005-06-20 04:50:15,2,2006-02-16 02:30:53
1308,2005-06-15 10:07:48,220,236,2005-06-24 15:24:48,1,2006-02-16 02:30:53
1309,2005-06-15 10:10:49,2356,200,2005-06-16 12:44:49,1,2006-02-16 02:30:53
1310,2005-06-15 10:11:42,2045,27,2005-06-16 15:00:42,1,2006-02-16 02:30:53
1311,2005-06-15 10:11:59,3114,326,2005-06-17 08:44:59,2,2006-02-16 02:30:53
1312,2005-06-15 10:16:27,3608,313,2005-06-20 06:53:27,1,2006-02-16 02:30:53
1313,2005-06-15 10:18:34,1657,448,2005-06-23 06:25:34,1,2006-02-16 02:30:53
1314,2005-06-15 10:21:45,1359,538,2005-06-21 14:10:45,1,2006-02-16 02:30:53
1315,2005-06-15 10:23:08,3844,405,2005-06-21 15:06:08,1,2006-02-16 02:30:53
1316,2005-06-15 10:26:23,3891,138,2005-06-21 09:25:23,2,2006-02-16 02:30:53
1317,2005-06-15 10:30:19,3696,316,2005-06-24 08:18:19,1,2006-02-16 02:30:53
1318,2005-06-15 10:34:26,2760,341,2005-06-20 16:20:26,1,2006-02-16 02:30:53
1319,2005-06-15 10:39:05,4296,190,2005-06-18 05:25:05,1,2006-02-16 02:30:53
1320,2005-06-15 10:42:13,4484,84,2005-06-17 13:44:13,1,2006-02-16 02:30:53
1321,2005-06-15 10:49:17,3516,204,2005-06-16 15:30:17,1,2006-02-16 02:30:53
1322,2005-06-15 10:55:09,2076,217,2005-06-18 15:14:09,2,2006-02-16 02:30:53
1323,2005-06-15 10:55:17,3273,187,2005-06-24 09:51:17,1,2006-02-16 02:30:53
1324,2005-06-15 11:02:45,764,394,2005-06-17 07:14:45,1,2006-02-16 02:30:53
1325,2005-06-15 11:03:24,52,193,2005-06-20 10:54:24,1,2006-02-16 02:30:53
1326,2005-06-15 11:07:39,59,548,2005-06-22 05:55:39,2,2006-02-16 02:30:53
1327,2005-06-15 11:11:39,403,539,2005-06-22 10:45:39,1,2006-02-16 02:30:53
1328,2005-06-15 11:23:27,3665,295,2005-06-19 12:42:27,2,2006-02-16 02:30:53
1329,2005-06-15 11:25:06,1154,359,2005-06-17 16:10:06,2,2006-02-16 02:30:53
1330,2005-06-15 11:29:17,1219,587,2005-06-24 13:36:17,2,2006-02-16 02:30:53
1331,2005-06-15 11:34:33,3089,277,2005-06-21 09:46:33,1,2006-02-16 02:30:53
1332,2005-06-15 11:36:01,1412,116,2005-06-17 14:29:01,1,2006-02-16 02:30:53
1333,2005-06-15 11:37:08,448,310,2005-06-16 10:13:08,2,2006-02-16 02:30:53
1334,2005-06-15 11:43:09,1242,269,2005-06-20 15:45:09,2,2006-02-16 02:30:53
1335,2005-06-15 11:51:30,1713,64,2005-06-16 16:42:30,2,2006-02-16 02:30:53
1336,2005-06-15 12:01:34,1696,290,2005-06-23 12:05:34,1,2006-02-16 02:30:53
1337,2005-06-15 12:12:42,4014,465,2005-06-20 12:38:42,2,2006-02-16 02:30:53
1338,2005-06-15 12:17:34,1206,25,2005-06-19 07:40:34,2,2006-02-16 02:30:53
1339,2005-06-15 12:21:56,424,162,2005-06-19 07:46:56,1,2006-02-16 02:30:53
1340,2005-06-15 12:24:15,251,100,2005-06-22 13:02:15,1,2006-02-16 02:30:53
1341,2005-06-15 12:26:18,3363,344,2005-06-21 07:26:18,2,2006-02-16 02:30:53
1342,2005-06-15 12:26:21,4429,427,2005-06-22 11:23:21,1,2006-02-16 02:30:53
1343,2005-06-15 12:27:19,2393,416,2005-06-21 16:57:19,1,2006-02-16 02:30:53
1344,2005-06-15 12:29:41,1625,585,2005-06-22 12:45:41,2,2006-02-16 02:30:53
1345,2005-06-15 12:32:13,1041,270,2005-06-24 14:02:13,1,2006-02-16 02:30:53
1346,2005-06-15 12:39:52,4540,585,2005-06-24 17:43:52,1,2006-02-16 02:30:53
1347,2005-06-15 12:43:43,374,190,2005-06-16 09:55:43,1,2006-02-16 02:30:53
1348,2005-06-15 12:45:30,2078,196,2005-06-17 17:12:30,1,2006-02-16 02:30:53
1349,2005-06-15 12:49:02,1131,267,2005-06-17 15:20:02,1,2006-02-16 02:30:53
1350,2005-06-15 12:50:25,4261,316,2005-06-23 11:35:25,1,2006-02-16 02:30:53
1351,2005-06-15 12:51:03,2364,484,2005-06-22 07:23:03,1,2006-02-16 02:30:53
1352,2005-06-15 12:58:27,4352,276,2005-06-18 10:57:27,1,2006-02-16 02:30:53
1353,2005-06-15 13:13:36,2711,480,2005-06-21 08:46:36,2,2006-02-16 02:30:53
1354,2005-06-15 13:13:49,1294,83,2005-06-23 13:08:49,2,2006-02-16 02:30:53
1355,2005-06-15 13:13:59,4203,499,2005-06-20 12:23:59,1,2006-02-16 02:30:53
1356,2005-06-15 13:17:01,1318,212,2005-06-19 16:22:01,1,2006-02-16 02:30:53
1357,2005-06-15 13:26:23,2285,205,2005-06-23 14:12:23,1,2006-02-16 02:30:53
1358,2005-06-15 13:28:48,2025,442,2005-06-21 13:40:48,1,2006-02-16 02:30:53
1359,2005-06-15 13:30:30,3140,353,2005-06-17 14:55:30,1,2006-02-16 02:30:53
1360,2005-06-15 13:32:15,4107,14,2005-06-18 10:59:15,2,2006-02-16 02:30:53
1361,2005-06-15 13:37:38,4338,115,2005-06-19 17:08:38,1,2006-02-16 02:30:53
1362,2005-06-15 13:53:32,4524,98,2005-06-19 16:05:32,1,2006-02-16 02:30:53
1363,2005-06-15 14:05:11,771,197,2005-06-17 19:53:11,2,2006-02-16 02:30:53
1364,2005-06-15 14:05:32,115,400,2005-06-16 15:31:32,1,2006-02-16 02:30:53
1365,2005-06-15 14:09:55,3813,25,2005-06-19 18:11:55,2,2006-02-16 02:30:53
1366,2005-06-15 14:21:00,4238,576,2005-06-24 17:36:00,1,2006-02-16 02:30:53
1367,2005-06-15 14:25:17,1505,94,2005-06-21 19:15:17,1,2006-02-16 02:30:53
1368,2005-06-15 14:27:47,2020,222,2005-06-23 18:07:47,2,2006-02-16 02:30:53
1369,2005-06-15 14:29:14,679,221,2005-06-16 13:01:14,1,2006-02-16 02:30:53
1370,2005-06-15 14:31:05,644,396,2005-06-22 19:23:05,2,2006-02-16 02:30:53
1371,2005-06-15 14:38:15,760,491,2005-06-23 15:36:15,1,2006-02-16 02:30:53
1372,2005-06-15 14:45:48,3740,108,2005-06-17 18:02:48,2,2006-02-16 02:30:53
1373,2005-06-15 14:48:04,284,51,2005-06-22 09:48:04,1,2006-02-16 02:30:53
1374,2005-06-15 14:49:54,3353,120,2005-06-22 12:30:54,1,2006-02-16 02:30:53
1375,2005-06-15 14:54:56,3555,500,2005-06-21 14:48:56,2,2006-02-16 02:30:53
1376,2005-06-15 14:59:06,4271,215,2005-06-19 17:34:06,1,2006-02-16 02:30:53
1377,2005-06-15 15:02:03,3410,245,2005-06-22 14:54:03,2,2006-02-16 02:30:53
1378,2005-06-15 15:03:15,4372,253,2005-06-19 16:50:15,1,2006-02-16 02:30:53
1379,2005-06-15 15:05:10,810,212,2005-06-18 12:11:10,1,2006-02-16 02:30:53
1380,2005-06-15 15:13:10,3376,158,2005-06-18 12:42:10,2,2006-02-16 02:30:53
1381,2005-06-15 15:17:21,3262,300,2005-06-20 17:07:21,2,2006-02-16 02:30:53
1382,2005-06-15 15:18:08,3133,455,2005-06-22 09:22:08,2,2006-02-16 02:30:53
1383,2005-06-15 15:20:06,1281,379,2005-06-24 18:42:06,2,2006-02-16 02:30:53
1384,2005-06-15 15:22:03,4242,242,2005-06-18 18:11:03,1,2006-02-16 02:30:53
1385,2005-06-15 15:28:23,4073,396,2005-06-18 18:37:23,1,2006-02-16 02:30:53
1386,2005-06-15 15:38:58,1296,322,2005-06-20 16:28:58,2,2006-02-16 02:30:53
1387,2005-06-15 15:40:56,515,278,2005-06-17 10:39:56,1,2006-02-16 02:30:53
1388,2005-06-15 15:48:41,3987,500,2005-06-22 17:51:41,1,2006-02-16 02:30:53
1389,2005-06-15 15:49:01,965,472,2005-06-19 11:08:01,2,2006-02-16 02:30:53
1390,2005-06-15 16:06:29,4502,254,2005-06-19 13:11:29,1,2006-02-16 02:30:53
1391,2005-06-15 16:11:21,4213,273,2005-06-22 21:32:21,1,2006-02-16 02:30:53
1392,2005-06-15 16:12:27,363,460,2005-06-16 17:30:27,2,2006-02-16 02:30:53
1393,2005-06-15 16:12:50,2767,177,2005-06-19 10:40:50,2,2006-02-16 02:30:53
1394,2005-06-15 16:17:21,2802,268,2005-06-21 20:44:21,2,2006-02-16 02:30:53
1395,2005-06-15 16:21:04,753,252,2005-06-23 12:52:04,2,2006-02-16 02:30:53
1396,2005-06-15 16:22:38,1007,103,2005-06-17 15:53:38,2,2006-02-16 02:30:53
1397,2005-06-15 16:25:26,1830,444,2005-06-21 20:45:26,1,2006-02-16 02:30:53
1398,2005-06-15 16:28:42,4402,527,2005-06-16 12:11:42,1,2006-02-16 02:30:53
1399,2005-06-15 16:29:51,1435,469,2005-06-18 14:06:51,1,2006-02-16 02:30:53
1400,2005-06-15 16:29:56,230,571,2005-06-21 14:43:56,2,2006-02-16 02:30:53
1401,2005-06-15 16:30:22,4081,366,2005-06-21 11:07:22,2,2006-02-16 02:30:53
1402,2005-06-15 16:31:08,1951,381,2005-06-24 19:31:08,1,2006-02-16 02:30:53
1403,2005-06-15 16:31:59,3380,546,2005-06-22 14:23:59,2,2006-02-16 02:30:53
1404,2005-06-15 16:38:53,2776,375,2005-06-16 20:37:53,1,2006-02-16 02:30:53
1405,2005-06-15 16:41:26,3184,243,2005-06-21 18:16:26,1,2006-02-16 02:30:53
1406,2005-06-15 16:44:00,3118,199,2005-06-21 11:22:00,2,2006-02-16 02:30:53
1407,2005-06-15 16:45:07,1286,89,2005-06-23 14:01:07,1,2006-02-16 02:30:53
1408,2005-06-15 16:57:58,2655,396,2005-06-22 21:08:58,1,2006-02-16 02:30:53
1409,2005-06-15 16:58:12,1398,297,2005-06-21 11:21:12,2,2006-02-16 02:30:53
1410,2005-06-15 16:59:46,809,356,2005-06-21 16:38:46,1,2006-02-16 02:30:53
1411,2005-06-15 17:05:36,2276,520,2005-06-21 14:05:36,1,2006-02-16 02:30:53
1412,2005-06-15 17:09:48,4236,166,2005-06-18 17:05:48,2,2006-02-16 02:30:53
1413,2005-06-15 17:25:07,3625,96,2005-06-21 17:17:07,2,2006-02-16 02:30:53
1414,2005-06-15 17:26:32,4005,304,2005-06-22 22:30:32,1,2006-02-16 02:30:53
1415,2005-06-15 17:31:57,1885,331,2005-06-16 22:22:57,2,2006-02-16 02:30:53
1416,2005-06-15 17:44:57,3816,167,2005-06-22 20:53:57,2,2006-02-16 02:30:53
1417,2005-06-15 17:45:51,1334,570,2005-06-19 14:00:51,2,2006-02-16 02:30:53
1418,2005-06-15 17:51:27,2974,591,2005-06-18 23:20:27,2,2006-02-16 02:30:53
1419,2005-06-15 17:54:50,1208,312,2005-06-17 19:44:50,2,2006-02-16 02:30:53
1420,2005-06-15 17:56:14,4149,255,2005-06-24 15:45:14,2,2006-02-16 02:30:53
1421,2005-06-15 17:57:04,2439,533,2005-06-21 20:38:04,2,2006-02-16 02:30:53
1422,2005-06-15 18:02:53,1021,1,2005-06-19 15:54:53,2,2006-02-16 02:30:53
1423,2005-06-15 18:08:12,1396,592,2005-06-24 19:13:12,1,2006-02-16 02:30:53
1424,2005-06-15 18:08:14,887,224,2005-06-24 23:16:14,2,2006-02-16 02:30:53
1425,2005-06-15 18:13:46,1308,108,2005-06-18 22:50:46,2,2006-02-16 02:30:53
1426,2005-06-15 18:16:24,4412,363,2005-06-18 22:15:24,2,2006-02-16 02:30:53
1427,2005-06-15 18:17:28,14,100,2005-06-16 15:47:28,1,2006-02-16 02:30:53
1428,2005-06-15 18:19:30,3689,583,2005-06-22 23:05:30,2,2006-02-16 02:30:53
1429,2005-06-15 18:24:10,4116,362,2005-06-18 16:30:10,1,2006-02-16 02:30:53
1430,2005-06-15 18:24:55,3412,194,2005-06-16 12:26:55,1,2006-02-16 02:30:53
1431,2005-06-15 18:26:29,3193,438,2005-06-21 17:33:29,1,2006-02-16 02:30:53
1432,2005-06-15 18:27:24,523,339,2005-06-21 14:03:24,2,2006-02-16 02:30:53
1433,2005-06-15 18:30:00,2310,88,2005-06-16 15:14:00,1,2006-02-16 02:30:53
1434,2005-06-15 18:30:46,4228,544,2005-06-24 17:51:46,1,2006-02-16 02:30:53
1435,2005-06-15 18:32:30,2769,510,2005-06-24 12:44:30,2,2006-02-16 02:30:53
1436,2005-06-15 18:35:40,924,584,2005-06-21 15:04:40,1,2006-02-16 02:30:53
1437,2005-06-15 18:37:04,3263,96,2005-06-20 12:56:04,1,2006-02-16 02:30:53
1438,2005-06-15 18:38:51,1816,82,2005-06-17 23:50:51,1,2006-02-16 02:30:53
1439,2005-06-15 18:45:32,3155,589,2005-06-22 15:57:32,2,2006-02-16 02:30:53
1440,2005-06-15 18:53:14,2921,26,2005-06-24 15:28:14,1,2006-02-16 02:30:53
1441,2005-06-15 18:54:21,2095,444,2005-06-22 22:48:21,2,2006-02-16 02:30:53
1442,2005-06-15 18:55:34,3912,122,2005-06-22 20:41:34,2,2006-02-16 02:30:53
1443,2005-06-15 18:57:51,2485,435,2005-06-18 14:18:51,2,2006-02-16 02:30:53
1444,2005-06-15 19:08:16,1303,539,2005-06-24 15:20:16,2,2006-02-16 02:30:53
1445,2005-06-15 19:10:07,3189,537,2005-06-19 20:27:07,2,2006-02-16 02:30:53
1446,2005-06-15 19:13:45,1989,506,2005-06-23 19:43:45,2,2006-02-16 02:30:53
1447,2005-06-15 19:13:51,984,471,2005-06-21 22:56:51,1,2006-02-16 02:30:53
1448,2005-06-15 19:17:16,2781,246,2005-06-23 21:56:16,2,2006-02-16 02:30:53
1449,2005-06-15 19:19:16,1525,471,2005-06-18 15:24:16,2,2006-02-16 02:30:53
1450,2005-06-15 19:22:08,4132,268,2005-06-16 17:53:08,2,2006-02-16 02:30:53
1451,2005-06-15 19:30:18,3560,18,2005-06-19 19:22:18,2,2006-02-16 02:30:53
1452,2005-06-15 19:32:52,4348,243,2005-06-16 13:45:52,1,2006-02-16 02:30:53
1453,2005-06-15 19:36:39,3274,457,2005-06-19 00:16:39,2,2006-02-16 02:30:53
1454,2005-06-15 19:49:41,102,298,2005-06-17 15:17:41,2,2006-02-16 02:30:53
1455,2005-06-15 19:51:06,2194,358,2005-06-18 21:54:06,2,2006-02-16 02:30:53
1456,2005-06-15 20:00:11,632,590,2005-06-23 18:03:11,2,2006-02-16 02:30:53
1457,2005-06-15 20:05:49,730,345,2005-06-19 15:35:49,1,2006-02-16 02:30:53
1458,2005-06-15 20:24:05,3546,178,2005-06-21 01:22:05,1,2006-02-16 02:30:53
1459,2005-06-15 20:25:53,1862,218,2005-06-22 23:34:53,2,2006-02-16 02:30:53
1460,2005-06-15 20:27:02,1405,565,2005-06-16 16:21:02,1,2006-02-16 02:30:53
1461,2005-06-15 20:32:08,4479,216,2005-06-23 01:08:08,1,2006-02-16 02:30:53
1462,2005-06-15 20:37:40,653,187,2005-06-18 19:36:40,2,2006-02-16 02:30:53
1463,2005-06-15 20:37:51,2984,569,2005-06-21 16:46:51,2,2006-02-16 02:30:53
1464,2005-06-15 20:38:14,4113,387,2005-06-17 14:52:14,2,2006-02-16 02:30:53
1465,2005-06-15 20:43:08,609,387,2005-06-18 23:00:08,1,2006-02-16 02:30:53
1466,2005-06-15 20:46:04,1057,288,2005-06-24 22:46:04,1,2006-02-16 02:30:53
1467,2005-06-15 20:47:10,688,506,2005-06-22 00:30:10,1,2006-02-16 02:30:53
1468,2005-06-15 20:48:22,228,230,2005-06-21 19:48:22,1,2006-02-16 02:30:53
1469,2005-06-15 20:52:36,2451,580,2005-06-21 19:55:36,1,2006-02-16 02:30:53
1470,2005-06-15 20:53:07,4044,11,2005-06-25 02:12:07,1,2006-02-16 02:30:53
1471,2005-06-15 20:53:26,565,428,2005-06-24 18:25:26,2,2006-02-16 02:30:53
1472,2005-06-15 20:54:55,4233,373,2005-06-24 21:52:55,2,2006-02-16 02:30:53
1473,2005-06-15 20:55:20,2377,249,2005-06-21 16:40:20,2,2006-02-16 02:30:53
1474,2005-06-15 20:55:42,164,202,2005-06-19 02:41:42,2,2006-02-16 02:30:53
1475,2005-06-15 21:08:01,1834,344,2005-06-18 22:33:01,2,2006-02-16 02:30:53
1476,2005-06-15 21:08:46,1407,1,2005-06-25 02:26:46,1,2006-02-16 02:30:53
1477,2005-06-15 21:11:18,418,51,2005-06-19 02:05:18,1,2006-02-16 02:30:53
1478,2005-06-15 21:12:13,435,336,2005-06-18 21:43:13,2,2006-02-16 02:30:53
1479,2005-06-15 21:13:38,172,592,2005-06-17 01:26:38,2,2006-02-16 02:30:53
1480,2005-06-15 21:17:17,2598,27,2005-06-23 22:01:17,1,2006-02-16 02:30:53
1481,2005-06-15 21:17:58,3041,125,2005-06-18 17:53:58,2,2006-02-16 02:30:53
1482,2005-06-15 21:18:16,3980,60,2005-06-16 17:07:16,1,2006-02-16 02:30:53
1483,2005-06-15 21:21:58,1926,242,2005-06-24 00:44:58,2,2006-02-16 02:30:53
1484,2005-06-15 21:22:35,1589,320,2005-06-20 02:27:35,2,2006-02-16 02:30:53
1485,2005-06-15 21:24:10,194,281,2005-06-24 23:03:10,1,2006-02-16 02:30:53
1486,2005-06-15 21:25:30,847,62,2005-06-16 16:36:30,1,2006-02-16 02:30:53
1487,2005-06-15 21:27:42,3791,76,2005-06-22 03:09:42,2,2006-02-16 02:30:53
1488,2005-06-15 21:39:54,1081,355,2005-06-16 20:33:54,1,2006-02-16 02:30:53
1489,2005-06-15 21:41:38,699,213,2005-06-22 17:00:38,1,2006-02-16 02:30:53
1490,2005-06-15 21:42:17,3515,123,2005-06-22 02:01:17,2,2006-02-16 02:30:53
1491,2005-06-15 21:48:18,848,354,2005-06-20 16:40:18,1,2006-02-16 02:30:53
1492,2005-06-15 21:48:35,4148,360,2005-06-17 17:18:35,1,2006-02-16 02:30:53
1493,2005-06-15 21:50:32,4581,235,2005-06-17 01:02:32,2,2006-02-16 02:30:53
1494,2005-06-15 21:54:20,244,575,2005-06-19 18:46:20,1,2006-02-16 02:30:53
1495,2005-06-15 21:54:31,1842,175,2005-06-19 00:08:31,2,2006-02-16 02:30:53
1496,2005-06-15 21:55:58,3915,290,2005-06-17 02:28:58,2,2006-02-16 02:30:53
1497,2005-06-15 21:56:39,2958,44,2005-06-20 20:32:39,1,2006-02-16 02:30:53
1498,2005-06-15 21:58:00,3690,352,2005-06-17 21:50:00,1,2006-02-16 02:30:53
1499,2005-06-15 21:58:07,165,375,2005-06-22 19:37:07,2,2006-02-16 02:30:53
1500,2005-06-15 22:00:45,2652,237,2005-06-18 16:19:45,2,2006-02-16 02:30:53
1501,2005-06-15 22:02:35,1780,148,2005-06-23 18:59:35,1,2006-02-16 02:30:53
1502,2005-06-15 22:03:14,3277,5,2005-06-23 18:42:14,2,2006-02-16 02:30:53
1503,2005-06-15 22:07:09,763,197,2005-06-20 23:15:09,1,2006-02-16 02:30:53
1504,2005-06-15 22:08:06,3621,423,2005-06-24 01:16:06,2,2006-02-16 02:30:53
1505,2005-06-15 22:12:50,2961,561,2005-06-17 21:37:50,2,2006-02-16 02:30:53
1506,2005-06-15 22:19:37,4085,404,2005-06-22 18:28:37,1,2006-02-16 02:30:53
1507,2005-06-15 22:25:26,2514,172,2005-06-19 17:00:26,1,2006-02-16 02:30:53
1508,2005-06-15 22:33:24,1141,511,2005-06-18 02:27:24,2,2006-02-16 02:30:53
1509,2005-06-15 22:35:53,655,167,2005-06-23 17:09:53,2,2006-02-16 02:30:53
1510,2005-06-15 22:39:34,989,338,2005-06-24 19:21:34,2,2006-02-16 02:30:53
1511,2005-06-15 22:45:06,1135,330,2005-06-22 22:48:06,1,2006-02-16 02:30:53
1512,2005-06-15 22:53:03,1628,452,2005-06-23 18:56:03,1,2006-02-16 02:30:53
1513,2005-06-15 22:53:30,1173,368,2005-06-23 01:00:30,1,2006-02-16 02:30:53
1514,2005-06-15 22:57:34,2937,410,2005-06-19 20:27:34,1,2006-02-16 02:30:53
1515,2005-06-15 23:07:50,3244,115,2005-06-20 02:33:50,2,2006-02-16 02:30:53
1516,2005-06-15 23:11:10,3702,530,2005-06-17 20:37:10,1,2006-02-16 02:30:53
1517,2005-06-15 23:20:26,3728,148,2005-06-23 23:23:26,1,2006-02-16 02:30:53
1518,2005-06-15 23:36:37,4537,237,2005-06-16 18:24:37,2,2006-02-16 02:30:53
1519,2005-06-15 23:55:27,1553,155,2005-06-21 04:06:27,2,2006-02-16 02:30:53
1520,2005-06-15 23:57:20,3419,341,2005-06-24 23:46:20,1,2006-02-16 02:30:53
1521,2005-06-15 23:58:53,4299,149,2005-06-18 03:10:53,1,2006-02-16 02:30:53
1522,2005-06-16 00:17:39,235,133,2005-06-22 05:38:39,1,2006-02-16 02:30:53
1523,2005-06-16 00:18:40,681,349,2005-06-17 02:50:40,2,2006-02-16 02:30:53
1524,2005-06-16 00:25:52,3439,177,2005-06-19 03:32:52,1,2006-02-16 02:30:53
1525,2005-06-16 00:26:07,1467,304,2005-06-19 22:37:07,2,2006-02-16 02:30:53
1526,2005-06-16 00:27:51,1940,499,2005-06-19 00:19:51,1,2006-02-16 02:30:53
1527,2005-06-16 00:31:40,296,188,2005-06-21 05:20:40,1,2006-02-16 02:30:53
1528,2005-06-16 00:32:52,4297,110,2005-06-25 01:07:52,2,2006-02-16 02:30:53
1529,2005-06-16 00:37:35,1688,362,2005-06-22 18:58:35,2,2006-02-16 02:30:53
1530,2005-06-16 00:38:07,2421,392,2005-06-24 02:45:07,2,2006-02-16 02:30:53
1531,2005-06-16 00:40:34,1388,515,2005-06-22 02:44:34,1,2006-02-16 02:30:53
1532,2005-06-16 00:41:31,3793,290,2005-06-20 21:36:31,1,2006-02-16 02:30:53
1533,2005-06-16 00:46:02,2452,116,2005-06-17 20:11:02,1,2006-02-16 02:30:53
1534,2005-06-16 00:49:32,3124,42,2005-06-18 02:41:32,1,2006-02-16 02:30:53
1535,2005-06-16 00:52:04,1096,202,2005-06-20 22:47:04,2,2006-02-16 02:30:53
1536,2005-06-16 00:52:22,3248,339,2005-06-17 21:43:22,1,2006-02-16 02:30:53
1537,2005-06-16 00:52:51,4577,594,2005-06-20 19:33:51,2,2006-02-16 02:30:53
1538,2005-06-16 01:05:50,708,430,2005-06-18 19:48:50,1,2006-02-16 02:30:53
1539,2005-06-16 01:11:25,267,390,2005-06-23 03:43:25,2,2006-02-16 02:30:53
1540,2005-06-16 01:14:56,2707,586,2005-06-20 23:31:56,2,2006-02-16 02:30:53
1541,2005-06-16 01:15:59,1911,189,2005-06-22 21:26:59,2,2006-02-16 02:30:53
1542,2005-06-16 01:20:05,1714,182,2005-06-22 03:59:05,1,2006-02-16 02:30:53
1543,2005-06-16 01:24:08,1188,28,2005-06-18 06:24:08,2,2006-02-16 02:30:53
1544,2005-06-16 01:28:22,269,43,2005-06-17 06:57:22,2,2006-02-16 02:30:53
1545,2005-06-16 01:31:23,762,563,2005-06-24 05:50:23,1,2006-02-16 02:30:53
1546,2005-06-16 01:34:05,3913,3,2005-06-24 04:27:05,1,2006-02-16 02:30:53
1547,2005-06-16 01:42:24,2909,343,2005-06-19 01:13:24,1,2006-02-16 02:30:53
1548,2005-06-16 01:43:33,2094,374,2005-06-23 22:04:33,2,2006-02-16 02:30:53
1549,2005-06-16 01:57:15,266,69,2005-06-18 23:30:15,1,2006-02-16 02:30:53
1550,2005-06-16 01:58:35,2003,345,2005-06-18 23:56:35,1,2006-02-16 02:30:53
1551,2005-06-16 02:01:15,4088,268,2005-06-22 07:33:15,1,2006-02-16 02:30:53
1552,2005-06-16 02:01:37,819,518,2005-06-21 00:59:37,2,2006-02-16 02:30:53
1553,2005-06-16 02:02:44,4026,416,2005-06-19 07:50:44,1,2006-02-16 02:30:53
1554,2005-06-16 02:16:47,715,155,2005-06-22 05:15:47,1,2006-02-16 02:30:53
1555,2005-06-16 02:17:07,4168,256,2005-06-22 06:28:07,1,2006-02-16 02:30:53
1556,2005-06-16 02:19:02,533,54,2005-06-17 22:36:02,2,2006-02-16 02:30:53
1557,2005-06-16 02:28:35,2617,439,2005-06-16 22:11:35,2,2006-02-16 02:30:53
1558,2005-06-16 02:33:53,4350,20,2005-06-19 20:50:53,2,2006-02-16 02:30:53
1559,2005-06-16 02:35:03,716,574,2005-06-19 21:22:03,1,2006-02-16 02:30:53
1560,2005-06-16 02:36:43,3418,239,2005-06-24 23:10:43,2,2006-02-16 02:30:53
1561,2005-06-16 02:41:30,2263,431,2005-06-22 05:19:30,1,2006-02-16 02:30:53
1562,2005-06-16 02:46:27,595,395,2005-06-23 00:56:27,2,2006-02-16 02:30:53
1563,2005-06-16 02:46:28,1516,262,2005-06-18 02:37:28,1,2006-02-16 02:30:53
1564,2005-06-16 02:47:07,145,343,2005-06-24 03:12:07,1,2006-02-16 02:30:53
1565,2005-06-16 03:13:09,3833,506,2005-06-16 22:42:09,2,2006-02-16 02:30:53
1566,2005-06-16 03:13:20,3215,174,2005-06-24 01:59:20,2,2006-02-16 02:30:53
1567,2005-06-16 03:13:30,3098,320,2005-06-21 23:56:30,1,2006-02-16 02:30:53
1568,2005-06-16 03:14:01,635,178,2005-06-19 21:17:01,2,2006-02-16 02:30:53
1569,2005-06-16 03:19:09,3927,363,2005-06-18 21:55:09,2,2006-02-16 02:30:53
1570,2005-06-16 03:21:33,3711,82,2005-06-22 22:03:33,2,2006-02-16 02:30:53
1571,2005-06-16 03:22:00,1019,54,2005-06-22 23:27:00,1,2006-02-16 02:30:53
1572,2005-06-16 03:23:22,4179,560,2005-06-20 06:03:22,2,2006-02-16 02:30:53
1573,2005-06-16 03:31:39,4536,371,2005-06-25 04:04:39,1,2006-02-16 02:30:53
1574,2005-06-16 03:39:56,161,305,2005-06-22 05:40:56,2,2006-02-16 02:30:53
1575,2005-06-16 03:41:38,3317,6,2005-06-22 03:01:38,2,2006-02-16 02:30:53
1576,2005-06-16 03:54:39,1014,442,2005-06-24 21:55:39,2,2006-02-16 02:30:53
1577,2005-06-16 04:03:28,367,327,2005-06-24 22:40:28,2,2006-02-16 02:30:53
1578,2005-06-16 04:08:16,3397,365,2005-06-23 07:57:16,1,2006-02-16 02:30:53
1579,2005-06-16 04:09:08,158,35,2005-06-21 05:21:08,2,2006-02-16 02:30:53
1580,2005-06-16 04:12:25,2479,87,2005-06-20 06:53:25,1,2006-02-16 02:30:53
1581,2005-06-16 04:28:45,4004,109,2005-06-18 07:07:45,1,2006-02-16 02:30:53
1582,2005-06-16 04:31:57,163,536,2005-06-22 01:25:57,1,2006-02-16 02:30:53
1583,2005-06-16 04:44:23,270,37,2005-06-18 03:44:23,1,2006-02-16 02:30:53
1584,2005-06-16 04:50:50,3545,434,2005-06-21 22:51:50,2,2006-02-16 02:30:53
1585,2005-06-16 04:51:13,1708,386,2005-06-24 00:23:13,2,2006-02-16 02:30:53
1586,2005-06-16 04:51:18,769,140,2005-06-21 06:54:18,2,2006-02-16 02:30:53
1587,2005-06-16 04:52:28,1781,62,2005-06-23 07:36:28,1,2006-02-16 02:30:53
1588,2005-06-16 04:53:21,4472,322,2005-06-25 07:29:21,2,2006-02-16 02:30:53
1589,2005-06-16 04:58:03,4307,293,2005-06-24 08:36:03,1,2006-02-16 02:30:53
1590,2005-06-16 05:11:41,3685,98,2005-06-23 10:11:41,1,2006-02-16 02:30:53
1591,2005-06-16 05:12:37,1648,83,2005-06-25 06:28:37,2,2006-02-16 02:30:53
1592,2005-06-16 05:14:37,3798,187,2005-06-20 10:52:37,2,2006-02-16 02:30:53
1593,2005-06-16 05:14:52,766,111,2005-06-24 08:00:52,2,2006-02-16 02:30:53
1594,2005-06-16 05:15:12,3858,470,2005-06-25 00:38:12,1,2006-02-16 02:30:53
1595,2005-06-16 05:23:46,1481,244,2005-06-20 00:37:46,1,2006-02-16 02:30:53
1596,2005-06-16 05:30:58,2552,416,2005-06-21 04:18:58,2,2006-02-16 02:30:53
1597,2005-06-16 05:47:03,743,432,2005-06-18 04:21:03,1,2006-02-16 02:30:53
1598,2005-06-16 06:02:39,4171,314,2005-06-23 09:09:39,1,2006-02-16 02:30:53
1599,2005-06-16 06:03:33,1476,215,2005-06-21 07:46:33,2,2006-02-16 02:30:53
1600,2005-06-16 06:04:12,2264,196,2005-06-19 09:39:12,2,2006-02-16 02:30:53
1601,2005-06-16 06:11:13,3115,428,2005-06-21 08:57:13,2,2006-02-16 02:30:53
1602,2005-06-16 06:12:40,1777,441,2005-06-19 03:50:40,2,2006-02-16 02:30:53
1603,2005-06-16 06:14:03,3308,395,2005-06-17 06:04:03,2,2006-02-16 02:30:53
1604,2005-06-16 06:14:25,3226,272,2005-06-17 03:53:25,2,2006-02-16 02:30:53
1605,2005-06-16 06:17:55,593,197,2005-06-25 01:25:55,1,2006-02-16 02:30:53
1606,2005-06-16 06:18:31,4290,253,2005-06-25 09:15:31,1,2006-02-16 02:30:53
1607,2005-06-16 06:25:35,3289,513,2005-06-20 02:50:35,2,2006-02-16 02:30:53
1608,2005-06-16 06:28:57,2581,386,2005-06-24 05:20:57,2,2006-02-16 02:30:53
1609,2005-06-16 06:34:59,2279,174,2005-06-17 09:41:59,2,2006-02-16 02:30:53
1610,2005-06-16 06:36:33,3551,534,2005-06-19 07:12:33,1,2006-02-16 02:30:53
1611,2005-06-16 06:41:35,1739,393,2005-06-25 06:13:35,2,2006-02-16 02:30:53
1612,2005-06-16 06:52:05,3025,355,2005-06-19 01:51:05,1,2006-02-16 02:30:53
1613,2005-06-16 06:55:10,4462,573,2005-06-24 12:08:10,1,2006-02-16 02:30:53
1614,2005-06-16 06:58:02,23,489,2005-06-23 11:24:02,1,2006-02-16 02:30:53
1615,2005-06-16 07:00:28,3894,362,2005-06-25 08:53:28,1,2006-02-16 02:30:53
1616,2005-06-16 07:04:52,2296,204,2005-06-24 04:06:52,1,2006-02-16 02:30:53
1617,2005-06-16 07:06:06,1382,83,2005-06-25 03:35:06,1,2006-02-16 02:30:53
1618,2005-06-16 07:08:38,3741,134,2005-06-25 05:26:38,2,2006-02-16 02:30:53
1619,2005-06-16 07:14:13,4258,232,2005-06-19 05:50:13,2,2006-02-16 02:30:53
1620,2005-06-16 07:21:30,389,561,2005-06-17 09:46:30,1,2006-02-16 02:30:53
1621,2005-06-16 07:24:12,3677,177,2005-06-19 02:35:12,1,2006-02-16 02:30:53
1622,2005-06-16 07:33:18,1774,311,2005-06-21 07:23:18,1,2006-02-16 02:30:53
1623,2005-06-16 07:48:50,4485,378,2005-06-17 03:53:50,2,2006-02-16 02:30:53
1624,2005-06-16 07:48:57,1066,314,2005-06-17 05:52:57,1,2006-02-16 02:30:53
1625,2005-06-16 07:49:08,3367,39,2005-06-24 09:08:08,2,2006-02-16 02:30:53
1626,2005-06-16 07:49:47,694,260,2005-06-22 13:32:47,2,2006-02-16 02:30:53
1627,2005-06-16 07:51:09,4135,468,2005-06-24 02:24:09,1,2006-02-16 02:30:53
1628,2005-06-16 07:52:55,868,427,2005-06-25 11:09:55,1,2006-02-16 02:30:53
1629,2005-06-16 07:53:47,4375,339,2005-06-22 13:03:47,1,2006-02-16 02:30:53
1630,2005-06-16 07:55:01,2413,130,2005-06-19 06:38:01,1,2006-02-16 02:30:53
1631,2005-06-16 08:01:02,2466,5,2005-06-19 09:04:02,1,2006-02-16 02:30:53
1632,2005-06-16 08:03:42,1518,319,2005-06-17 03:40:42,1,2006-02-16 02:30:53
1633,2005-06-16 08:08:40,280,4,2005-06-17 11:12:40,1,2006-02-16 02:30:53
1634,2005-06-16 08:16:05,3990,121,2005-06-17 04:49:05,1,2006-02-16 02:30:53
1635,2005-06-16 08:26:56,1187,566,2005-06-25 06:17:56,2,2006-02-16 02:30:53
1636,2005-06-16 08:28:54,2052,574,2005-06-24 09:23:54,1,2006-02-16 02:30:53
1637,2005-06-16 08:29:58,906,212,2005-06-23 04:55:58,2,2006-02-16 02:30:53
1638,2005-06-16 08:32:36,1905,181,2005-06-18 07:11:36,2,2006-02-16 02:30:53
1639,2005-06-16 08:33:39,176,450,2005-06-25 07:51:39,1,2006-02-16 02:30:53
1640,2005-06-16 08:35:39,443,86,2005-06-17 05:37:39,2,2006-02-16 02:30:53
1641,2005-06-16 08:46:26,2925,259,2005-06-24 14:39:26,2,2006-02-16 02:30:53
1642,2005-06-16 08:54:15,3875,287,2005-06-18 12:36:15,1,2006-02-16 02:30:53
1643,2005-06-16 08:55:35,1352,484,2005-06-21 05:36:35,2,2006-02-16 02:30:53
1644,2005-06-16 08:58:18,749,596,2005-06-21 06:47:18,1,2006-02-16 02:30:53
1645,2005-06-16 09:10:06,4434,234,2005-06-23 04:36:06,2,2006-02-16 02:30:53
1646,2005-06-16 09:12:53,4037,131,2005-06-24 08:03:53,2,2006-02-16 02:30:53
1647,2005-06-16 09:14:58,1936,454,2005-06-17 10:46:58,1,2006-02-16 02:30:53
1648,2005-06-16 09:17:07,457,427,2005-06-24 06:31:07,2,2006-02-16 02:30:53
1649,2005-06-16 09:20:33,390,352,2005-06-18 13:42:33,1,2006-02-16 02:30:53
1650,2005-06-16 09:23:20,4125,299,2005-06-23 11:25:20,1,2006-02-16 02:30:53
1651,2005-06-16 09:24:38,4444,524,2005-06-17 09:50:38,2,2006-02-16 02:30:53
1652,2005-06-16 09:31:37,3416,533,2005-06-19 14:02:37,2,2006-02-16 02:30:53
1653,2005-06-16 09:34:45,2294,517,2005-06-18 09:13:45,1,2006-02-16 02:30:53
1654,2005-06-16 09:42:48,1039,348,2005-06-20 14:28:48,2,2006-02-16 02:30:53
1655,2005-06-16 09:51:39,3693,488,2005-06-23 14:53:39,2,2006-02-16 02:30:53
1656,2005-06-16 10:05:40,2253,31,2005-06-22 06:26:40,1,2006-02-16 02:30:53
1657,2005-06-16 10:06:49,953,209,2005-06-22 10:34:49,2,2006-02-16 02:30:53
1658,2005-06-16 10:07:10,272,568,2005-06-21 09:23:10,2,2006-02-16 02:30:53
1659,2005-06-16 10:11:46,1182,296,2005-06-20 13:51:46,1,2006-02-16 02:30:53
1660,2005-06-16 10:12:55,2374,238,2005-06-18 05:56:55,2,2006-02-16 02:30:53
1661,2005-06-16 10:12:57,2403,508,2005-06-24 09:23:57,2,2006-02-16 02:30:53
1662,2005-06-16 10:13:35,3552,378,2005-06-23 13:54:35,1,2006-02-16 02:30:53
1663,2005-06-16 10:14:15,1558,186,2005-06-23 08:34:15,2,2006-02-16 02:30:53
1664,2005-06-16 10:15:20,2464,216,2005-06-18 12:11:20,2,2006-02-16 02:30:53
1665,2005-06-16 10:16:02,2613,490,2005-06-23 09:32:02,1,2006-02-16 02:30:53
1666,2005-06-16 10:17:19,4019,557,2005-06-21 05:50:19,1,2006-02-16 02:30:53
1667,2005-06-16 10:18:59,2362,333,2005-06-22 14:45:59,2,2006-02-16 02:30:53
1668,2005-06-16 10:19:52,2483,569,2005-06-23 12:22:52,2,2006-02-16 02:30:53
1669,2005-06-16 10:20:20,360,73,2005-06-18 04:26:20,1,2006-02-16 02:30:53
1670,2005-06-16 10:26:33,2066,328,2005-06-19 07:15:33,1,2006-02-16 02:30:53
1671,2005-06-16 10:30:22,3805,135,2005-06-22 11:08:22,2,2006-02-16 02:30:53
1672,2005-06-16 10:37:34,4206,216,2005-06-23 05:30:34,1,2006-02-16 02:30:53
1673,2005-06-16 10:40:17,907,534,2005-06-18 16:13:17,1,2006-02-16 02:30:53
1674,2005-06-16 10:57:00,3606,234,2005-06-18 07:31:00,2,2006-02-16 02:30:53
1675,2005-06-16 11:04:47,3048,371,2005-06-24 06:56:47,2,2006-02-16 02:30:53
1676,2005-06-16 11:06:09,931,171,2005-06-21 05:17:09,1,2006-02-16 02:30:53
1677,2005-06-16 11:07:11,240,191,2005-06-23 10:50:11,1,2006-02-16 02:30:53
1678,2005-06-16 11:08:28,1856,352,2005-06-19 15:44:28,1,2006-02-16 02:30:53
1679,2005-06-16 11:11:01,3959,227,2005-06-23 08:11:01,1,2006-02-16 02:30:53
1680,2005-06-16 11:17:22,4441,469,2005-06-25 15:55:22,2,2006-02-16 02:30:53
1681,2005-06-16 11:38:17,530,255,2005-06-19 13:05:17,1,2006-02-16 02:30:53
1682,2005-06-16 11:54:25,2165,476,2005-06-22 11:09:25,2,2006-02-16 02:30:53
1683,2005-06-16 11:54:55,2361,494,2005-06-18 08:51:55,2,2006-02-16 02:30:53
1684,2005-06-16 11:57:34,806,485,2005-06-19 09:12:34,1,2006-02-16 02:30:53
1685,2005-06-16 12:06:57,2754,85,2005-06-21 16:53:57,2,2006-02-16 02:30:53
1686,2005-06-16 12:08:20,3883,529,2005-06-20 10:59:20,1,2006-02-16 02:30:53
1687,2005-06-16 12:09:20,3686,140,2005-06-18 06:18:20,2,2006-02-16 02:30:53
1688,2005-06-16 12:11:20,383,49,2005-06-18 08:39:20,2,2006-02-16 02:30:53
1689,2005-06-16 12:18:41,4036,48,2005-06-24 13:33:41,2,2006-02-16 02:30:53
1690,2005-06-16 12:24:18,1099,286,2005-06-25 15:00:18,1,2006-02-16 02:30:53
1691,2005-06-16 12:24:28,4438,492,2005-06-24 08:24:28,1,2006-02-16 02:30:53
1692,2005-06-16 12:30:19,3544,514,2005-06-17 17:31:19,2,2006-02-16 02:30:53
1693,2005-06-16 12:39:51,2386,421,2005-06-19 16:19:51,2,2006-02-16 02:30:53
1694,2005-06-16 12:40:23,147,532,2005-06-20 09:18:23,2,2006-02-16 02:30:53
1695,2005-06-16 12:40:28,4436,159,2005-06-22 13:41:28,1,2006-02-16 02:30:53
1696,2005-06-16 12:50:01,3928,502,2005-06-24 12:08:01,2,2006-02-16 02:30:53
1697,2005-06-16 12:55:20,1801,340,2005-06-23 17:41:20,2,2006-02-16 02:30:53
1698,2005-06-16 13:04:42,1474,407,2005-06-21 15:54:42,1,2006-02-16 02:30:53
1699,2005-06-16 13:05:09,4507,27,2005-06-17 09:53:09,2,2006-02-16 02:30:53
1700,2005-06-16 13:18:23,4251,456,2005-06-21 16:46:23,2,2006-02-16 02:30:53
1701,2005-06-16 13:18:48,3000,315,2005-06-22 15:00:48,1,2006-02-16 02:30:53
1702,2005-06-16 13:21:05,1822,242,2005-06-19 10:13:05,2,2006-02-16 02:30:53
1703,2005-06-16 13:28:44,2346,589,2005-06-17 11:03:44,1,2006-02-16 02:30:53
1704,2005-06-16 13:45:56,4425,488,2005-06-24 18:12:56,1,2006-02-16 02:30:53
1705,2005-06-16 13:59:42,123,564,2005-06-18 19:54:42,2,2006-02-16 02:30:53
1706,2005-06-16 14:01:02,2935,26,2005-06-25 19:29:02,1,2006-02-16 02:30:53
1707,2005-06-16 14:01:27,185,4,2005-06-18 09:35:27,1,2006-02-16 02:30:53
1708,2005-06-16 14:08:44,2259,478,2005-06-19 08:35:44,1,2006-02-16 02:30:53
1709,2005-06-16 14:10:15,3501,426,2005-06-24 16:38:15,2,2006-02-16 02:30:53
1710,2005-06-16 14:11:24,144,77,2005-06-22 15:26:24,1,2006-02-16 02:30:53
1711,2005-06-16 14:11:52,273,347,2005-06-25 08:49:52,1,2006-02-16 02:30:53
1712,2005-06-16 14:25:09,1363,535,2005-06-17 17:55:09,1,2006-02-16 02:30:53
1713,2005-06-16 14:28:33,2580,164,2005-06-18 09:02:33,1,2006-02-16 02:30:53
1714,2005-06-16 14:29:59,535,477,2005-06-24 17:27:59,2,2006-02-16 02:30:53
1715,2005-06-16 14:37:12,1594,203,2005-06-20 19:36:12,1,2006-02-16 02:30:53
1716,2005-06-16 14:39:31,20,24,2005-06-19 15:37:31,1,2006-02-16 02:30:53
1717,2005-06-16 14:47:16,3007,277,2005-06-19 10:11:16,2,2006-02-16 02:30:53
1718,2005-06-16 14:52:02,288,516,2005-06-25 10:53:02,2,2006-02-16 02:30:53
1719,2005-06-16 14:55:53,2699,582,2005-06-18 14:12:53,1,2006-02-16 02:30:53
1720,2005-06-16 15:00:14,3500,543,2005-06-21 13:57:14,2,2006-02-16 02:30:53
1721,2005-06-16 15:01:36,3521,485,2005-06-23 10:48:36,1,2006-02-16 02:30:53
1722,2005-06-16 15:12:52,2142,364,2005-06-19 13:01:52,2,2006-02-16 02:30:53
1723,2005-06-16 15:14:18,2417,259,2005-06-23 15:45:18,2,2006-02-16 02:30:53
1724,2005-06-16 15:15:43,61,146,2005-06-23 10:14:43,2,2006-02-16 02:30:53
1725,2005-06-16 15:18:57,726,1,2005-06-17 21:05:57,1,2006-02-16 02:30:53
1726,2005-06-16 15:19:10,116,3,2005-06-25 11:39:10,2,2006-02-16 02:30:53
1727,2005-06-16 15:21:47,2951,457,2005-06-17 14:12:47,1,2006-02-16 02:30:53
1728,2005-06-16 15:29:29,1366,59,2005-06-23 12:47:29,1,2006-02-16 02:30:53
1729,2005-06-16 15:29:47,3364,523,2005-06-25 20:55:47,2,2006-02-16 02:30:53
1730,2005-06-16 15:30:01,1372,390,2005-06-19 12:56:01,1,2006-02-16 02:30:53
1731,2005-06-16 15:32:12,3698,344,2005-06-19 18:58:12,2,2006-02-16 02:30:53
1732,2005-06-16 15:34:41,2287,129,2005-06-18 13:05:41,1,2006-02-16 02:30:53
1733,2005-06-16 15:37:07,542,480,2005-06-23 15:53:07,2,2006-02-16 02:30:53
1734,2005-06-16 15:49:30,1113,94,2005-06-22 13:52:30,2,2006-02-16 02:30:53
1735,2005-06-16 15:51:52,97,4,2005-06-20 13:27:52,1,2006-02-16 02:30:53
1736,2005-06-16 15:52:32,3771,139,2005-06-21 14:39:32,2,2006-02-16 02:30:53
1737,2005-06-16 15:59:44,4029,467,2005-06-23 12:22:44,1,2006-02-16 02:30:53
1738,2005-06-16 16:07:27,3260,177,2005-06-20 15:22:27,1,2006-02-16 02:30:53
1739,2005-06-16 16:09:38,2557,450,2005-06-22 18:04:38,2,2006-02-16 02:30:53
1740,2005-06-16 16:29:00,2282,324,2005-06-20 14:07:00,2,2006-02-16 02:30:53
1741,2005-06-16 16:31:37,3722,176,2005-06-25 21:38:37,1,2006-02-16 02:30:53
1742,2005-06-16 16:37:48,2772,576,2005-06-17 19:47:48,2,2006-02-16 02:30:53
1743,2005-06-16 16:38:10,2777,258,2005-06-17 13:13:10,1,2006-02-16 02:30:53
1744,2005-06-16 16:39:58,3075,230,2005-06-18 19:50:58,2,2006-02-16 02:30:53
1745,2005-06-16 16:41:16,2812,178,2005-06-23 21:02:16,2,2006-02-16 02:30:53
1746,2005-06-16 16:41:19,4272,385,2005-06-19 11:28:19,2,2006-02-16 02:30:53
1747,2005-06-16 16:53:33,1661,273,2005-06-25 21:48:33,2,2006-02-16 02:30:53
1748,2005-06-16 16:54:03,2434,473,2005-06-18 20:11:03,1,2006-02-16 02:30:53
1749,2005-06-16 16:56:00,1554,283,2005-06-21 21:02:00,2,2006-02-16 02:30:53
1750,2005-06-16 16:57:36,1103,321,2005-06-25 21:51:36,1,2006-02-16 02:30:53
1751,2005-06-16 17:00:14,138,123,2005-06-17 12:12:14,2,2006-02-16 02:30:53
1752,2005-06-16 17:02:55,3529,12,2005-06-23 19:09:55,2,2006-02-16 02:30:53
1753,2005-06-16 17:08:17,3817,249,2005-06-21 21:47:17,2,2006-02-16 02:30:53
1754,2005-06-16 17:13:23,4106,25,2005-06-22 20:46:23,1,2006-02-16 02:30:53
1755,2005-06-16 17:18:44,1721,117,2005-06-17 16:54:44,1,2006-02-16 02:30:53
1756,2005-06-16 17:22:33,1401,571,2005-06-21 16:52:33,1,2006-02-16 02:30:53
1757,2005-06-16 17:32:24,4491,510,2005-06-18 13:12:24,1,2006-02-16 02:30:53
1758,2005-06-16 17:39:39,2654,474,2005-06-25 13:06:39,1,2006-02-16 02:30:53
1759,2005-06-16 17:46:37,1402,430,2005-06-24 19:40:37,2,2006-02-16 02:30:53
1760,2005-06-16 17:48:37,3929,261,2005-06-18 16:01:37,2,2006-02-16 02:30:53
1761,2005-06-16 17:49:57,1570,521,2005-06-17 21:03:57,2,2006-02-16 02:30:53
1762,2005-06-16 17:50:19,3050,116,2005-06-19 21:35:19,2,2006-02-16 02:30:53
1763,2005-06-16 17:51:01,1941,389,2005-06-20 17:27:01,1,2006-02-16 02:30:53
1764,2005-06-16 17:51:54,705,392,2005-06-21 20:36:54,2,2006-02-16 02:30:53
1765,2005-06-16 17:56:10,822,273,2005-06-19 23:40:10,2,2006-02-16 02:30:53
1766,2005-06-16 17:59:37,2041,118,2005-06-18 16:32:37,2,2006-02-16 02:30:53
1767,2005-06-16 18:01:36,1162,205,2005-06-18 12:39:36,2,2006-02-16 02:30:53
1768,2005-06-16 18:02:06,2131,131,2005-06-23 17:19:06,2,2006-02-16 02:30:53
1769,2005-06-16 18:07:48,1229,397,2005-06-22 12:39:48,1,2006-02-16 02:30:53
1770,2005-06-16 18:07:55,1681,359,2005-06-23 23:49:55,2,2006-02-16 02:30:53
1771,2005-06-16 18:12:17,1769,416,2005-06-18 16:11:17,1,2006-02-16 02:30:53
1772,2005-06-16 18:12:54,1269,525,2005-06-24 19:55:54,1,2006-02-16 02:30:53
1773,2005-06-16 18:13:43,4396,462,2005-06-24 17:43:43,2,2006-02-16 02:30:53
1774,2005-06-16 18:27:52,3058,442,2005-06-21 13:35:52,2,2006-02-16 02:30:53
1775,2005-06-16 18:28:19,1922,123,2005-06-25 13:09:19,2,2006-02-16 02:30:53
1776,2005-06-16 18:46:58,1404,472,2005-06-24 16:01:58,1,2006-02-16 02:30:53
1777,2005-06-16 18:52:12,3325,49,2005-06-25 13:55:12,1,2006-02-16 02:30:53
1778,2005-06-16 18:54:48,2512,341,2005-06-22 16:08:48,2,2006-02-16 02:30:53
1779,2005-06-16 18:55:11,1044,438,2005-06-17 20:11:11,1,2006-02-16 02:30:53
1780,2005-06-16 19:11:45,146,352,2005-06-19 15:34:45,2,2006-02-16 02:30:53
1781,2005-06-16 19:20:24,2841,429,2005-06-25 17:02:24,2,2006-02-16 02:30:53
1782,2005-06-16 19:21:12,1820,498,2005-06-22 16:03:12,2,2006-02-16 02:30:53
1783,2005-06-16 19:23:23,50,18,2005-06-18 00:57:23,1,2006-02-16 02:30:53
1784,2005-06-16 19:25:32,3792,134,2005-06-20 00:00:32,2,2006-02-16 02:30:53
1785,2005-06-16 19:27:12,3413,50,2005-06-24 19:25:12,1,2006-02-16 02:30:53
1786,2005-06-16 19:30:54,263,323,2005-06-19 14:24:54,1,2006-02-16 02:30:53
1787,2005-06-16 19:30:59,3823,546,2005-06-21 18:25:59,2,2006-02-16 02:30:53
1788,2005-06-16 19:47:18,3794,357,2005-06-22 23:10:18,1,2006-02-16 02:30:53
1789,2005-06-16 19:49:18,4264,105,2005-06-23 17:07:18,2,2006-02-16 02:30:53
1790,2005-06-16 19:58:40,1070,158,2005-06-17 19:31:40,2,2006-02-16 02:30:53
1791,2005-06-16 20:04:28,301,76,2005-06-23 22:30:28,1,2006-02-16 02:30:53
1792,2005-06-16 20:04:50,3800,351,2005-06-26 00:57:50,1,2006-02-16 02:30:53
1793,2005-06-16 20:07:27,4356,230,2005-06-19 20:55:27,1,2006-02-16 02:30:53
1794,2005-06-16 20:08:37,497,452,2005-06-22 01:54:37,1,2006-02-16 02:30:53
1795,2005-06-16 20:09:01,536,56,2005-06-24 17:50:01,2,2006-02-16 02:30:53
1796,2005-06-16 20:10:43,3229,283,2005-06-20 19:12:43,1,2006-02-16 02:30:53
1797,2005-06-16 20:13:03,3435,275,2005-06-22 22:56:03,1,2006-02-16 02:30:53
1798,2005-06-16 20:16:15,1654,429,2005-06-20 22:23:15,2,2006-02-16 02:30:53
1799,2005-06-16 20:17:20,2847,505,2005-06-20 23:55:20,1,2006-02-16 02:30:53
1800,2005-06-16 20:18:46,2058,149,2005-06-20 17:12:46,1,2006-02-16 02:30:53
1801,2005-06-16 20:21:53,1015,10,2005-06-18 23:18:53,1,2006-02-16 02:30:53
1802,2005-06-16 20:23:30,4174,455,2005-06-21 20:02:30,1,2006-02-16 02:30:53
1803,2005-06-16 20:32:47,3784,127,2005-06-21 02:03:47,1,2006-02-16 02:30:53
1804,2005-06-16 20:33:15,1152,570,2005-06-18 02:31:15,2,2006-02-16 02:30:53
1805,2005-06-16 20:36:00,3962,208,2005-06-17 16:27:00,1,2006-02-16 02:30:53
1806,2005-06-16 20:41:57,2053,45,2005-06-18 19:25:57,2,2006-02-16 02:30:53
1807,2005-06-16 20:58:59,1174,338,2005-06-20 21:31:59,2,2006-02-16 02:30:53
1808,2005-06-16 20:59:35,2424,466,2005-06-24 15:31:35,1,2006-02-16 02:30:53
1809,2005-06-16 21:00:20,1071,517,2005-06-25 20:25:20,1,2006-02-16 02:30:53
1810,2005-06-16 21:06:00,2368,7,2005-06-21 21:24:00,1,2006-02-16 02:30:53
1811,2005-06-16 21:06:20,3700,235,2005-06-21 21:59:20,2,2006-02-16 02:30:53
1812,2005-06-16 21:08:46,751,37,2005-06-21 15:44:46,2,2006-02-16 02:30:53
1813,2005-06-16 21:11:00,1236,259,2005-06-24 15:30:00,1,2006-02-16 02:30:53
1814,2005-06-16 21:15:22,39,144,2005-06-23 17:00:22,1,2006-02-16 02:30:53
1815,2005-06-16 21:16:07,1551,84,2005-06-17 16:37:07,2,2006-02-16 02:30:53
1816,2005-06-16 21:20:41,2861,594,2005-06-18 02:21:41,1,2006-02-16 02:30:53
1817,2005-06-16 21:20:52,1354,574,2005-06-19 16:24:52,2,2006-02-16 02:30:53
1818,2005-06-16 21:30:34,1218,63,2005-06-20 03:27:34,2,2006-02-16 02:30:53
1819,2005-06-16 21:32:50,1689,386,2005-06-26 01:11:50,1,2006-02-16 02:30:53
1820,2005-06-16 21:34:50,3672,120,2005-06-20 16:50:50,1,2006-02-16 02:30:53
1821,2005-06-16 21:42:49,3207,468,2005-06-20 16:25:49,2,2006-02-16 02:30:53
1822,2005-06-16 21:43:45,674,86,2005-06-17 21:37:45,1,2006-02-16 02:30:53
1823,2005-06-16 21:48:16,3871,448,2005-06-22 03:09:16,1,2006-02-16 02:30:53
1824,2005-06-16 21:51:04,2269,575,2005-06-18 18:12:04,1,2006-02-16 02:30:53
1825,2005-06-16 21:53:05,2908,55,2005-06-20 17:22:05,2,2006-02-16 02:30:53
1826,2005-06-16 21:53:52,421,578,2005-06-25 18:46:52,2,2006-02-16 02:30:53
1827,2005-06-16 21:54:40,3804,423,2005-06-19 21:28:40,2,2006-02-16 02:30:53
1828,2005-06-16 22:04:34,316,68,2005-06-20 21:07:34,2,2006-02-16 02:30:53
1829,2005-06-16 22:14:21,617,293,2005-06-21 16:51:21,1,2006-02-16 02:30:53
1830,2005-06-16 22:18:43,4010,499,2005-06-23 21:14:43,2,2006-02-16 02:30:53
1831,2005-06-16 22:22:17,2610,383,2005-06-25 23:23:17,2,2006-02-16 02:30:53
1832,2005-06-16 22:35:20,500,220,2005-06-19 03:09:20,1,2006-02-16 02:30:53
1833,2005-06-16 22:45:03,1337,121,2005-06-20 22:02:03,2,2006-02-16 02:30:53
1834,2005-06-16 22:49:08,4018,189,2005-06-22 21:08:08,1,2006-02-16 02:30:53
1835,2005-06-16 23:05:36,1482,112,2005-06-19 04:46:36,1,2006-02-16 02:30:53
1836,2005-06-16 23:13:05,2753,176,2005-06-24 01:40:05,2,2006-02-16 02:30:53
1837,2005-06-16 23:16:15,1259,309,2005-06-21 21:54:15,1,2006-02-16 02:30:53
1838,2005-06-16 23:20:16,513,31,2005-06-20 02:34:16,1,2006-02-16 02:30:53
1839,2005-06-16 23:22:22,2750,223,2005-06-23 00:33:22,1,2006-02-16 02:30:53
1840,2005-06-16 23:39:34,340,404,2005-06-21 23:36:34,1,2006-02-16 02:30:53
1841,2005-06-16 23:44:13,2363,6,2005-06-22 04:09:13,1,2006-02-16 02:30:53
1842,2005-06-16 23:45:59,1472,426,2005-06-26 05:31:59,1,2006-02-16 02:30:53
1843,2005-06-16 23:53:42,2714,132,2005-06-22 18:33:42,2,2006-02-16 02:30:53
1844,2005-06-16 23:53:53,2307,454,2005-06-22 02:19:53,2,2006-02-16 02:30:53
1845,2005-06-16 23:56:11,3395,215,2005-06-19 01:41:11,2,2006-02-16 02:30:53
1846,2005-06-17 00:02:44,1725,422,2005-06-18 23:47:44,2,2006-02-16 02:30:53
1847,2005-06-17 00:05:22,1189,363,2005-06-20 21:09:22,1,2006-02-16 02:30:53
1848,2005-06-17 00:07:07,3797,526,2005-06-21 21:41:07,2,2006-02-16 02:30:53
1849,2005-06-17 00:13:19,2507,341,2005-06-23 18:37:19,2,2006-02-16 02:30:53
1850,2005-06-17 00:31:35,761,517,2005-06-25 05:19:35,1,2006-02-16 02:30:53
1851,2005-06-17 00:32:26,1121,451,2005-06-22 19:54:26,2,2006-02-16 02:30:53
1852,2005-06-17 00:38:20,4122,271,2005-06-22 20:04:20,2,2006-02-16 02:30:53
1853,2005-06-17 00:39:54,2949,301,2005-06-19 00:22:54,2,2006-02-16 02:30:53
1854,2005-06-17 00:43:57,119,37,2005-06-23 05:49:57,1,2006-02-16 02:30:53
1855,2005-06-17 00:54:58,4457,492,2005-06-20 19:29:58,1,2006-02-16 02:30:53
1856,2005-06-17 01:02:00,3034,161,2005-06-19 21:29:00,2,2006-02-16 02:30:53
1857,2005-06-17 01:12:58,4257,427,2005-06-21 04:49:58,1,2006-02-16 02:30:53
1858,2005-06-17 01:13:11,3200,99,2005-06-18 21:33:11,2,2006-02-16 02:30:53
1859,2005-06-17 01:13:38,3405,533,2005-06-18 03:13:38,1,2006-02-16 02:30:53
1860,2005-06-17 01:17:12,1853,293,2005-06-21 22:35:12,1,2006-02-16 02:30:53
1861,2005-06-17 01:17:31,135,454,2005-06-25 02:11:31,1,2006-02-16 02:30:53
1862,2005-06-17 01:29:30,3299,553,2005-06-25 20:43:30,1,2006-02-16 02:30:53
1863,2005-06-17 01:31:46,4466,550,2005-06-26 02:09:46,2,2006-02-16 02:30:53
1864,2005-06-17 01:39:47,1815,130,2005-06-24 19:39:47,2,2006-02-16 02:30:53
1865,2005-06-17 01:49:36,2657,526,2005-06-23 21:13:36,1,2006-02-16 02:30:53
1866,2005-06-17 01:53:19,2579,575,2005-06-19 06:14:19,2,2006-02-16 02:30:53
1867,2005-06-17 02:01:37,3537,415,2005-06-25 04:52:37,2,2006-02-16 02:30:53
1868,2005-06-17 02:03:22,2412,380,2005-06-25 04:38:22,1,2006-02-16 02:30:53
1869,2005-06-17 02:08:00,871,351,2005-06-19 21:43:00,1,2006-02-16 02:30:53
1870,2005-06-17 02:24:36,895,191,2005-06-17 23:04:36,2,2006-02-16 02:30:53
1871,2005-06-17 02:25:12,481,204,2005-06-23 03:16:12,2,2006-02-16 02:30:53
1872,2005-06-17 02:27:03,3596,206,2005-06-20 22:41:03,2,2006-02-16 02:30:53
1873,2005-06-17 02:38:28,2933,71,2005-06-23 04:39:28,1,2006-02-16 02:30:53
1874,2005-06-17 02:39:20,3884,30,2005-06-24 04:41:20,2,2006-02-16 02:30:53
1875,2005-06-17 02:45:10,1652,528,2005-06-22 22:54:10,2,2006-02-16 02:30:53
1876,2005-06-17 02:50:51,384,459,2005-06-18 07:21:51,1,2006-02-16 02:30:53
1877,2005-06-17 02:54:16,3404,261,2005-06-25 21:51:16,2,2006-02-16 02:30:53
1878,2005-06-17 02:55:32,3319,381,2005-06-21 03:44:32,1,2006-02-16 02:30:53
1879,2005-06-17 02:57:34,3983,343,2005-06-19 00:00:34,1,2006-02-16 02:30:53
1880,2005-06-17 03:08:59,1133,289,2005-06-19 07:16:59,1,2006-02-16 02:30:53
1881,2005-06-17 03:09:56,159,134,2005-06-18 01:49:56,1,2006-02-16 02:30:53
1882,2005-06-17 03:17:21,1400,47,2005-06-19 22:23:21,2,2006-02-16 02:30:53
1883,2005-06-17 03:18:51,3504,550,2005-06-18 05:46:51,1,2006-02-16 02:30:53
1884,2005-06-17 03:19:20,4567,305,2005-06-21 00:19:20,1,2006-02-16 02:30:53
1885,2005-06-17 03:35:59,740,588,2005-06-21 05:57:59,2,2006-02-16 02:30:53
1886,2005-06-17 03:36:02,2367,505,2005-06-19 08:12:02,2,2006-02-16 02:30:53
1887,2005-06-17 03:53:18,3591,32,2005-06-25 07:37:18,2,2006-02-16 02:30:53
1888,2005-06-17 03:58:36,2872,405,2005-06-22 09:28:36,1,2006-02-16 02:30:53
1889,2005-06-17 04:05:12,3909,572,2005-06-26 04:13:12,1,2006-02-16 02:30:53
1890,2005-06-17 04:06:13,1764,447,2005-06-22 07:46:13,2,2006-02-16 02:30:53
1891,2005-06-17 04:16:44,3576,109,2005-06-24 07:20:44,1,2006-02-16 02:30:53
1892,2005-06-17 04:17:33,139,319,2005-06-20 00:06:33,1,2006-02-16 02:30:53
1893,2005-06-17 04:18:37,3346,390,2005-06-23 23:35:37,2,2006-02-16 02:30:53
1894,2005-06-17 04:18:48,3707,204,2005-06-26 00:07:48,1,2006-02-16 02:30:53
1895,2005-06-17 04:25:12,680,30,2005-06-26 08:44:12,1,2006-02-16 02:30:53
1896,2005-06-17 04:25:46,2077,270,2005-06-26 09:37:46,1,2006-02-16 02:30:53
1897,2005-06-17 04:26:23,4142,422,2005-06-25 09:32:23,2,2006-02-16 02:30:53
1898,2005-06-17 04:28:11,2873,143,2005-06-25 07:04:11,2,2006-02-16 02:30:53
1899,2005-06-17 04:29:15,858,200,2005-06-26 08:39:15,1,2006-02-16 02:30:53
1900,2005-06-17 04:29:58,1425,34,2005-06-21 05:58:58,1,2006-02-16 02:30:53
1901,2005-06-17 04:35:19,2469,292,2005-06-25 06:09:19,2,2006-02-16 02:30:53
1902,2005-06-17 04:35:52,2905,479,2005-06-20 06:52:52,2,2006-02-16 02:30:53
1903,2005-06-17 04:37:20,1939,588,2005-06-26 09:05:20,2,2006-02-16 02:30:53
1904,2005-06-17 04:45:41,2472,87,2005-06-17 23:56:41,2,2006-02-16 02:30:53
1905,2005-06-17 04:51:43,1043,39,2005-06-24 09:35:43,1,2006-02-16 02:30:53
1906,2005-06-17 04:53:35,1049,455,2005-06-21 01:16:35,2,2006-02-16 02:30:53
1907,2005-06-17 05:08:27,988,66,2005-06-23 09:13:27,1,2006-02-16 02:30:53
1908,2005-06-17 05:10:36,399,358,2005-06-19 03:52:36,1,2006-02-16 02:30:53
1909,2005-06-17 05:11:04,2599,269,2005-06-19 04:33:04,2,2006-02-16 02:30:53
1910,2005-06-17 05:11:27,3903,199,2005-06-23 23:16:27,1,2006-02-16 02:30:53
1911,2005-06-17 05:15:15,910,3,2005-06-24 11:05:15,2,2006-02-16 02:30:53
1912,2005-06-17 05:18:32,4136,538,2005-06-20 10:01:32,2,2006-02-16 02:30:53
1913,2005-06-17 05:19:47,1825,116,2005-06-21 03:39:47,1,2006-02-16 02:30:53
1914,2005-06-17 05:25:54,3406,450,2005-06-24 04:25:54,2,2006-02-16 02:30:53
1915,2005-06-17 05:28:28,2620,393,2005-06-21 07:12:28,2,2006-02-16 02:30:53
1916,2005-06-17 05:29:59,4428,429,2005-06-26 05:35:59,2,2006-02-16 02:30:53
1917,2005-06-17 05:36:07,2667,400,2005-06-24 01:44:07,1,2006-02-16 02:30:53
1918,2005-06-17 05:40:14,3749,310,2005-06-21 08:53:14,2,2006-02-16 02:30:53
1919,2005-06-17 05:40:52,3855,197,2005-06-23 05:58:52,1,2006-02-16 02:30:53
1920,2005-06-17 06:00:23,2199,75,2005-06-24 04:49:23,1,2006-02-16 02:30:53
1921,2005-06-17 06:04:16,4369,417,2005-06-23 05:26:16,2,2006-02-16 02:30:53
1922,2005-06-17 06:04:25,2484,343,2005-06-18 09:15:25,2,2006-02-16 02:30:53
1923,2005-06-17 06:06:10,691,400,2005-06-24 04:29:10,2,2006-02-16 02:30:53
1924,2005-06-17 06:13:34,2577,86,2005-06-18 01:51:34,1,2006-02-16 02:30:53
1925,2005-06-17 06:16:47,3995,510,2005-06-21 06:03:47,1,2006-02-16 02:30:53
1926,2005-06-17 06:24:30,3509,462,2005-06-25 03:39:30,2,2006-02-16 02:30:53
1927,2005-06-17 06:48:19,3304,188,2005-06-21 03:23:19,1,2006-02-16 02:30:53
1928,2005-06-17 06:48:31,3454,353,2005-06-26 08:17:31,1,2006-02-16 02:30:53
1929,2005-06-17 06:49:30,573,327,2005-06-22 12:07:30,2,2006-02-16 02:30:53
1930,2005-06-17 06:50:46,79,112,2005-06-19 08:51:46,2,2006-02-16 02:30:53
1931,2005-06-17 06:51:56,1411,391,2005-06-22 08:27:56,1,2006-02-16 02:30:53
1932,2005-06-17 06:54:41,3185,120,2005-06-19 05:12:41,2,2006-02-16 02:30:53
1933,2005-06-17 06:54:42,980,13,2005-06-26 02:00:42,1,2006-02-16 02:30:53
1934,2005-06-17 07:04:57,4000,16,2005-06-25 12:21:57,2,2006-02-16 02:30:53
1935,2005-06-17 07:14:15,1962,295,2005-06-20 05:59:15,1,2006-02-16 02:30:53
1936,2005-06-17 07:15:41,3037,213,2005-06-18 11:37:41,2,2006-02-16 02:30:53
1937,2005-06-17 07:16:46,1266,385,2005-06-21 04:22:46,2,2006-02-16 02:30:53
1938,2005-06-17 07:18:36,570,454,2005-06-19 01:43:36,2,2006-02-16 02:30:53
1939,2005-06-17 07:26:45,605,11,2005-06-25 13:06:45,2,2006-02-16 02:30:53
1940,2005-06-17 07:42:22,105,451,2005-06-22 11:59:22,1,2006-02-16 02:30:53
1941,2005-06-17 07:42:45,1063,519,2005-06-20 07:12:45,1,2006-02-16 02:30:53
1942,2005-06-17 07:43:39,261,143,2005-06-25 02:24:39,1,2006-02-16 02:30:53
1943,2005-06-17 07:49:17,4327,144,2005-06-20 03:47:17,1,2006-02-16 02:30:53
1944,2005-06-17 07:50:53,318,16,2005-06-23 02:52:53,2,2006-02-16 02:30:53
1945,2005-06-17 07:51:26,3366,207,2005-06-23 13:22:26,2,2006-02-16 02:30:53
1946,2005-06-17 07:58:39,2335,389,2005-06-25 06:49:39,2,2006-02-16 02:30:53
1947,2005-06-17 08:02:20,3344,479,2005-06-25 10:25:20,1,2006-02-16 02:30:53
1948,2005-06-17 08:06:53,46,89,2005-06-21 05:00:53,1,2006-02-16 02:30:53
1949,2005-06-17 08:19:22,1478,208,2005-06-25 08:43:22,1,2006-02-16 02:30:53
1950,2005-06-17 08:26:52,723,594,2005-06-22 08:08:52,2,2006-02-16 02:30:53
1951,2005-06-17 08:30:35,955,123,2005-06-20 10:43:35,2,2006-02-16 02:30:53
1952,2005-06-17 08:33:02,1823,338,2005-06-21 14:00:02,2,2006-02-16 02:30:53
1953,2005-06-17 08:34:57,3549,405,2005-06-24 09:38:57,2,2006-02-16 02:30:53
1954,2005-06-17 08:37:55,3203,533,2005-06-20 02:55:55,2,2006-02-16 02:30:53
1955,2005-06-17 08:40:22,811,311,2005-06-19 10:47:22,1,2006-02-16 02:30:53
1956,2005-06-17 08:43:32,1403,492,2005-06-21 11:08:32,1,2006-02-16 02:30:53
1957,2005-06-17 08:50:58,2496,68,2005-06-26 13:39:58,2,2006-02-16 02:30:53
1958,2005-06-17 08:52:01,1843,581,2005-06-23 07:55:01,2,2006-02-16 02:30:53
1959,2005-06-17 08:54:10,1464,554,2005-06-20 05:02:10,2,2006-02-16 02:30:53
1960,2005-06-17 08:59:57,2202,27,2005-06-23 14:38:57,2,2006-02-16 02:30:53
1961,2005-06-17 09:02:58,2851,384,2005-06-20 03:07:58,1,2006-02-16 02:30:53
1962,2005-06-17 09:08:58,4386,536,2005-06-23 14:55:58,1,2006-02-16 02:30:53
1963,2005-06-17 09:09:31,1943,154,2005-06-24 13:16:31,2,2006-02-16 02:30:53
1964,2005-06-17 09:10:09,3390,53,2005-06-21 15:08:09,1,2006-02-16 02:30:53
1965,2005-06-17 09:17:39,480,256,2005-06-18 12:35:39,2,2006-02-16 02:30:53
1966,2005-06-17 09:19:45,2085,6,2005-06-20 11:19:45,1,2006-02-16 02:30:53
1967,2005-06-17 09:19:52,3225,558,2005-06-21 03:35:52,1,2006-02-16 02:30:53
1968,2005-06-17 09:20:36,1139,246,2005-06-18 11:06:36,2,2006-02-16 02:30:53
1969,2005-06-17 09:22:22,4450,337,2005-06-21 05:31:22,2,2006-02-16 02:30:53
1970,2005-06-17 09:23:16,1358,303,2005-06-22 09:40:16,2,2006-02-16 02:30:53
1971,2005-06-17 09:23:59,2870,357,2005-06-25 13:20:59,2,2006-02-16 02:30:53
1972,2005-06-17 09:25:49,2758,526,2005-06-24 09:59:49,2,2006-02-16 02:30:53
1973,2005-06-17 09:26:15,3669,256,2005-06-21 10:18:15,1,2006-02-16 02:30:53
1974,2005-06-17 09:30:05,1979,111,2005-06-21 12:10:05,1,2006-02-16 02:30:53
1975,2005-06-17 09:32:10,2520,468,2005-06-23 03:50:10,2,2006-02-16 02:30:53
1976,2005-06-17 09:38:08,3631,184,2005-06-23 07:23:08,2,2006-02-16 02:30:53
1977,2005-06-17 09:38:22,2468,459,2005-06-23 14:19:22,2,2006-02-16 02:30:53
1978,2005-06-17 09:42:34,1590,278,2005-06-20 09:13:34,2,2006-02-16 02:30:53
1979,2005-06-17 09:45:30,3470,45,2005-06-20 10:52:30,1,2006-02-16 02:30:53
1980,2005-06-17 09:48:05,2985,328,2005-06-23 14:43:05,1,2006-02-16 02:30:53
1981,2005-06-17 10:03:34,3186,526,2005-06-20 13:14:34,2,2006-02-16 02:30:53
1982,2005-06-17 10:12:15,1091,566,2005-06-20 13:56:15,1,2006-02-16 02:30:53
1983,2005-06-17 10:22:13,1955,365,2005-06-24 05:04:13,1,2006-02-16 02:30:53
1984,2005-06-17 10:25:28,3417,380,2005-06-23 08:18:28,2,2006-02-16 02:30:53
1985,2005-06-17 10:31:37,87,411,2005-06-22 11:17:37,1,2006-02-16 02:30:53
1986,2005-06-17 10:34:59,2894,541,2005-06-24 04:57:59,2,2006-02-16 02:30:53
1987,2005-06-17 10:40:36,110,479,2005-06-23 14:23:36,1,2006-02-16 02:30:53
1988,2005-06-17 10:42:34,3054,261,2005-06-25 11:47:34,2,2006-02-16 02:30:53
1989,2005-06-17 10:47:24,634,35,2005-06-19 05:12:24,1,2006-02-16 02:30:53
1990,2005-06-17 10:48:44,1471,571,2005-06-24 08:11:44,1,2006-02-16 02:30:53
1991,2005-06-17 10:49:23,3963,105,2005-06-25 10:48:23,1,2006-02-16 02:30:53
1992,2005-06-17 10:58:53,636,233,2005-06-19 08:42:53,2,2006-02-16 02:30:53
1993,2005-06-17 10:59:24,168,234,2005-06-23 07:30:24,2,2006-02-16 02:30:53
1994,2005-06-17 11:07:06,2203,346,2005-06-25 08:32:06,2,2006-02-16 02:30:53
1995,2005-06-17 11:11:14,1866,10,2005-06-26 16:37:14,1,2006-02-16 02:30:53
1996,2005-06-17 11:17:45,3074,149,2005-06-26 09:42:45,1,2006-02-16 02:30:53
1997,2005-06-17 11:19:43,846,411,2005-06-19 14:18:43,1,2006-02-16 02:30:53
1998,2005-06-17 11:24:57,4365,562,2005-06-26 09:48:57,1,2006-02-16 02:30:53
1999,2005-06-17 11:30:08,3704,111,2005-06-23 08:36:08,1,2006-02-16 02:30:53
2000,2005-06-17 11:32:30,323,163,2005-06-22 13:37:30,1,2006-02-16 02:30:53
2001,2005-06-17 11:35:09,2069,260,2005-06-21 14:52:09,2,2006-02-16 02:30:53
2002,2005-06-17 11:39:58,2406,514,2005-06-24 15:41:58,2,2006-02-16 02:30:53
2003,2005-06-17 11:40:35,1581,515,2005-06-19 08:30:35,2,2006-02-16 02:30:53
2004,2005-06-17 11:43:38,1342,171,2005-06-24 08:05:38,2,2006-02-16 02:30:53
2005,2005-06-17 11:44:54,4177,234,2005-06-19 10:53:54,1,2006-02-16 02:30:53
2006,2005-06-17 11:47:03,992,215,2005-06-19 13:47:03,2,2006-02-16 02:30:53
2007,2005-06-17 11:47:17,1123,572,2005-06-21 07:19:17,1,2006-02-16 02:30:53
2008,2005-06-17 11:48:05,2081,570,2005-06-25 13:16:05,1,2006-02-16 02:30:53
2009,2005-06-17 11:48:31,1902,119,2005-06-18 09:34:31,2,2006-02-16 02:30:53
2010,2005-06-17 11:54:15,2845,329,2005-06-21 05:55:15,1,2006-02-16 02:30:53
2011,2005-06-17 11:56:09,734,350,2005-06-24 06:47:09,2,2006-02-16 02:30:53
2012,2005-06-17 11:57:15,3588,84,2005-06-24 17:18:15,1,2006-02-16 02:30:53
2013,2005-06-17 12:03:01,3256,165,2005-06-24 10:04:01,1,2006-02-16 02:30:53
2014,2005-06-17 12:03:28,2969,337,2005-06-25 16:00:28,2,2006-02-16 02:30:53
2015,2005-06-17 12:16:29,3776,484,2005-06-18 14:40:29,2,2006-02-16 02:30:53
2016,2005-06-17 12:18:36,4265,282,2005-06-20 12:13:36,1,2006-02-16 02:30:53
2017,2005-06-17 12:33:30,1434,516,2005-06-19 10:08:30,2,2006-02-16 02:30:53
2018,2005-06-17 12:35:58,1278,380,2005-06-26 13:16:58,2,2006-02-16 02:30:53
2019,2005-06-17 12:38:44,2314,528,2005-06-23 17:38:44,2,2006-02-16 02:30:53
2020,2005-06-17 12:39:50,1914,384,2005-06-19 14:59:50,1,2006-02-16 02:30:53
2021,2005-06-17 12:41:18,2852,319,2005-06-23 17:17:18,2,2006-02-16 02:30:53
2022,2005-06-17 12:44:39,3053,547,2005-06-25 12:32:39,1,2006-02-16 02:30:53
2023,2005-06-17 12:52:58,787,169,2005-06-23 11:07:58,1,2006-02-16 02:30:53
2024,2005-06-17 13:00:51,2566,329,2005-06-22 07:03:51,1,2006-02-16 02:30:53
2025,2005-06-17 13:04:00,1203,447,2005-06-18 18:45:00,2,2006-02-16 02:30:53
2026,2005-06-17 13:05:38,3681,491,2005-06-21 17:19:38,1,2006-02-16 02:30:53
2027,2005-06-17 13:06:56,4309,265,2005-06-23 13:46:56,1,2006-02-16 02:30:53
2028,2005-06-17 13:08:08,4451,155,2005-06-23 10:54:08,1,2006-02-16 02:30:53
2029,2005-06-17 13:10:59,914,512,2005-06-19 18:15:59,1,2006-02-16 02:30:53
2030,2005-06-17 13:13:27,4024,457,2005-06-19 10:44:27,1,2006-02-16 02:30:53
2031,2005-06-17 13:14:03,4275,570,2005-06-25 10:06:03,2,2006-02-16 02:30:53
2032,2005-06-17 13:24:07,425,316,2005-06-18 18:18:07,1,2006-02-16 02:30:53
2033,2005-06-17 13:24:43,58,90,2005-06-20 12:34:43,1,2006-02-16 02:30:53
2034,2005-06-17 13:27:16,1512,587,2005-06-22 08:53:16,2,2006-02-16 02:30:53
2035,2005-06-17 13:45:09,4371,158,2005-06-26 15:30:09,2,2006-02-16 02:30:53
2036,2005-06-17 13:46:52,100,486,2005-06-18 15:42:52,2,2006-02-16 02:30:53
2037,2005-06-17 13:54:20,2582,308,2005-06-20 14:49:20,2,2006-02-16 02:30:53
2038,2005-06-17 14:00:51,4231,138,2005-06-19 11:54:51,2,2006-02-16 02:30:53
2039,2005-06-17 14:03:43,1514,304,2005-06-24 09:21:43,1,2006-02-16 02:30:53
2040,2005-06-17 14:18:37,227,260,2005-06-22 19:08:37,1,2006-02-16 02:30:53
2041,2005-06-17 14:19:00,782,348,2005-06-26 08:38:00,2,2006-02-16 02:30:53
2042,2005-06-17 14:31:02,3102,84,2005-06-18 14:43:02,1,2006-02-16 02:30:53
2043,2005-06-17 14:31:12,2495,4,2005-06-19 11:04:12,2,2006-02-16 02:30:53
2044,2005-06-17 14:37:57,2418,484,2005-06-22 17:15:57,2,2006-02-16 02:30:53
2045,2005-06-17 14:38:11,561,391,2005-06-26 13:44:11,2,2006-02-16 02:30:53
2046,2005-06-17 14:39:50,872,374,2005-06-24 16:02:50,1,2006-02-16 02:30:53
2047,2005-06-17 14:40:58,2371,201,2005-06-21 08:52:58,1,2006-02-16 02:30:53
2048,2005-06-17 14:55:29,2055,454,2005-06-23 16:29:29,2,2006-02-16 02:30:53
2049,2005-06-17 14:58:36,1053,182,2005-06-22 14:53:36,2,2006-02-16 02:30:53
2050,2005-06-17 15:07:30,1963,549,2005-06-18 14:43:30,1,2006-02-16 02:30:53
2051,2005-06-17 15:10:16,2366,191,2005-06-19 20:45:16,1,2006-02-16 02:30:53
2052,2005-06-17 15:14:43,1686,172,2005-06-21 11:08:43,1,2006-02-16 02:30:53
2053,2005-06-17 15:19:34,4279,521,2005-06-19 10:06:34,2,2006-02-16 02:30:53
2054,2005-06-17 15:26:37,1588,295,2005-06-26 14:22:37,1,2006-02-16 02:30:53
2055,2005-06-17 15:27:03,1399,593,2005-06-25 13:44:03,1,2006-02-16 02:30:53
2056,2005-06-17 15:27:33,229,42,2005-06-20 13:04:33,2,2006-02-16 02:30:53
2057,2005-06-17 15:31:58,2803,190,2005-06-25 09:39:58,1,2006-02-16 02:30:53
2058,2005-06-17 15:34:41,1324,57,2005-06-25 14:50:41,1,2006-02-16 02:30:53
2059,2005-06-17 15:36:12,739,114,2005-06-18 19:01:12,2,2006-02-16 02:30:53
2060,2005-06-17 15:42:42,1523,64,2005-06-22 16:39:42,1,2006-02-16 02:30:53
2061,2005-06-17 15:47:00,4575,108,2005-06-24 16:36:00,2,2006-02-16 02:30:53
2062,2005-06-17 15:56:43,1749,55,2005-06-20 21:37:43,2,2006-02-16 02:30:53
2063,2005-06-17 15:56:53,4323,5,2005-06-21 14:19:53,1,2006-02-16 02:30:53
2064,2005-06-17 15:57:56,1970,67,2005-06-23 21:04:56,2,2006-02-16 02:30:53
2065,2005-06-17 16:03:46,844,266,2005-06-22 16:41:46,2,2006-02-16 02:30:53
2066,2005-06-17 16:07:08,2561,248,2005-06-24 15:20:08,2,2006-02-16 02:30:53
2067,2005-06-17 16:11:08,1711,297,2005-06-22 13:01:08,2,2006-02-16 02:30:53
2068,2005-06-17 16:11:46,4252,387,2005-06-20 11:28:46,1,2006-02-16 02:30:53
2069,2005-06-17 16:19:39,2746,551,2005-06-26 16:48:39,1,2006-02-16 02:30:53
2070,2005-06-17 16:27:51,2609,24,2005-06-20 20:46:51,1,2006-02-16 02:30:53
2071,2005-06-17 16:33:17,2867,479,2005-06-23 21:51:17,1,2006-02-16 02:30:53
2072,2005-06-17 16:33:32,86,261,2005-06-23 13:22:32,1,2006-02-16 02:30:53
2073,2005-06-17 16:33:59,3530,410,2005-06-19 11:57:59,1,2006-02-16 02:30:53
2074,2005-06-17 16:40:03,71,495,2005-06-20 21:34:03,1,2006-02-16 02:30:53
2075,2005-06-17 16:40:33,2415,459,2005-06-19 13:55:33,2,2006-02-16 02:30:53
2076,2005-06-17 16:43:47,2242,217,2005-06-24 11:12:47,1,2006-02-16 02:30:53
2077,2005-06-17 16:46:11,4478,113,2005-06-19 15:10:11,1,2006-02-16 02:30:53
2078,2005-06-17 16:48:55,2021,278,2005-06-19 18:01:55,1,2006-02-16 02:30:53
2079,2005-06-17 16:49:45,3853,465,2005-06-18 18:10:45,1,2006-02-16 02:30:53
2080,2005-06-17 16:59:40,1231,476,2005-06-21 11:28:40,2,2006-02-16 02:30:53
2081,2005-06-17 17:05:02,917,253,2005-06-26 20:26:02,1,2006-02-16 02:30:53
2082,2005-06-17 17:13:32,434,254,2005-06-19 16:16:32,1,2006-02-16 02:30:53
2083,2005-06-17 17:14:00,2423,97,2005-06-18 18:31:00,2,2006-02-16 02:30:53
2084,2005-06-17 17:17:19,428,92,2005-06-22 14:57:19,1,2006-02-16 02:30:53
2085,2005-06-17 17:30:56,2275,214,2005-06-23 12:13:56,1,2006-02-16 02:30:53
2086,2005-06-17 17:32:07,898,326,2005-06-21 20:19:07,2,2006-02-16 02:30:53
2087,2005-06-17 17:35:10,466,398,2005-06-26 13:52:10,1,2006-02-16 02:30:53
2088,2005-06-17 17:35:30,506,310,2005-06-23 20:13:30,2,2006-02-16 02:30:53
2089,2005-06-17 17:45:09,4030,156,2005-06-25 16:41:09,1,2006-02-16 02:30:53
2090,2005-06-17 18:06:14,17,197,2005-06-22 23:52:14,1,2006-02-16 02:30:53
2091,2005-06-17 18:09:04,4033,260,2005-06-26 12:11:04,1,2006-02-16 02:30:53
2092,2005-06-17 18:12:16,4427,556,2005-06-25 15:06:16,2,2006-02-16 02:30:53
2093,2005-06-17 18:14:08,814,26,2005-06-26 18:10:08,1,2006-02-16 02:30:53
2094,2005-06-17 18:18:56,2205,308,2005-06-18 19:36:56,1,2006-02-16 02:30:53
2095,2005-06-17 18:21:35,1907,8,2005-06-23 23:49:35,2,2006-02-16 02:30:53
2096,2005-06-17 18:33:04,1069,431,2005-06-21 17:29:04,2,2006-02-16 02:30:53
2097,2005-06-17 18:40:04,569,439,2005-06-23 13:49:04,1,2006-02-16 02:30:53
2098,2005-06-17 18:42:09,3951,274,2005-06-19 20:40:09,1,2006-02-16 02:30:53
2099,2005-06-17 18:47:26,3660,146,2005-06-24 22:31:26,2,2006-02-16 02:30:53
2100,2005-06-17 18:53:21,2267,387,2005-06-19 21:49:21,2,2006-02-16 02:30:53
2101,2005-06-17 18:57:02,2137,581,2005-06-20 15:38:02,2,2006-02-16 02:30:53
2102,2005-06-17 19:05:22,2316,486,2005-06-23 23:21:22,2,2006-02-16 02:30:53
2103,2005-06-17 19:13:10,1469,456,2005-06-21 21:32:10,2,2006-02-16 02:30:53
2104,2005-06-17 19:14:30,3084,136,2005-06-19 16:26:30,1,2006-02-16 02:30:53
2105,2005-06-17 19:15:45,4090,57,2005-06-20 16:00:45,1,2006-02-16 02:30:53
2106,2005-06-17 19:29:03,643,66,2005-06-23 18:17:03,2,2006-02-16 02:30:53
2107,2005-06-17 19:31:16,1270,104,2005-06-18 23:33:16,1,2006-02-16 02:30:53
2108,2005-06-17 19:35:26,1395,503,2005-06-25 15:45:26,1,2006-02-16 02:30:53
2109,2005-06-17 19:41:42,2292,493,2005-06-25 17:03:42,2,2006-02-16 02:30:53
2110,2005-06-17 19:45:49,3592,163,2005-06-26 18:59:49,2,2006-02-16 02:30:53
2111,2005-06-17 19:47:21,2108,76,2005-06-19 22:46:21,2,2006-02-16 02:30:53
2112,2005-06-17 19:52:42,1629,18,2005-06-25 00:00:42,2,2006-02-16 02:30:53
2113,2005-06-17 19:57:46,1509,406,2005-06-24 00:22:46,1,2006-02-16 02:30:53
2114,2005-06-17 20:00:25,3541,358,2005-06-23 18:51:25,1,2006-02-16 02:30:53
2115,2005-06-17 20:02:16,3448,270,2005-06-25 16:56:16,2,2006-02-16 02:30:53
2116,2005-06-17 20:16:12,2373,24,2005-06-18 17:03:12,2,2006-02-16 02:30:53
2117,2005-06-17 20:24:00,2,170,2005-06-23 17:45:00,2,2006-02-16 02:30:53
2118,2005-06-17 20:28:29,1261,103,2005-06-23 22:47:29,1,2006-02-16 02:30:53
2119,2005-06-17 20:34:42,2104,561,2005-06-22 00:05:42,1,2006-02-16 02:30:53
2120,2005-06-17 20:36:50,1498,182,2005-06-27 01:18:50,2,2006-02-16 02:30:53
2121,2005-06-17 20:38:54,141,467,2005-06-22 23:06:54,2,2006-02-16 02:30:53
2122,2005-06-17 20:48:27,2932,245,2005-06-23 00:58:27,2,2006-02-16 02:30:53
2123,2005-06-17 20:48:30,2497,545,2005-06-18 19:17:30,2,2006-02-16 02:30:53
2124,2005-06-17 20:49:14,1273,178,2005-06-23 17:44:14,1,2006-02-16 02:30:53
2125,2005-06-17 20:53:42,4303,473,2005-06-19 01:53:42,2,2006-02-16 02:30:53
2126,2005-06-17 20:54:36,4276,263,2005-06-27 02:16:36,1,2006-02-16 02:30:53
2127,2005-06-17 20:54:48,3757,187,2005-06-18 16:28:48,2,2006-02-16 02:30:53
2128,2005-06-17 20:54:58,352,2,2005-06-24 00:41:58,2,2006-02-16 02:30:53
2129,2005-06-17 20:58:32,1930,249,2005-06-23 22:22:32,1,2006-02-16 02:30:53
2130,2005-06-17 21:00:44,1369,413,2005-06-26 00:05:44,2,2006-02-16 02:30:53
2131,2005-06-17 21:02:25,4424,85,2005-06-25 18:45:25,1,2006-02-16 02:30:53
2132,2005-06-17 21:05:06,2636,186,2005-06-20 18:10:06,1,2006-02-16 02:30:53
2133,2005-06-17 21:10:05,932,268,2005-06-23 22:41:05,1,2006-02-16 02:30:53
2134,2005-06-17 21:13:44,1699,378,2005-06-26 16:28:44,2,2006-02-16 02:30:53
2135,2005-06-17 21:14:02,4091,39,2005-06-19 00:59:02,1,2006-02-16 02:30:53
2136,2005-06-17 21:16:41,2651,20,2005-06-24 22:42:41,2,2006-02-16 02:30:53
2137,2005-06-17 21:18:28,1158,581,2005-06-20 21:05:28,1,2006-02-16 02:30:53
2138,2005-06-17 21:28:14,512,254,2005-06-22 01:16:14,2,2006-02-16 02:30:53
2139,2005-06-17 21:29:34,807,236,2005-06-26 21:05:34,1,2006-02-16 02:30:53
2140,2005-06-17 21:40:29,2395,56,2005-06-19 00:42:29,1,2006-02-16 02:30:53
2141,2005-06-17 21:41:34,2176,86,2005-06-19 00:15:34,1,2006-02-16 02:30:53
2142,2005-06-17 21:55:43,1787,253,2005-06-26 19:41:43,2,2006-02-16 02:30:53
2143,2005-06-17 21:58:13,1257,507,2005-06-19 23:59:13,2,2006-02-16 02:30:53
2144,2005-06-17 22:05:40,3303,46,2005-06-21 02:53:40,1,2006-02-16 02:30:53
2145,2005-06-17 22:10:36,238,388,2005-06-18 21:07:36,2,2006-02-16 02:30:53
2146,2005-06-17 22:26:23,326,456,2005-06-26 17:10:23,1,2006-02-16 02:30:53
2147,2005-06-17 22:28:13,2752,279,2005-06-22 20:50:13,1,2006-02-16 02:30:53
2148,2005-06-17 22:44:35,315,338,2005-06-26 19:43:35,1,2006-02-16 02:30:53
2149,2005-06-17 22:50:00,3365,333,2005-06-26 18:40:00,1,2006-02-16 02:30:53
2150,2005-06-17 22:50:36,1910,406,2005-06-21 19:33:36,1,2006-02-16 02:30:53
2151,2005-06-17 22:52:37,407,329,2005-06-20 22:00:37,1,2006-02-16 02:30:53
2152,2005-06-17 22:53:27,2665,307,2005-06-23 19:19:27,1,2006-02-16 02:30:53
2153,2005-06-17 22:58:04,2440,357,2005-06-24 19:38:04,2,2006-02-16 02:30:53
2154,2005-06-17 22:59:42,1655,30,2005-06-24 04:11:42,1,2006-02-16 02:30:53
2155,2005-06-17 23:07:29,3640,227,2005-06-25 03:23:29,2,2006-02-16 02:30:53
2156,2005-06-17 23:08:12,623,237,2005-06-22 19:44:12,2,2006-02-16 02:30:53
2157,2005-06-17 23:30:52,1619,201,2005-06-24 01:56:52,2,2006-02-16 02:30:53
2158,2005-06-17 23:36:27,243,530,2005-06-19 19:25:27,2,2006-02-16 02:30:53
2159,2005-06-17 23:37:29,3095,465,2005-06-25 00:18:29,2,2006-02-16 02:30:53
2160,2005-06-17 23:39:11,1644,32,2005-06-22 20:04:11,1,2006-02-16 02:30:53
2161,2005-06-17 23:39:50,3149,75,2005-06-26 23:28:50,2,2006-02-16 02:30:53
2162,2005-06-17 23:45:47,1790,277,2005-06-21 21:03:47,1,2006-02-16 02:30:53
2163,2005-06-17 23:46:16,2600,130,2005-06-22 22:48:16,2,2006-02-16 02:30:53
2164,2005-06-17 23:46:21,3442,227,2005-06-24 19:10:21,2,2006-02-16 02:30:53
2165,2005-06-17 23:51:10,2392,471,2005-06-21 23:54:10,1,2006-02-16 02:30:53
2166,2005-06-17 23:51:21,4343,305,2005-06-27 01:06:21,2,2006-02-16 02:30:53
2167,2005-06-17 23:51:28,3796,307,2005-06-21 00:43:28,2,2006-02-16 02:30:53
2168,2005-06-17 23:53:24,802,308,2005-06-20 01:11:24,1,2006-02-16 02:30:53
2169,2005-06-17 23:57:23,785,120,2005-06-19 20:14:23,2,2006-02-16 02:30:53
2170,2005-06-17 23:57:34,3989,42,2005-06-22 03:37:34,2,2006-02-16 02:30:53
2171,2005-06-18 00:06:04,1768,147,2005-06-24 18:09:04,2,2006-02-16 02:30:53
2172,2005-06-18 00:06:16,2912,457,2005-06-26 00:50:16,1,2006-02-16 02:30:53
2173,2005-06-18 00:08:20,995,65,2005-06-25 05:30:20,1,2006-02-16 02:30:53
2174,2005-06-18 00:09:01,3279,520,2005-06-25 23:14:01,1,2006-02-16 02:30:53
2175,2005-06-18 00:17:58,4038,17,2005-06-22 23:18:58,2,2006-02-16 02:30:53
2176,2005-06-18 00:29:51,4201,282,2005-06-21 01:41:51,1,2006-02-16 02:30:53
2177,2005-06-18 00:34:45,492,340,2005-06-26 18:40:45,1,2006-02-16 02:30:53
2178,2005-06-18 00:38:35,2950,260,2005-06-21 02:56:35,1,2006-02-16 02:30:53
2179,2005-06-18 00:41:36,4334,338,2005-06-19 02:17:36,1,2006-02-16 02:30:53
2180,2005-06-18 00:47:43,3564,497,2005-06-25 04:12:43,2,2006-02-16 02:30:53
2181,2005-06-18 00:48:31,3481,176,2005-06-25 06:43:31,2,2006-02-16 02:30:53
2182,2005-06-18 00:56:18,3494,454,2005-06-26 20:01:18,1,2006-02-16 02:30:53
2183,2005-06-18 01:06:01,1776,340,2005-06-22 01:20:01,1,2006-02-16 02:30:53
2184,2005-06-18 01:10:36,3468,537,2005-06-21 05:59:36,2,2006-02-16 02:30:53
2185,2005-06-18 01:12:22,4326,198,2005-06-20 20:41:22,1,2006-02-16 02:30:53
2186,2005-06-18 01:15:27,2050,204,2005-06-21 06:16:27,1,2006-02-16 02:30:53
2187,2005-06-18 01:17:27,1385,477,2005-06-20 22:18:27,1,2006-02-16 02:30:53
2188,2005-06-18 01:19:04,712,183,2005-06-25 03:59:04,2,2006-02-16 02:30:53
2189,2005-06-18 01:20:26,249,500,2005-06-25 00:30:26,1,2006-02-16 02:30:53
2190,2005-06-18 01:29:51,4398,342,2005-06-26 04:31:51,2,2006-02-16 02:30:53
2191,2005-06-18 01:33:09,3369,58,2005-06-19 20:18:09,1,2006-02-16 02:30:53
2192,2005-06-18 01:35:47,1886,456,2005-06-23 23:38:47,2,2006-02-16 02:30:53
2193,2005-06-18 01:38:45,1013,112,2005-06-22 19:51:45,1,2006-02-16 02:30:53
2194,2005-06-18 01:41:37,1827,149,2005-06-25 04:27:37,1,2006-02-16 02:30:53
2195,2005-06-18 01:44:46,2247,286,2005-06-25 20:50:46,1,2006-02-16 02:30:53
2196,2005-06-18 01:47:07,1925,240,2005-06-26 03:18:07,2,2006-02-16 02:30:53
2197,2005-06-18 01:50:27,3350,103,2005-06-19 01:31:27,2,2006-02-16 02:30:53
2198,2005-06-18 01:51:22,1983,109,2005-06-26 06:57:22,2,2006-02-16 02:30:53
2199,2005-06-18 01:57:56,99,171,2005-06-23 20:34:56,2,2006-02-16 02:30:53
2200,2005-06-18 01:59:16,1085,229,2005-06-26 23:25:16,2,2006-02-16 02:30:53
2201,2005-06-18 02:08:27,1864,489,2005-06-23 01:40:27,1,2006-02-16 02:30:53
2202,2005-06-18 02:09:24,815,297,2005-06-26 07:17:24,2,2006-02-16 02:30:53
2203,2005-06-18 02:10:42,1347,46,2005-06-22 06:25:42,2,2006-02-16 02:30:53
2204,2005-06-18 02:11:38,1137,426,2005-06-24 00:28:38,1,2006-02-16 02:30:53
2205,2005-06-18 02:14:34,1245,593,2005-06-25 05:11:34,1,2006-02-16 02:30:53
2206,2005-06-18 02:14:45,3651,438,2005-06-24 23:20:45,2,2006-02-16 02:30:53
2207,2005-06-18 02:19:21,182,78,2005-06-24 02:25:21,2,2006-02-16 02:30:53
2208,2005-06-18 02:22:07,2345,132,2005-06-23 07:24:07,2,2006-02-16 02:30:53
2209,2005-06-18 02:24:01,2441,13,2005-06-22 04:13:01,2,2006-02-16 02:30:53
2210,2005-06-18 02:27:01,219,108,2005-06-21 00:45:01,1,2006-02-16 02:30:53
2211,2005-06-18 02:29:10,4114,166,2005-06-22 02:02:10,1,2006-02-16 02:30:53
2212,2005-06-18 02:36:10,2458,336,2005-06-19 21:21:10,1,2006-02-16 02:30:53
2213,2005-06-18 02:36:47,949,98,2005-06-23 05:02:47,1,2006-02-16 02:30:53
2214,2005-06-18 02:44:37,2430,366,2005-06-18 23:37:37,2,2006-02-16 02:30:53
2215,2005-06-18 02:48:21,2060,239,2005-06-22 01:03:21,2,2006-02-16 02:30:53
2216,2005-06-18 03:08:17,1428,320,2005-06-19 08:13:17,1,2006-02-16 02:30:53
2217,2005-06-18 03:12:29,2260,118,2005-06-20 06:08:29,1,2006-02-16 02:30:53
2218,2005-06-18 03:13:13,3577,176,2005-06-18 21:16:13,1,2006-02-16 02:30:53
2219,2005-06-18 03:16:54,1881,393,2005-06-22 01:29:54,1,2006-02-16 02:30:53
2220,2005-06-18 03:21:36,320,587,2005-06-21 07:45:36,2,2006-02-16 02:30:53
2221,2005-06-18 03:24:56,3905,156,2005-06-22 08:27:56,1,2006-02-16 02:30:53
2222,2005-06-18 03:26:23,3834,10,2005-06-26 08:50:23,2,2006-02-16 02:30:53
2223,2005-06-18 03:27:03,4068,303,2005-06-27 09:19:03,2,2006-02-16 02:30:53
2224,2005-06-18 03:33:58,1336,153,2005-06-18 22:10:58,1,2006-02-16 02:30:53
2225,2005-06-18 03:35:40,2829,503,2005-06-23 03:05:40,1,2006-02-16 02:30:53
2226,2005-06-18 03:39:56,3487,225,2005-06-24 07:26:56,2,2006-02-16 02:30:53
2227,2005-06-18 03:43:23,3623,200,2005-06-19 05:55:23,2,2006-02-16 02:30:53
2228,2005-06-18 03:44:50,490,383,2005-06-23 00:28:50,1,2006-02-16 02:30:53
2229,2005-06-18 03:50:18,2840,35,2005-06-26 07:16:18,2,2006-02-16 02:30:53
2230,2005-06-18 03:50:49,833,256,2005-06-25 01:12:49,2,2006-02-16 02:30:53
2231,2005-06-18 03:52:14,2280,35,2005-06-23 06:52:14,1,2006-02-16 02:30:53
2232,2005-06-18 03:54:31,2463,52,2005-06-22 07:29:31,1,2006-02-16 02:30:53
2233,2005-06-18 03:57:36,3063,31,2005-06-21 09:42:36,2,2006-02-16 02:30:53
2234,2005-06-18 04:01:28,234,182,2005-06-24 04:55:28,2,2006-02-16 02:30:53
2235,2005-06-18 04:08:50,3463,21,2005-06-27 07:58:50,1,2006-02-16 02:30:53
2236,2005-06-18 04:12:33,4001,375,2005-06-23 04:07:33,1,2006-02-16 02:30:53
2237,2005-06-18 04:17:44,1821,205,2005-06-27 09:08:44,1,2006-02-16 02:30:53
2238,2005-06-18 04:22:06,2859,251,2005-06-27 03:29:06,2,2006-02-16 02:30:53
2239,2005-06-18 04:23:54,4419,437,2005-06-26 00:12:54,2,2006-02-16 02:30:53
2240,2005-06-18 04:28:27,1409,122,2005-06-22 07:48:27,2,2006-02-16 02:30:53
2241,2005-06-18 04:31:41,921,406,2005-06-24 22:34:41,2,2006-02-16 02:30:53
2242,2005-06-18 04:32:28,1995,146,2005-06-24 03:26:28,2,2006-02-16 02:30:53
2243,2005-06-18 04:33:03,1254,328,2005-06-23 04:14:03,2,2006-02-16 02:30:53
2244,2005-06-18 04:46:33,3629,233,2005-06-20 04:28:33,1,2006-02-16 02:30:53
2245,2005-06-18 04:52:59,1496,194,2005-06-24 05:07:59,2,2006-02-16 02:30:53
2246,2005-06-18 04:54:29,4287,414,2005-06-22 09:14:29,1,2006-02-16 02:30:53
2248,2005-06-18 04:59:48,1999,446,2005-06-19 08:51:48,2,2006-02-16 02:30:53
2249,2005-06-18 05:03:08,117,285,2005-06-26 05:43:08,2,2006-02-16 02:30:53
2250,2005-06-18 05:03:36,4042,7,2005-06-22 02:25:36,2,2006-02-16 02:30:53
2251,2005-06-18 05:05:08,1458,143,2005-06-23 08:34:08,1,2006-02-16 02:30:53
2252,2005-06-18 05:05:18,1987,383,2005-06-21 08:19:18,1,2006-02-16 02:30:53
2253,2005-06-18 05:11:43,3719,122,2005-06-25 03:30:43,2,2006-02-16 02:30:53
2254,2005-06-18 05:15:14,1084,281,2005-06-27 04:10:14,2,2006-02-16 02:30:53
2255,2005-06-18 05:21:12,24,410,2005-06-26 09:19:12,1,2006-02-16 02:30:53
2256,2005-06-18 05:21:56,1863,93,2005-06-27 02:06:56,2,2006-02-16 02:30:53
2257,2005-06-18 05:29:52,2846,34,2005-06-22 00:19:52,1,2006-02-16 02:30:53
2258,2005-06-18 05:30:36,4573,292,2005-06-24 09:09:36,1,2006-02-16 02:30:53
2259,2005-06-18 05:37:45,4103,491,2005-06-21 01:51:45,1,2006-02-16 02:30:53
2260,2005-06-18 05:38:36,2773,297,2005-06-20 08:08:36,1,2006-02-16 02:30:53
2261,2005-06-18 05:46:15,1763,570,2005-06-24 05:06:15,1,2006-02-16 02:30:53
2262,2005-06-18 05:49:46,4172,218,2005-06-20 00:25:46,2,2006-02-16 02:30:53
2263,2005-06-18 05:57:47,3259,452,2005-06-20 06:13:47,1,2006-02-16 02:30:53
2264,2005-06-18 05:58:45,150,240,2005-06-19 00:57:45,1,2006-02-16 02:30:53
2265,2005-06-18 06:03:27,3069,267,2005-06-20 01:16:27,1,2006-02-16 02:30:53
2266,2005-06-18 06:05:02,2596,452,2005-06-20 06:54:02,1,2006-02-16 02:30:53
2267,2005-06-18 06:10:23,2086,218,2005-06-20 00:39:23,2,2006-02-16 02:30:53
2268,2005-06-18 06:13:41,4380,21,2005-06-22 08:53:41,2,2006-02-16 02:30:53
2269,2005-06-18 06:20:54,3088,431,2005-06-25 04:51:54,2,2006-02-16 02:30:53
2270,2005-06-18 06:29:01,3447,588,2005-06-26 07:21:01,2,2006-02-16 02:30:53
2271,2005-06-18 06:29:52,2416,145,2005-06-21 09:46:52,2,2006-02-16 02:30:53
2272,2005-06-18 06:29:53,1364,599,2005-06-23 10:58:53,1,2006-02-16 02:30:53
2273,2005-06-18 06:30:02,4456,327,2005-06-20 07:07:02,1,2006-02-16 02:30:53
2274,2005-06-18 06:31:15,3021,347,2005-06-21 01:24:15,2,2006-02-16 02:30:53
2275,2005-06-18 06:31:29,2805,354,2005-06-24 10:04:29,2,2006-02-16 02:30:53
2276,2005-06-18 06:33:48,1145,594,2005-06-25 00:50:48,2,2006-02-16 02:30:53
2277,2005-06-18 06:35:03,3770,224,2005-06-19 01:26:03,1,2006-02-16 02:30:53
2278,2005-06-18 06:37:57,1166,450,2005-06-22 10:57:57,1,2006-02-16 02:30:53
2279,2005-06-18 06:38:22,1953,554,2005-06-27 07:16:22,1,2006-02-16 02:30:53
2280,2005-06-18 06:46:54,4568,548,2005-06-26 09:48:54,2,2006-02-16 02:30:53
2281,2005-06-18 06:47:29,4212,431,2005-06-20 10:27:29,2,2006-02-16 02:30:53
2282,2005-06-18 06:48:23,4388,113,2005-06-24 11:04:23,2,2006-02-16 02:30:53
2283,2005-06-18 06:56:06,2056,507,2005-06-19 05:11:06,2,2006-02-16 02:30:53
2284,2005-06-18 06:59:51,2682,228,2005-06-24 04:58:51,2,2006-02-16 02:30:53
2285,2005-06-18 07:00:54,755,447,2005-06-25 08:58:54,2,2006-02-16 02:30:53
2286,2005-06-18 07:02:32,618,287,2005-06-27 12:33:32,1,2006-02-16 02:30:53
2287,2005-06-18 07:04:36,1473,317,2005-06-27 03:00:36,2,2006-02-16 02:30:53
2288,2005-06-18 07:23:17,877,247,2005-06-26 07:44:17,2,2006-02-16 02:30:53
2289,2005-06-18 07:29:43,2030,392,2005-06-24 11:16:43,2,2006-02-16 02:30:53
2290,2005-06-18 07:34:37,200,513,2005-06-26 11:45:37,1,2006-02-16 02:30:53
2291,2005-06-18 07:36:46,3949,436,2005-06-26 04:57:46,2,2006-02-16 02:30:53
2292,2005-06-18 07:37:48,173,130,2005-06-20 02:45:48,2,2006-02-16 02:30:53
2293,2005-06-18 07:45:03,3209,178,2005-06-24 08:12:03,1,2006-02-16 02:30:53
2294,2005-06-18 07:46:34,2096,72,2005-06-22 12:34:34,2,2006-02-16 02:30:53
2295,2005-06-18 07:56:18,3250,106,2005-06-21 07:10:18,1,2006-02-16 02:30:53
2296,2005-06-18 08:10:42,4558,481,2005-06-20 12:26:42,2,2006-02-16 02:30:53
2297,2005-06-18 08:17:41,2262,111,2005-06-26 05:08:41,2,2006-02-16 02:30:53
2298,2005-06-18 08:18:29,1227,497,2005-06-24 11:51:29,1,2006-02-16 02:30:53
2299,2005-06-18 08:18:52,4339,28,2005-06-26 11:48:52,1,2006-02-16 02:30:53
2300,2005-06-18 08:22:34,1617,291,2005-06-24 04:51:34,2,2006-02-16 02:30:53
2301,2005-06-18 08:24:03,869,273,2005-06-25 10:31:03,2,2006-02-16 02:30:53
2302,2005-06-18 08:27:33,1852,42,2005-06-22 02:46:33,2,2006-02-16 02:30:53
2303,2005-06-18 08:27:59,1524,329,2005-06-22 10:58:59,1,2006-02-16 02:30:53
2304,2005-06-18 08:30:15,3543,327,2005-06-23 06:17:15,1,2006-02-16 02:30:53
2305,2005-06-18 08:31:18,622,149,2005-06-24 06:18:18,2,2006-02-16 02:30:53
2306,2005-06-18 08:33:23,208,477,2005-06-27 10:01:23,2,2006-02-16 02:30:53
2307,2005-06-18 08:34:59,4576,47,2005-06-23 04:42:59,1,2006-02-16 02:30:53
2308,2005-06-18 08:41:48,197,1,2005-06-22 03:36:48,2,2006-02-16 02:30:53
2309,2005-06-18 08:43:24,611,576,2005-06-20 03:56:24,1,2006-02-16 02:30:53
2310,2005-06-18 08:45:59,2590,409,2005-06-26 05:06:59,2,2006-02-16 02:30:53
2311,2005-06-18 08:51:29,4506,236,2005-06-25 07:51:29,1,2006-02-16 02:30:53
2312,2005-06-18 08:55:46,402,184,2005-06-24 04:34:46,2,2006-02-16 02:30:53
2313,2005-06-18 08:56:45,3134,379,2005-06-26 10:30:45,2,2006-02-16 02:30:53
2314,2005-06-18 09:03:19,2157,160,2005-06-19 12:14:19,1,2006-02-16 02:30:53
2315,2005-06-18 09:03:39,2766,372,2005-06-22 11:18:39,1,2006-02-16 02:30:53
2316,2005-06-18 09:04:59,372,289,2005-06-20 09:39:59,2,2006-02-16 02:30:53
2317,2005-06-18 09:12:18,1602,326,2005-06-21 05:50:18,2,2006-02-16 02:30:53
2318,2005-06-18 09:13:54,2328,383,2005-06-23 07:19:54,1,2006-02-16 02:30:53
2319,2005-06-18 09:24:22,1521,393,2005-06-26 14:12:22,2,2006-02-16 02:30:53
2320,2005-06-18 09:24:50,597,552,2005-06-24 07:59:50,1,2006-02-16 02:30:53
2321,2005-06-18 09:42:42,1160,565,2005-06-25 14:28:42,1,2006-02-16 02:30:53
2322,2005-06-18 09:44:21,1893,213,2005-06-25 09:29:21,1,2006-02-16 02:30:53
2323,2005-06-18 09:55:02,207,54,2005-06-23 07:19:02,1,2006-02-16 02:30:53
2324,2005-06-18 10:00:33,2987,268,2005-06-23 14:10:33,1,2006-02-16 02:30:53
2325,2005-06-18 10:08:07,752,406,2005-06-21 15:07:07,1,2006-02-16 02:30:53
2326,2005-06-18 10:14:22,3829,174,2005-06-24 07:01:22,2,2006-02-16 02:30:53
2327,2005-06-18 10:16:40,1351,571,2005-06-20 15:06:40,1,2006-02-16 02:30:53
2328,2005-06-18 10:17:21,2304,441,2005-06-21 04:18:21,1,2006-02-16 02:30:53
2329,2005-06-18 10:22:52,4156,587,2005-06-20 12:03:52,2,2006-02-16 02:30:53
2330,2005-06-18 10:41:19,4285,390,2005-06-25 10:48:19,1,2006-02-16 02:30:53
2331,2005-06-18 10:50:09,1546,221,2005-06-25 14:30:09,1,2006-02-16 02:30:53
2332,2005-06-18 10:53:51,2152,140,2005-06-24 12:06:51,2,2006-02-16 02:30:53
2333,2005-06-18 10:55:54,2323,283,2005-06-25 07:09:54,2,2006-02-16 02:30:53
2334,2005-06-18 10:56:24,3076,223,2005-06-22 10:38:24,2,2006-02-16 02:30:53
2335,2005-06-18 10:59:36,3968,446,2005-06-26 06:42:36,2,2006-02-16 02:30:53
2336,2005-06-18 11:00:05,3888,124,2005-06-25 06:02:05,2,2006-02-16 02:30:53
2337,2005-06-18 11:15:27,4522,582,2005-06-26 06:59:27,2,2006-02-16 02:30:53
2338,2005-06-18 11:24:54,3165,316,2005-06-19 07:34:54,1,2006-02-16 02:30:53
2339,2005-06-18 11:29:22,313,297,2005-06-21 10:29:22,1,2006-02-16 02:30:53
2340,2005-06-18 11:30:56,1913,157,2005-06-23 06:00:56,1,2006-02-16 02:30:53
2341,2005-06-18 11:35:30,638,31,2005-06-27 11:56:30,2,2006-02-16 02:30:53
2342,2005-06-18 11:42:40,2169,146,2005-06-20 14:40:40,1,2006-02-16 02:30:53
2343,2005-06-18 11:46:26,4554,20,2005-06-22 11:37:26,2,2006-02-16 02:30:53
2344,2005-06-18 12:01:47,2015,498,2005-06-19 11:56:47,2,2006-02-16 02:30:53
2345,2005-06-18 12:03:23,1818,6,2005-06-22 14:25:23,2,2006-02-16 02:30:53
2346,2005-06-18 12:08:16,2575,308,2005-06-27 15:02:16,1,2006-02-16 02:30:53
2347,2005-06-18 12:12:29,4516,194,2005-06-23 14:03:29,1,2006-02-16 02:30:53
2348,2005-06-18 12:15:43,3622,449,2005-06-24 14:03:43,2,2006-02-16 02:30:53
2349,2005-06-18 12:25:14,1536,495,2005-06-19 11:24:14,2,2006-02-16 02:30:53
2350,2005-06-18 12:25:29,1179,471,2005-06-23 11:35:29,1,2006-02-16 02:30:53
2351,2005-06-18 12:27:57,2942,216,2005-06-23 16:14:57,1,2006-02-16 02:30:53
2352,2005-06-18 12:40:15,2141,590,2005-06-22 07:07:15,2,2006-02-16 02:30:53
2353,2005-06-18 12:53:25,3223,361,2005-06-19 13:53:25,1,2006-02-16 02:30:53
2354,2005-06-18 12:54:18,2793,77,2005-06-26 07:23:18,2,2006-02-16 02:30:53
2355,2005-06-18 12:57:06,3613,125,2005-06-26 07:32:06,1,2006-02-16 02:30:53
2356,2005-06-18 12:59:23,2207,455,2005-06-21 10:12:23,2,2006-02-16 02:30:53
2357,2005-06-18 12:59:41,1323,561,2005-06-26 16:40:41,1,2006-02-16 02:30:53
2358,2005-06-18 13:00:51,1728,478,2005-06-26 12:58:51,1,2006-02-16 02:30:53
2359,2005-06-18 13:04:42,3087,201,2005-06-25 11:52:42,1,2006-02-16 02:30:53
2360,2005-06-18 13:11:13,37,57,2005-06-23 15:32:13,2,2006-02-16 02:30:53
2361,2005-06-18 13:19:05,3547,546,2005-06-23 07:59:05,1,2006-02-16 02:30:53
2362,2005-06-18 13:31:15,2815,514,2005-06-19 12:35:15,1,2006-02-16 02:30:53
2363,2005-06-18 13:33:59,3497,1,2005-06-19 17:40:59,1,2006-02-16 02:30:53
2364,2005-06-18 13:37:32,2856,512,2005-06-23 14:18:32,1,2006-02-16 02:30:53
2365,2005-06-18 13:45:34,3109,493,2005-06-21 12:12:34,2,2006-02-16 02:30:53
2366,2005-06-18 13:46:39,1413,162,2005-06-23 18:49:39,2,2006-02-16 02:30:53
2367,2005-06-18 14:00:31,4086,566,2005-06-22 14:45:31,2,2006-02-16 02:30:53
2368,2005-06-18 14:10:27,1058,99,2005-06-23 10:49:27,1,2006-02-16 02:30:53
2369,2005-06-18 14:25:29,1515,44,2005-06-23 18:45:29,2,2006-02-16 02:30:53
2370,2005-06-18 14:29:54,2656,489,2005-06-24 10:23:54,1,2006-02-16 02:30:53
2371,2005-06-18 14:35:29,178,248,2005-06-22 09:38:29,2,2006-02-16 02:30:53
2372,2005-06-18 14:37:37,1567,96,2005-06-21 08:40:37,2,2006-02-16 02:30:53
2373,2005-06-18 14:37:57,2780,544,2005-06-23 19:29:57,2,2006-02-16 02:30:53
2374,2005-06-18 14:44:06,2634,71,2005-06-22 17:14:06,1,2006-02-16 02:30:53
2375,2005-06-18 14:47:29,2175,259,2005-06-26 13:52:29,2,2006-02-16 02:30:53
2376,2005-06-18 14:55:30,3664,479,2005-06-25 17:40:30,1,2006-02-16 02:30:53
2377,2005-06-18 14:56:23,3568,193,2005-06-27 12:36:23,1,2006-02-16 02:30:53
2378,2005-06-18 14:57:49,2796,384,2005-06-26 18:23:49,2,2006-02-16 02:30:53
2379,2005-06-18 14:59:39,2708,597,2005-06-24 13:26:39,2,2006-02-16 02:30:53
2380,2005-06-18 15:00:04,4413,256,2005-06-24 13:29:04,2,2006-02-16 02:30:53
2381,2005-06-18 15:00:30,1491,167,2005-06-22 11:38:30,1,2006-02-16 02:30:53
2382,2005-06-18 15:03:52,915,568,2005-06-20 10:16:52,2,2006-02-16 02:30:53
2383,2005-06-18 15:17:59,2459,149,2005-06-26 18:42:59,2,2006-02-16 02:30:53
2384,2005-06-18 15:18:49,3378,132,2005-06-21 18:10:49,1,2006-02-16 02:30:53
2385,2005-06-18 15:22:40,1641,298,2005-06-26 10:02:40,1,2006-02-16 02:30:53
2386,2005-06-18 15:22:51,1361,293,2005-06-22 20:01:51,1,2006-02-16 02:30:53
2387,2005-06-18 15:24:19,692,289,2005-06-25 17:41:19,2,2006-02-16 02:30:53
2388,2005-06-18 15:26:30,2923,53,2005-06-20 20:24:30,1,2006-02-16 02:30:53
2389,2005-06-18 15:27:47,731,382,2005-06-21 12:26:47,1,2006-02-16 02:30:53
2390,2005-06-18 15:29:26,2748,239,2005-06-23 17:50:26,1,2006-02-16 02:30:53
2391,2005-06-18 15:33:30,2850,491,2005-06-25 14:30:30,1,2006-02-16 02:30:53
2392,2005-06-18 15:34:18,2213,261,2005-06-19 16:22:18,1,2006-02-16 02:30:53
2393,2005-06-18 15:37:55,3143,21,2005-06-25 17:11:55,1,2006-02-16 02:30:53
2394,2005-06-18 15:42:30,2669,60,2005-06-26 16:12:30,1,2006-02-16 02:30:53
2395,2005-06-18 15:45:15,899,544,2005-06-27 19:11:15,2,2006-02-16 02:30:53
2396,2005-06-18 15:49:48,1986,31,2005-06-27 20:31:48,2,2006-02-16 02:30:53
2397,2005-06-18 15:51:25,2895,76,2005-06-24 15:52:25,1,2006-02-16 02:30:53
2398,2005-06-18 15:56:53,3001,526,2005-06-27 14:25:53,2,2006-02-16 02:30:53
2399,2005-06-18 16:06:14,2492,577,2005-06-26 16:56:14,2,2006-02-16 02:30:53
2400,2005-06-18 16:10:46,3194,410,2005-06-25 20:34:46,1,2006-02-16 02:30:53
2401,2005-06-18 16:22:03,85,359,2005-06-19 13:49:03,2,2006-02-16 02:30:53
2402,2005-06-18 16:24:45,2833,360,2005-06-27 14:39:45,1,2006-02-16 02:30:53
2403,2005-06-18 16:33:22,2697,536,2005-06-23 19:25:22,1,2006-02-16 02:30:53
2404,2005-06-18 16:33:48,4138,456,2005-06-23 20:39:48,2,2006-02-16 02:30:53
2405,2005-06-18 16:36:38,3604,356,2005-06-21 19:15:38,1,2006-02-16 02:30:53
2406,2005-06-18 16:39:37,1321,497,2005-06-23 12:04:37,1,2006-02-16 02:30:53
2407,2005-06-18 16:50:41,2547,421,2005-06-24 15:29:41,2,2006-02-16 02:30:53
2408,2005-06-18 16:50:44,258,87,2005-06-19 20:11:44,1,2006-02-16 02:30:53
2409,2005-06-18 16:53:33,656,84,2005-06-20 18:23:33,1,2006-02-16 02:30:53
2410,2005-06-18 16:55:08,265,381,2005-06-20 12:40:08,2,2006-02-16 02:30:53
2411,2005-06-18 16:55:54,3302,558,2005-06-25 12:44:54,1,2006-02-16 02:30:53
2412,2005-06-18 16:58:58,1946,127,2005-06-27 22:57:58,1,2006-02-16 02:30:53
2413,2005-06-18 16:59:34,1851,170,2005-06-27 16:10:34,2,2006-02-16 02:30:53
2414,2005-06-18 17:01:55,4500,275,2005-06-20 17:42:55,1,2006-02-16 02:30:53
2415,2005-06-18 17:02:42,3105,434,2005-06-25 13:16:42,2,2006-02-16 02:30:53
2416,2005-06-18 17:07:34,2868,26,2005-06-24 19:16:34,1,2006-02-16 02:30:53
2417,2005-06-18 17:12:01,1956,219,2005-06-26 13:32:01,1,2006-02-16 02:30:53
2418,2005-06-18 17:14:42,2756,381,2005-06-26 16:33:42,1,2006-02-16 02:30:53
2419,2005-06-18 17:21:24,1255,102,2005-06-26 18:25:24,1,2006-02-16 02:30:53
2420,2005-06-18 17:22:28,241,502,2005-06-23 17:45:28,1,2006-02-16 02:30:53
2421,2005-06-18 17:25:05,3524,26,2005-06-23 21:09:05,2,2006-02-16 02:30:53
2422,2005-06-18 17:28:57,3170,527,2005-06-23 15:22:57,1,2006-02-16 02:30:53
2423,2005-06-18 17:32:08,1744,231,2005-06-21 11:58:08,1,2006-02-16 02:30:53
2424,2005-06-18 17:35:08,1884,233,2005-06-23 15:33:08,1,2006-02-16 02:30:53
2425,2005-06-18 17:37:45,2630,579,2005-06-27 18:40:45,2,2006-02-16 02:30:53
2426,2005-06-18 17:40:44,474,543,2005-06-22 14:30:44,2,2006-02-16 02:30:53
2427,2005-06-18 17:45:00,4278,176,2005-06-27 20:07:00,2,2006-02-16 02:30:53
2428,2005-06-18 17:47:34,3892,241,2005-06-19 14:39:34,2,2006-02-16 02:30:53
2429,2005-06-18 17:48:28,3238,583,2005-06-27 15:52:28,1,2006-02-16 02:30:53
2430,2005-06-18 17:51:46,1984,434,2005-06-23 19:17:46,1,2006-02-16 02:30:53
2431,2005-06-18 17:53:03,1383,295,2005-06-25 15:08:03,2,2006-02-16 02:30:53
2432,2005-06-18 17:59:18,4420,250,2005-06-25 15:19:18,2,2006-02-16 02:30:53
2433,2005-06-18 18:10:17,937,356,2005-06-23 14:46:17,2,2006-02-16 02:30:53
2434,2005-06-18 18:11:51,3739,12,2005-06-23 12:52:51,2,2006-02-16 02:30:53
2435,2005-06-18 18:12:26,3548,173,2005-06-22 13:43:26,2,2006-02-16 02:30:53
2436,2005-06-18 18:13:32,3328,534,2005-06-21 13:33:32,2,2006-02-16 02:30:53
2437,2005-06-18 18:30:26,1799,454,2005-06-21 18:36:26,1,2006-02-16 02:30:53
2438,2005-06-18 18:34:21,184,31,2005-06-19 16:50:21,1,2006-02-16 02:30:53
2439,2005-06-18 18:35:04,909,39,2005-06-21 19:47:04,2,2006-02-16 02:30:53
2440,2005-06-18 18:41:09,2866,380,2005-06-22 12:46:09,1,2006-02-16 02:30:53
2441,2005-06-18 18:45:11,3148,593,2005-06-20 00:42:11,1,2006-02-16 02:30:53
2442,2005-06-18 18:49:18,4045,364,2005-06-22 16:18:18,1,2006-02-16 02:30:53
2443,2005-06-18 18:52:30,1622,233,2005-06-24 21:27:30,1,2006-02-16 02:30:53
2444,2005-06-18 18:58:12,2233,576,2005-06-27 20:48:12,1,2006-02-16 02:30:53
2445,2005-06-18 19:02:11,2887,98,2005-06-23 22:25:11,1,2006-02-16 02:30:53
2446,2005-06-18 19:04:41,1283,466,2005-06-27 17:10:41,2,2006-02-16 02:30:53
2447,2005-06-18 19:10:55,2353,523,2005-06-27 16:35:55,1,2006-02-16 02:30:53
2448,2005-06-18 19:13:45,1642,308,2005-06-27 14:43:45,1,2006-02-16 02:30:53
2449,2005-06-18 19:18:36,3630,498,2005-06-27 23:49:36,1,2006-02-16 02:30:53
2450,2005-06-18 19:25:47,863,230,2005-06-27 15:54:47,1,2006-02-16 02:30:53
2451,2005-06-18 19:28:02,835,24,2005-06-23 16:41:02,1,2006-02-16 02:30:53
2452,2005-06-18 19:29:21,4318,77,2005-06-26 22:27:21,1,2006-02-16 02:30:53
2453,2005-06-18 19:30:53,2562,588,2005-06-20 17:22:53,1,2006-02-16 02:30:53
2454,2005-06-18 19:32:51,314,253,2005-06-24 20:03:51,2,2006-02-16 02:30:53
2455,2005-06-18 19:33:06,870,241,2005-06-21 15:21:06,1,2006-02-16 02:30:53
2456,2005-06-18 19:36:50,553,147,2005-06-23 22:48:50,1,2006-02-16 02:30:53
2457,2005-06-18 19:38:20,1277,91,2005-06-26 20:48:20,1,2006-02-16 02:30:53
2458,2005-06-18 19:39:05,599,572,2005-06-21 13:54:05,2,2006-02-16 02:30:53
2459,2005-06-18 19:44:08,1024,185,2005-06-23 19:14:08,2,2006-02-16 02:30:53
2460,2005-06-18 19:54:13,3933,553,2005-06-27 22:36:13,2,2006-02-16 02:30:53
2461,2005-06-18 19:58:12,78,343,2005-06-28 01:35:12,2,2006-02-16 02:30:53
2462,2005-06-18 20:00:15,2151,468,2005-06-21 21:54:15,2,2006-02-16 02:30:53
2463,2005-06-18 20:01:43,1186,194,2005-06-25 15:04:43,2,2006-02-16 02:30:53
2464,2005-06-18 20:06:05,463,380,2005-06-20 19:22:05,1,2006-02-16 02:30:53
2465,2005-06-18 20:07:02,3783,160,2005-06-25 20:55:02,1,2006-02-16 02:30:53
2466,2005-06-18 20:18:42,1356,427,2005-06-20 01:32:42,1,2006-02-16 02:30:53
2467,2005-06-18 20:20:05,4387,177,2005-06-20 17:01:05,1,2006-02-16 02:30:53
2468,2005-06-18 20:23:52,1833,382,2005-06-23 14:34:52,1,2006-02-16 02:30:53
2469,2005-06-18 20:24:23,1993,137,2005-06-27 15:39:23,1,2006-02-16 02:30:53
2470,2005-06-18 20:28:31,4319,40,2005-06-25 18:48:31,1,2006-02-16 02:30:53
2471,2005-06-18 20:31:00,3399,183,2005-06-24 18:01:00,2,2006-02-16 02:30:53
2472,2005-06-18 20:32:40,4556,70,2005-06-20 00:40:40,2,2006-02-16 02:30:53
2473,2005-06-18 20:42:45,3876,221,2005-06-19 20:17:45,1,2006-02-16 02:30:53
2474,2005-06-18 20:51:34,3450,151,2005-06-25 01:39:34,1,2006-02-16 02:30:53
2475,2005-06-18 20:52:46,889,336,2005-06-21 19:40:46,2,2006-02-16 02:30:53
2476,2005-06-18 20:57:12,3998,334,2005-06-20 15:42:12,1,2006-02-16 02:30:53
2477,2005-06-18 20:58:46,2510,206,2005-06-22 21:49:46,1,2006-02-16 02:30:53
2478,2005-06-18 21:01:21,2798,241,2005-06-24 00:20:21,1,2006-02-16 02:30:53
2479,2005-06-18 21:03:08,1624,408,2005-06-22 16:49:08,1,2006-02-16 02:30:53
2480,2005-06-18 21:04:09,4078,310,2005-06-22 16:24:09,1,2006-02-16 02:30:53
2481,2005-06-18 21:08:30,800,322,2005-06-23 02:35:30,2,2006-02-16 02:30:53
2482,2005-06-18 21:10:44,452,122,2005-06-19 20:39:44,1,2006-02-16 02:30:53
2483,2005-06-18 21:22:23,4225,88,2005-06-25 01:14:23,1,2006-02-16 02:30:53
2484,2005-06-18 21:25:23,1511,515,2005-06-24 16:03:23,2,2006-02-16 02:30:53
2485,2005-06-18 21:26:03,1562,56,2005-06-21 22:09:03,2,2006-02-16 02:30:53
2486,2005-06-18 21:26:56,268,15,2005-06-22 23:42:56,1,2006-02-16 02:30:53
2487,2005-06-18 21:32:54,3683,374,2005-06-23 21:11:54,2,2006-02-16 02:30:53
2488,2005-06-18 21:38:26,1338,403,2005-06-24 02:08:26,2,2006-02-16 02:30:53
2489,2005-06-18 22:00:44,4012,382,2005-06-22 02:06:44,2,2006-02-16 02:30:53
2490,2005-06-18 22:00:50,1934,402,2005-06-19 23:45:50,2,2006-02-16 02:30:53
2491,2005-06-18 22:01:31,1779,316,2005-06-26 02:46:31,1,2006-02-16 02:30:53
2492,2005-06-18 22:04:15,2858,237,2005-06-23 21:58:15,1,2006-02-16 02:30:53
2493,2005-06-18 22:12:09,4121,269,2005-06-27 23:44:09,1,2006-02-16 02:30:53
2494,2005-06-18 22:15:09,1313,434,2005-06-25 17:23:09,1,2006-02-16 02:30:53
2495,2005-06-18 22:15:42,3826,338,2005-06-21 23:21:42,1,2006-02-16 02:30:53
2496,2005-06-18 22:20:11,646,527,2005-06-20 03:08:11,2,2006-02-16 02:30:53
2497,2005-06-18 22:50:40,2327,171,2005-06-26 22:39:40,1,2006-02-16 02:30:53
2498,2005-06-18 22:56:26,2291,74,2005-06-22 20:02:26,1,2006-02-16 02:30:53
2499,2005-06-18 23:01:36,3172,348,2005-06-20 21:50:36,2,2006-02-16 02:30:53
2500,2005-06-18 23:07:12,4241,12,2005-06-26 17:27:12,1,2006-02-16 02:30:53
2501,2005-06-18 23:10:11,1185,450,2005-06-24 18:40:11,2,2006-02-16 02:30:53
2502,2005-06-18 23:12:13,2622,325,2005-06-20 04:19:13,2,2006-02-16 02:30:53
2503,2005-06-18 23:17:19,2486,176,2005-06-23 03:57:19,2,2006-02-16 02:30:53
2504,2005-06-18 23:19:53,1684,452,2005-06-21 04:43:53,2,2006-02-16 02:30:53
2505,2005-06-18 23:28:27,1670,519,2005-06-26 01:36:27,1,2006-02-16 02:30:53
2506,2005-06-18 23:29:53,2308,82,2005-06-25 18:11:53,2,2006-02-16 02:30:53
2507,2005-06-18 23:39:22,3121,325,2005-06-21 19:23:22,1,2006-02-16 02:30:53
2508,2005-06-18 23:43:58,4322,476,2005-06-20 19:26:58,2,2006-02-16 02:30:53
2509,2005-06-18 23:44:08,4469,213,2005-06-20 01:36:08,2,2006-02-16 02:30:53
2510,2005-06-18 23:44:21,3827,384,2005-06-24 00:31:21,1,2006-02-16 02:30:53
2511,2005-06-18 23:45:30,1824,234,2005-06-24 01:21:30,2,2006-02-16 02:30:53
2512,2005-06-18 23:48:47,4515,27,2005-06-21 04:58:47,2,2006-02-16 02:30:53
2513,2005-06-18 23:53:15,3379,515,2005-06-24 21:16:15,2,2006-02-16 02:30:53
2514,2005-06-18 23:56:44,2559,382,2005-06-23 21:10:44,1,2006-02-16 02:30:53
2515,2005-06-18 23:57:31,3213,188,2005-06-22 05:31:31,2,2006-02-16 02:30:53
2516,2005-06-19 00:03:28,2678,87,2005-06-21 00:30:28,2,2006-02-16 02:30:53
2517,2005-06-19 00:11:26,53,74,2005-06-25 02:19:26,1,2006-02-16 02:30:53
2518,2005-06-19 00:16:23,3503,86,2005-06-25 19:28:23,2,2006-02-16 02:30:53
2519,2005-06-19 00:19:21,1172,128,2005-06-25 01:46:21,1,2006-02-16 02:30:53
2520,2005-06-19 00:29:00,4181,446,2005-06-28 04:36:00,1,2006-02-16 02:30:53
2521,2005-06-19 00:41:08,132,92,2005-06-22 00:40:08,1,2006-02-16 02:30:53
2522,2005-06-19 00:43:42,550,579,2005-06-28 04:26:42,1,2006-02-16 02:30:53
2523,2005-06-19 00:45:56,460,89,2005-06-21 00:54:56,2,2006-02-16 02:30:53
2524,2005-06-19 00:48:11,441,465,2005-06-25 01:46:11,2,2006-02-16 02:30:53
2525,2005-06-19 00:48:22,1307,365,2005-06-24 19:10:22,2,2006-02-16 02:30:53
2526,2005-06-19 01:03:07,3309,500,2005-06-28 06:57:07,1,2006-02-16 02:30:53
2527,2005-06-19 01:10:31,387,463,2005-06-20 05:37:31,2,2006-02-16 02:30:53
2528,2005-06-19 01:14:12,1836,331,2005-06-26 05:08:12,2,2006-02-16 02:30:53
2529,2005-06-19 01:18:27,2306,478,2005-06-24 00:26:27,1,2006-02-16 02:30:53
2530,2005-06-19 01:20:00,4166,31,2005-06-23 04:10:00,1,2006-02-16 02:30:53
2531,2005-06-19 01:20:49,768,368,2005-06-22 01:50:49,2,2006-02-16 02:30:53
2532,2005-06-19 01:27:46,1870,26,2005-06-20 02:15:46,1,2006-02-16 02:30:53
2533,2005-06-19 01:34:26,4564,187,2005-06-22 20:19:26,1,2006-02-16 02:30:53
2534,2005-06-19 01:38:39,2540,517,2005-06-23 00:16:39,1,2006-02-16 02:30:53
2535,2005-06-19 01:39:04,901,130,2005-06-28 01:33:04,2,2006-02-16 02:30:53
2536,2005-06-19 01:41:34,4232,163,2005-06-27 03:11:34,1,2006-02-16 02:30:53
2537,2005-06-19 01:52:21,3499,388,2005-06-26 02:09:21,1,2006-02-16 02:30:53
2538,2005-06-19 01:56:59,1287,472,2005-06-25 00:54:59,2,2006-02-16 02:30:53
2539,2005-06-19 01:58:39,4474,527,2005-06-19 22:17:39,2,2006-02-16 02:30:53
2540,2005-06-19 02:04:48,4305,363,2005-06-20 22:42:48,2,2006-02-16 02:30:53
2541,2005-06-19 02:08:10,129,360,2005-06-23 23:32:10,1,2006-02-16 02:30:53
2542,2005-06-19 02:08:39,1446,67,2005-06-26 20:25:39,1,2006-02-16 02:30:53
2543,2005-06-19 02:14:11,1729,58,2005-06-21 00:40:11,2,2006-02-16 02:30:53
2544,2005-06-19 02:16:17,1465,558,2005-06-22 21:45:17,1,2006-02-16 02:30:53
2545,2005-06-19 02:23:36,3237,413,2005-06-20 03:17:36,2,2006-02-16 02:30:53
2546,2005-06-19 02:39:39,971,272,2005-06-23 03:56:39,2,2006-02-16 02:30:53
2547,2005-06-19 02:44:17,4560,162,2005-06-24 08:01:17,2,2006-02-16 02:30:53
2548,2005-06-19 02:45:35,4292,561,2005-06-22 06:52:35,2,2006-02-16 02:30:53
2549,2005-06-19 02:46:39,3854,495,2005-06-26 22:30:39,2,2006-02-16 02:30:53
2550,2005-06-19 02:49:55,1370,38,2005-06-24 01:37:55,1,2006-02-16 02:30:53
2551,2005-06-19 02:51:04,2007,444,2005-06-28 05:02:04,1,2006-02-16 02:30:53
2552,2005-06-19 03:01:29,664,389,2005-06-28 04:13:29,1,2006-02-16 02:30:53
2553,2005-06-19 03:04:59,923,473,2005-06-26 02:36:59,2,2006-02-16 02:30:53
2554,2005-06-19 03:05:38,3916,322,2005-06-25 23:03:38,1,2006-02-16 02:30:53
2555,2005-06-19 03:07:02,260,191,2005-06-25 05:25:02,2,2006-02-16 02:30:53
2556,2005-06-19 03:07:32,125,377,2005-06-23 23:09:32,1,2006-02-16 02:30:53
2557,2005-06-19 03:08:51,4546,257,2005-06-20 07:59:51,1,2006-02-16 02:30:53
2558,2005-06-19 03:09:16,2920,361,2005-06-24 05:29:16,1,2006-02-16 02:30:53
2559,2005-06-19 03:09:46,4433,414,2005-06-28 07:49:46,1,2006-02-16 02:30:53
2560,2005-06-19 03:12:42,3340,309,2005-06-28 02:28:42,1,2006-02-16 02:30:53
2561,2005-06-19 03:14:52,4128,256,2005-06-21 02:42:52,2,2006-02-16 02:30:53
2562,2005-06-19 03:15:05,51,265,2005-06-21 08:26:05,2,2006-02-16 02:30:53
2563,2005-06-19 03:24:17,1935,41,2005-06-23 04:08:17,2,2006-02-16 02:30:53
2564,2005-06-19 03:41:10,4008,408,2005-06-24 03:10:10,1,2006-02-16 02:30:53
2565,2005-06-19 03:44:03,2347,128,2005-06-24 01:26:03,2,2006-02-16 02:30:53
2566,2005-06-19 03:45:39,495,486,2005-06-25 08:43:39,2,2006-02-16 02:30:53
2567,2005-06-19 04:04:46,216,496,2005-06-19 23:39:46,2,2006-02-16 02:30:53
2568,2005-06-19 04:09:03,3032,190,2005-06-24 23:24:03,1,2006-02-16 02:30:53
2569,2005-06-19 04:19:04,30,213,2005-06-26 04:31:04,1,2006-02-16 02:30:53
2570,2005-06-19 04:20:13,1105,5,2005-06-25 07:00:13,1,2006-02-16 02:30:53
2571,2005-06-19 04:20:14,1800,66,2005-06-21 07:28:14,2,2006-02-16 02:30:53
2572,2005-06-19 04:21:26,2449,159,2005-06-23 09:22:26,2,2006-02-16 02:30:53
2573,2005-06-19 04:23:18,3354,563,2005-06-23 06:04:18,1,2006-02-16 02:30:53
2574,2005-06-19 04:23:52,3320,143,2005-06-20 05:24:52,1,2006-02-16 02:30:53
2575,2005-06-19 04:32:52,354,336,2005-06-24 09:37:52,1,2006-02-16 02:30:53
2576,2005-06-19 04:34:15,2928,559,2005-06-28 10:02:15,2,2006-02-16 02:30:53
2577,2005-06-19 04:36:03,447,66,2005-06-28 00:38:03,2,2006-02-16 02:30:53
2578,2005-06-19 04:40:06,1695,267,2005-06-26 09:37:06,2,2006-02-16 02:30:53
2579,2005-06-19 04:40:44,3836,493,2005-06-22 09:22:44,1,2006-02-16 02:30:53
2580,2005-06-19 04:44:30,2527,219,2005-06-23 04:15:30,1,2006-02-16 02:30:53
2581,2005-06-19 04:54:13,376,456,2005-06-23 23:28:13,2,2006-02-16 02:30:53
2582,2005-06-19 04:56:27,201,267,2005-06-26 08:56:27,2,2006-02-16 02:30:53
2583,2005-06-19 05:01:40,3999,523,2005-06-28 00:04:40,1,2006-02-16 02:30:53
2584,2005-06-19 05:02:36,3733,90,2005-06-28 04:52:36,2,2006-02-16 02:30:53
2585,2005-06-19 05:05:03,91,406,2005-06-20 09:28:03,1,2006-02-16 02:30:53
2586,2005-06-19 05:05:11,4104,537,2005-06-27 00:23:11,1,2006-02-16 02:30:53
2587,2005-06-19 05:06:14,2188,331,2005-06-24 10:50:14,2,2006-02-16 02:30:53
2588,2005-06-19 05:20:31,3626,143,2005-06-22 04:20:31,2,2006-02-16 02:30:53
2589,2005-06-19 05:21:27,225,164,2005-06-21 09:55:27,2,2006-02-16 02:30:53
2590,2005-06-19 05:31:40,3572,324,2005-06-20 07:58:40,2,2006-02-16 02:30:53
2591,2005-06-19 05:32:22,4481,438,2005-06-25 23:42:22,1,2006-02-16 02:30:53
2592,2005-06-19 05:36:54,282,208,2005-06-21 08:44:54,1,2006-02-16 02:30:53
2593,2005-06-19 05:40:11,2031,556,2005-06-28 08:11:11,1,2006-02-16 02:30:53
2594,2005-06-19 05:43:43,829,123,2005-06-25 03:41:43,2,2006-02-16 02:30:53
2595,2005-06-19 05:43:55,3197,122,2005-06-25 10:20:55,1,2006-02-16 02:30:53
2596,2005-06-19 05:48:26,2229,80,2005-06-24 10:16:26,1,2006-02-16 02:30:53
2597,2005-06-19 05:53:46,2278,407,2005-06-20 05:14:46,1,2006-02-16 02:30:53
2598,2005-06-19 05:59:57,2079,265,2005-06-24 11:44:57,2,2006-02-16 02:30:53
2599,2005-06-19 06:06:07,461,171,2005-06-27 01:10:07,1,2006-02-16 02:30:53
2600,2005-06-19 06:07:25,469,423,2005-06-28 03:37:25,2,2006-02-16 02:30:53
2601,2005-06-19 06:09:44,2898,98,2005-06-20 08:03:44,1,2006-02-16 02:30:53
2602,2005-06-19 06:10:08,4124,173,2005-06-24 00:39:08,2,2006-02-16 02:30:53
2603,2005-06-19 06:21:25,587,222,2005-06-26 03:19:25,1,2006-02-16 02:30:53
2604,2005-06-19 06:30:10,2889,28,2005-06-25 11:16:10,2,2006-02-16 02:30:53
2605,2005-06-19 06:48:01,2342,38,2005-06-25 07:00:01,1,2006-02-16 02:30:53
2606,2005-06-19 06:51:32,4133,364,2005-06-21 03:15:32,2,2006-02-16 02:30:53
2607,2005-06-19 06:55:01,3922,340,2005-06-25 03:21:01,2,2006-02-16 02:30:53
2608,2005-06-19 07:10:36,1618,132,2005-06-24 13:09:36,1,2006-02-16 02:30:53
2609,2005-06-19 07:13:12,2254,383,2005-06-28 12:30:12,2,2006-02-16 02:30:53
2610,2005-06-19 07:16:20,3845,542,2005-06-25 09:39:20,2,2006-02-16 02:30:53
2611,2005-06-19 07:18:17,3682,301,2005-06-21 10:19:17,1,2006-02-16 02:30:53
2612,2005-06-19 07:19:41,1691,287,2005-06-25 11:10:41,1,2006-02-16 02:30:53
2613,2005-06-19 07:25:50,3830,179,2005-06-21 03:04:50,1,2006-02-16 02:30:53
2614,2005-06-19 07:28:11,4147,145,2005-06-22 12:33:11,1,2006-02-16 02:30:53
2615,2005-06-19 07:29:13,3810,578,2005-06-27 12:50:13,1,2006-02-16 02:30:53
2616,2005-06-19 07:33:00,581,478,2005-06-28 03:05:00,1,2006-02-16 02:30:53
2617,2005-06-19 07:48:31,204,313,2005-06-27 11:56:31,1,2006-02-16 02:30:53
2618,2005-06-19 08:03:01,2465,310,2005-06-24 03:23:01,2,2006-02-16 02:30:53
2619,2005-06-19 08:03:12,1848,350,2005-06-21 05:02:12,2,2006-02-16 02:30:53
2620,2005-06-19 08:06:29,3183,94,2005-06-24 11:42:29,1,2006-02-16 02:30:53
2621,2005-06-19 08:07:31,1746,439,2005-06-28 05:36:31,1,2006-02-16 02:30:53
2622,2005-06-19 08:10:41,1393,573,2005-06-28 10:44:41,2,2006-02-16 02:30:53
2623,2005-06-19 08:11:51,4477,12,2005-06-26 12:28:51,2,2006-02-16 02:30:53
2624,2005-06-19 08:22:09,3071,32,2005-06-27 11:13:09,1,2006-02-16 02:30:53
2625,2005-06-19 08:23:11,3946,25,2005-06-26 09:52:11,2,2006-02-16 02:30:53
2626,2005-06-19 08:28:44,2816,450,2005-06-24 03:58:44,1,2006-02-16 02:30:53
2627,2005-06-19 08:32:00,2779,592,2005-06-24 04:31:00,2,2006-02-16 02:30:53
2628,2005-06-19 08:34:53,3917,3,2005-06-28 04:19:53,2,2006-02-16 02:30:53
2629,2005-06-19 08:42:12,1810,458,2005-06-28 03:38:12,2,2006-02-16 02:30:53
2630,2005-06-19 08:47:21,3904,236,2005-06-25 09:31:21,1,2006-02-16 02:30:53
2631,2005-06-19 08:49:53,3471,39,2005-06-26 03:25:53,1,2006-02-16 02:30:53
2632,2005-06-19 08:51:47,2274,574,2005-06-23 07:13:47,2,2006-02-16 02:30:53
2633,2005-06-19 08:53:10,3462,68,2005-06-20 07:56:10,1,2006-02-16 02:30:53
2634,2005-06-19 08:55:17,3687,318,2005-06-20 11:44:17,2,2006-02-16 02:30:53
2635,2005-06-19 09:08:45,3332,105,2005-06-26 09:20:45,1,2006-02-16 02:30:53
2636,2005-06-19 09:13:06,2102,253,2005-06-25 07:47:06,2,2006-02-16 02:30:53
2637,2005-06-19 09:20:56,2736,327,2005-06-27 10:09:56,2,2006-02-16 02:30:53
2638,2005-06-19 09:23:30,2944,295,2005-06-26 14:56:30,1,2006-02-16 02:30:53
2639,2005-06-19 09:24:02,3971,116,2005-06-21 14:16:02,2,2006-02-16 02:30:53
2640,2005-06-19 09:26:13,721,540,2005-06-20 14:38:13,1,2006-02-16 02:30:53
2641,2005-06-19 09:38:33,231,374,2005-06-22 09:55:33,1,2006-02-16 02:30:53
2642,2005-06-19 09:39:01,2065,4,2005-06-25 08:33:01,1,2006-02-16 02:30:53
2643,2005-06-19 09:39:27,1928,318,2005-06-26 10:27:27,2,2006-02-16 02:30:53
2644,2005-06-19 09:42:30,1923,309,2005-06-27 07:23:30,2,2006-02-16 02:30:53
2645,2005-06-19 09:50:35,2284,181,2005-06-28 06:47:35,2,2006-02-16 02:30:53
2646,2005-06-19 09:56:01,3511,275,2005-06-21 04:15:01,2,2006-02-16 02:30:53
2647,2005-06-19 09:57:56,1954,54,2005-06-22 15:55:56,1,2006-02-16 02:30:53
2648,2005-06-19 10:06:20,1620,31,2005-06-21 04:30:20,2,2006-02-16 02:30:53
2649,2005-06-19 10:20:09,98,153,2005-06-21 10:05:09,1,2006-02-16 02:30:53
2650,2005-06-19 10:21:45,4211,209,2005-06-21 08:01:45,1,2006-02-16 02:30:53
2651,2005-06-19 10:22:56,2181,576,2005-06-27 13:37:56,1,2006-02-16 02:30:53
2652,2005-06-19 10:35:26,3108,589,2005-06-28 08:03:26,1,2006-02-16 02:30:53
2653,2005-06-19 10:36:53,3528,340,2005-06-26 15:15:53,1,2006-02-16 02:30:53
2654,2005-06-19 10:37:54,3697,405,2005-06-27 11:44:54,2,2006-02-16 02:30:53
2655,2005-06-19 10:38:42,1649,29,2005-06-23 14:20:42,1,2006-02-16 02:30:53
2656,2005-06-19 10:42:33,559,280,2005-06-24 08:31:33,2,2006-02-16 02:30:53
2657,2005-06-19 10:42:59,3595,19,2005-06-28 12:37:59,1,2006-02-16 02:30:53
2658,2005-06-19 10:43:42,3281,156,2005-06-24 16:23:42,1,2006-02-16 02:30:53
2659,2005-06-19 10:47:42,66,139,2005-06-23 14:03:42,1,2006-02-16 02:30:53
2660,2005-06-19 10:50:02,4341,221,2005-06-28 12:49:02,1,2006-02-16 02:30:53
2661,2005-06-19 10:50:52,3652,452,2005-06-25 08:44:52,2,2006-02-16 02:30:53
2662,2005-06-19 10:53:42,3936,68,2005-06-20 11:41:42,1,2006-02-16 02:30:53
2663,2005-06-19 10:54:00,1012,583,2005-06-20 16:48:00,1,2006-02-16 02:30:53
2664,2005-06-19 11:11:23,3496,299,2005-06-28 08:30:23,2,2006-02-16 02:30:53
2665,2005-06-19 11:12:35,4531,133,2005-06-26 11:55:35,2,2006-02-16 02:30:53
2666,2005-06-19 11:17:12,1872,454,2005-06-28 12:47:12,1,2006-02-16 02:30:53
2667,2005-06-19 11:28:46,1028,200,2005-06-27 11:48:46,2,2006-02-16 02:30:53
2668,2005-06-19 11:28:47,3127,568,2005-06-24 10:12:47,2,2006-02-16 02:30:53
2669,2005-06-19 11:28:52,2734,523,2005-06-20 16:43:52,1,2006-02-16 02:30:53
2670,2005-06-19 11:30:16,3518,457,2005-06-21 17:25:16,2,2006-02-16 02:30:53
2671,2005-06-19 11:33:11,2164,451,2005-06-26 14:30:11,2,2006-02-16 02:30:53
2672,2005-06-19 11:42:04,1164,420,2005-06-25 09:14:04,2,2006-02-16 02:30:53
2673,2005-06-19 11:42:20,2487,29,2005-06-23 07:16:20,1,2006-02-16 02:30:53
2674,2005-06-19 11:47:59,3744,585,2005-06-20 08:09:59,1,2006-02-16 02:30:53
2675,2005-06-19 11:52:15,3078,230,2005-06-23 16:45:15,1,2006-02-16 02:30:53
2676,2005-06-19 11:54:57,3938,477,2005-06-24 15:34:57,2,2006-02-16 02:30:53
2677,2005-06-19 12:01:59,4384,428,2005-06-21 06:15:59,2,2006-02-16 02:30:53
2678,2005-06-19 12:12:23,4230,258,2005-06-21 16:28:23,2,2006-02-16 02:30:53
2679,2005-06-19 12:12:30,1994,109,2005-06-27 08:27:30,1,2006-02-16 02:30:53
2680,2005-06-19 12:13:37,865,114,2005-06-27 15:15:37,1,2006-02-16 02:30:53
2681,2005-06-19 12:15:27,2704,196,2005-06-21 16:48:27,2,2006-02-16 02:30:53
2682,2005-06-19 12:18:17,3609,538,2005-06-28 14:09:17,1,2006-02-16 02:30:53
2683,2005-06-19 12:27:19,2860,241,2005-06-21 16:26:19,2,2006-02-16 02:30:53
2684,2005-06-19 12:29:08,1225,17,2005-06-28 08:50:08,2,2006-02-16 02:30:53
2685,2005-06-19 12:35:21,1170,283,2005-06-22 16:58:21,1,2006-02-16 02:30:53
2686,2005-06-19 12:44:20,2686,68,2005-06-20 16:00:20,1,2006-02-16 02:30:53
2687,2005-06-19 12:46:52,3152,254,2005-06-23 06:58:52,2,2006-02-16 02:30:53
2688,2005-06-19 12:50:56,4281,309,2005-06-28 17:58:56,2,2006-02-16 02:30:53
2689,2005-06-19 12:58:53,2478,567,2005-06-24 17:35:53,1,2006-02-16 02:30:53
2690,2005-06-19 13:00:02,1381,391,2005-06-27 14:29:02,1,2006-02-16 02:30:53
2691,2005-06-19 13:06:50,3469,242,2005-06-26 15:56:50,1,2006-02-16 02:30:53
2692,2005-06-19 13:08:19,3162,388,2005-06-21 16:45:19,1,2006-02-16 02:30:53
2693,2005-06-19 13:11:47,2570,107,2005-06-27 11:17:47,1,2006-02-16 02:30:53
2694,2005-06-19 13:17:21,380,368,2005-06-24 15:09:21,1,2006-02-16 02:30:53
2695,2005-06-19 13:25:53,190,208,2005-06-24 17:12:53,2,2006-02-16 02:30:53
2696,2005-06-19 13:28:42,2110,597,2005-06-28 14:06:42,2,2006-02-16 02:30:53
2697,2005-06-19 13:29:08,2271,448,2005-06-23 13:21:08,1,2006-02-16 02:30:53
2698,2005-06-19 13:29:11,3900,420,2005-06-20 07:31:11,2,2006-02-16 02:30:53
2699,2005-06-19 13:29:28,72,267,2005-06-24 11:15:28,2,2006-02-16 02:30:53
2700,2005-06-19 13:31:52,928,180,2005-06-27 19:30:52,1,2006-02-16 02:30:53
2701,2005-06-19 13:33:06,1623,29,2005-06-28 15:11:06,2,2006-02-16 02:30:53
2702,2005-06-19 13:35:56,1736,329,2005-06-20 14:07:56,2,2006-02-16 02:30:53
2703,2005-06-19 13:36:06,4080,319,2005-06-28 08:26:06,2,2006-02-16 02:30:53
2704,2005-06-19 13:50:10,2026,246,2005-06-26 18:25:10,2,2006-02-16 02:30:53
2705,2005-06-19 13:54:30,1191,562,2005-06-20 12:31:30,1,2006-02-16 02:30:53
2706,2005-06-19 13:56:51,373,559,2005-06-21 17:23:51,2,2006-02-16 02:30:53
2707,2005-06-19 13:57:08,4486,589,2005-06-27 11:09:08,2,2006-02-16 02:30:53
2708,2005-06-19 13:59:05,2659,541,2005-06-24 10:02:05,2,2006-02-16 02:30:53
2709,2005-06-19 14:00:26,2877,7,2005-06-23 14:56:26,2,2006-02-16 02:30:53
2710,2005-06-19 14:03:56,2965,446,2005-06-21 16:15:56,1,2006-02-16 02:30:53
2711,2005-06-19 14:12:22,3944,313,2005-06-21 09:29:22,1,2006-02-16 02:30:53
2712,2005-06-19 14:20:13,3132,411,2005-06-22 19:08:13,1,2006-02-16 02:30:53
2713,2005-06-19 14:23:09,3979,378,2005-06-20 17:55:09,1,2006-02-16 02:30:53
2714,2005-06-19 14:26:09,2853,81,2005-06-23 17:24:09,2,2006-02-16 02:30:53
2715,2005-06-19 14:29:35,2082,404,2005-06-26 08:44:35,2,2006-02-16 02:30:53
2716,2005-06-19 14:40:17,944,252,2005-06-27 17:45:17,2,2006-02-16 02:30:53
2717,2005-06-19 14:46:10,140,200,2005-06-22 20:17:10,1,2006-02-16 02:30:53
2718,2005-06-19 14:49:42,4443,139,2005-06-26 19:37:42,1,2006-02-16 02:30:53
2719,2005-06-19 14:50:19,1200,336,2005-06-20 14:33:19,2,2006-02-16 02:30:53
2720,2005-06-19 14:51:55,3597,504,2005-06-27 13:06:55,1,2006-02-16 02:30:53
2721,2005-06-19 14:53:24,3786,358,2005-06-21 18:22:24,2,2006-02-16 02:30:53
2722,2005-06-19 14:55:17,952,45,2005-06-25 13:11:17,2,2006-02-16 02:30:53
2723,2005-06-19 14:55:23,4317,277,2005-06-20 14:28:23,1,2006-02-16 02:30:53
2724,2005-06-19 14:57:54,3879,103,2005-06-22 16:31:54,2,2006-02-16 02:30:53
2725,2005-06-19 15:01:23,63,246,2005-06-22 09:08:23,1,2006-02-16 02:30:53
2726,2005-06-19 15:02:20,2970,420,2005-06-21 15:38:20,1,2006-02-16 02:30:53
2727,2005-06-19 15:02:39,3261,129,2005-06-28 17:49:39,1,2006-02-16 02:30:53
2728,2005-06-19 15:04:04,775,408,2005-06-22 12:22:04,2,2006-02-16 02:30:53
2729,2005-06-19 15:06:15,4449,510,2005-06-27 17:58:15,2,2006-02-16 02:30:53
2730,2005-06-19 15:10:09,1264,30,2005-06-28 13:05:09,1,2006-02-16 02:30:53
2731,2005-06-19 15:14:55,4218,138,2005-06-27 14:30:55,2,2006-02-16 02:30:53
2732,2005-06-19 15:19:39,610,386,2005-06-25 19:39:39,2,2006-02-16 02:30:53
2733,2005-06-19 15:21:53,1535,188,2005-06-23 11:58:53,2,2006-02-16 02:30:53
2734,2005-06-19 15:36:27,794,204,2005-06-20 13:44:27,2,2006-02-16 02:30:53
2735,2005-06-19 15:42:07,4550,29,2005-06-22 17:28:07,1,2006-02-16 02:30:53
2736,2005-06-19 15:43:20,4510,359,2005-06-21 13:03:20,1,2006-02-16 02:30:53
2737,2005-06-19 15:48:33,3131,513,2005-06-26 18:44:33,2,2006-02-16 02:30:53
2738,2005-06-19 15:56:30,350,75,2005-06-20 16:14:30,2,2006-02-16 02:30:53
2739,2005-06-19 15:58:38,213,212,2005-06-27 15:01:38,2,2006-02-16 02:30:53
2740,2005-06-19 15:59:04,1534,92,2005-06-28 12:18:04,2,2006-02-16 02:30:53
2741,2005-06-19 16:05:41,1662,36,2005-06-20 20:48:41,1,2006-02-16 02:30:53
2742,2005-06-19 16:05:47,4154,187,2005-06-26 21:34:47,1,2006-02-16 02:30:53
2743,2005-06-19 16:15:56,2611,35,2005-06-23 12:30:56,1,2006-02-16 02:30:53
2744,2005-06-19 16:20:40,4511,368,2005-06-22 11:44:40,2,2006-02-16 02:30:53
2745,2005-06-19 16:21:19,1253,26,2005-06-21 22:07:19,2,2006-02-16 02:30:53
2746,2005-06-19 16:21:40,933,562,2005-06-28 11:56:40,2,2006-02-16 02:30:53
2747,2005-06-19 16:22:07,1374,422,2005-06-24 19:28:07,1,2006-02-16 02:30:53
2748,2005-06-19 16:22:26,511,473,2005-06-21 21:55:26,1,2006-02-16 02:30:53
2749,2005-06-19 16:27:35,1540,358,2005-06-25 21:06:35,2,2006-02-16 02:30:53
2750,2005-06-19 16:37:24,3775,197,2005-06-20 13:55:24,2,2006-02-16 02:30:53
2751,2005-06-19 16:39:23,1291,148,2005-06-25 13:57:23,1,2006-02-16 02:30:53
2752,2005-06-19 16:44:18,386,149,2005-06-22 12:40:18,2,2006-02-16 02:30:53
2753,2005-06-19 16:44:35,2408,23,2005-06-24 13:45:35,1,2006-02-16 02:30:53
2754,2005-06-19 16:55:59,1761,267,2005-06-26 18:11:59,1,2006-02-16 02:30:53
2755,2005-06-19 16:56:31,946,506,2005-06-27 12:02:31,2,2006-02-16 02:30:53
2756,2005-06-19 16:57:42,3264,144,2005-06-26 15:30:42,2,2006-02-16 02:30:53
2757,2005-06-19 17:01:14,3814,243,2005-06-28 11:38:14,1,2006-02-16 02:30:53
2758,2005-06-19 17:04:35,3558,423,2005-06-26 14:45:35,2,2006-02-16 02:30:53
2759,2005-06-19 17:10:24,687,351,2005-06-24 21:56:24,2,2006-02-16 02:30:53
2760,2005-06-19 17:16:33,2602,192,2005-06-26 14:58:33,1,2006-02-16 02:30:53
2761,2005-06-19 17:22:17,2134,431,2005-06-20 20:20:17,2,2006-02-16 02:30:53
2762,2005-06-19 17:22:31,3431,457,2005-06-25 22:43:31,2,2006-02-16 02:30:53
2763,2005-06-19 17:23:34,3096,276,2005-06-21 21:37:34,2,2006-02-16 02:30:53
2764,2005-06-19 17:27:25,1718,479,2005-06-28 17:18:25,2,2006-02-16 02:30:53
2765,2005-06-19 17:34:39,1017,478,2005-06-27 23:26:39,1,2006-02-16 02:30:53
2766,2005-06-19 17:45:15,3421,345,2005-06-23 20:11:15,2,2006-02-16 02:30:53
2767,2005-06-19 17:46:35,4052,596,2005-06-24 22:42:35,1,2006-02-16 02:30:53
2768,2005-06-19 17:46:52,3018,129,2005-06-25 21:49:52,1,2006-02-16 02:30:53
2769,2005-06-19 17:52:14,1222,354,2005-06-26 20:30:14,2,2006-02-16 02:30:53
2770,2005-06-19 17:54:22,3042,533,2005-06-26 23:09:22,2,2006-02-16 02:30:53
2771,2005-06-19 17:54:48,40,262,2005-06-27 17:14:48,1,2006-02-16 02:30:53
2772,2005-06-19 17:59:27,1221,520,2005-06-23 17:52:27,1,2006-02-16 02:30:53
2773,2005-06-19 18:04:18,4155,505,2005-06-28 23:52:18,1,2006-02-16 02:30:53
2774,2005-06-19 18:05:11,2809,299,2005-06-21 16:21:11,2,2006-02-16 02:30:53
2775,2005-06-19 18:14:20,672,590,2005-06-26 19:52:20,1,2006-02-16 02:30:53
2776,2005-06-19 18:16:24,1726,551,2005-06-26 14:43:24,2,2006-02-16 02:30:53
2777,2005-06-19 18:16:26,4092,230,2005-06-20 13:43:26,2,2006-02-16 02:30:53
2778,2005-06-19 18:18:12,3357,422,2005-06-28 21:43:12,1,2006-02-16 02:30:53
2779,2005-06-19 18:19:07,1020,376,2005-06-23 18:25:07,2,2006-02-16 02:30:53
2780,2005-06-19 18:19:33,1513,360,2005-06-28 22:29:33,1,2006-02-16 02:30:53
2781,2005-06-19 18:24:42,1230,197,2005-06-27 17:02:42,2,2006-02-16 02:30:53
2782,2005-06-19 18:25:07,3644,156,2005-06-22 14:10:07,1,2006-02-16 02:30:53
2783,2005-06-19 18:29:10,2778,113,2005-06-21 22:09:10,1,2006-02-16 02:30:53
2784,2005-06-19 18:40:29,2305,289,2005-06-28 15:27:29,1,2006-02-16 02:30:53
2785,2005-06-19 18:43:57,826,137,2005-06-24 15:36:57,2,2006-02-16 02:30:53
2786,2005-06-19 18:46:43,2255,594,2005-06-22 16:52:43,1,2006-02-16 02:30:53
2787,2005-06-19 18:47:00,3371,307,2005-06-22 20:22:00,2,2006-02-16 02:30:53
2788,2005-06-19 18:48:11,1457,171,2005-06-21 13:32:11,1,2006-02-16 02:30:53
2789,2005-06-19 18:48:21,2398,514,2005-06-21 21:50:21,1,2006-02-16 02:30:53
2790,2005-06-19 18:49:45,202,97,2005-06-21 00:13:45,1,2006-02-16 02:30:53
2791,2005-06-19 18:51:27,2174,299,2005-06-22 19:35:27,2,2006-02-16 02:30:53
2792,2005-06-19 18:52:25,3057,437,2005-06-23 17:39:25,1,2006-02-16 02:30:53
2793,2005-06-19 18:52:37,732,419,2005-06-25 19:45:37,2,2006-02-16 02:30:53
2794,2005-06-19 18:53:05,1957,85,2005-06-22 13:15:05,1,2006-02-16 02:30:53
2795,2005-06-19 18:58:53,3694,129,2005-06-28 18:56:53,1,2006-02-16 02:30:53
2796,2005-06-19 19:00:37,2337,209,2005-06-25 17:18:37,2,2006-02-16 02:30:53
2797,2005-06-19 19:04:32,3222,486,2005-06-20 22:43:32,1,2006-02-16 02:30:53
2798,2005-06-19 19:07:48,1343,180,2005-06-23 00:09:48,2,2006-02-16 02:30:53
2799,2005-06-19 19:15:21,4579,576,2005-06-21 21:35:21,1,2006-02-16 02:30:53
2800,2005-06-19 19:15:56,183,146,2005-06-23 00:15:56,1,2006-02-16 02:30:53
2801,2005-06-19 19:18:09,4572,29,2005-06-20 20:11:09,2,2006-02-16 02:30:53
2802,2005-06-19 19:18:17,4067,489,2005-06-21 17:58:17,2,2006-02-16 02:30:53
2803,2005-06-19 19:18:27,103,120,2005-06-27 21:48:27,1,2006-02-16 02:30:53
2804,2005-06-19 19:24:54,88,426,2005-06-25 01:19:54,2,2006-02-16 02:30:53
2805,2005-06-19 19:29:17,2153,80,2005-06-27 23:14:17,2,2006-02-16 02:30:53
2806,2005-06-19 19:30:48,2114,510,2005-06-20 19:42:48,2,2006-02-16 02:30:53
2807,2005-06-19 19:32:53,2825,194,2005-06-25 00:30:53,2,2006-02-16 02:30:53
2808,2005-06-19 19:34:45,65,325,2005-06-27 14:49:45,1,2006-02-16 02:30:53
2809,2005-06-19 19:40:27,1786,44,2005-06-27 15:28:27,2,2006-02-16 02:30:53
2810,2005-06-19 19:44:12,2558,67,2005-06-20 19:41:12,2,2006-02-16 02:30:53
2811,2005-06-19 19:53:30,3890,457,2005-06-22 23:21:30,2,2006-02-16 02:30:53
2812,2005-06-19 19:58:16,3016,211,2005-06-26 15:26:16,1,2006-02-16 02:30:53
2813,2005-06-19 20:01:47,3420,284,2005-06-27 01:51:47,1,2006-02-16 02:30:53
2814,2005-06-19 20:01:59,1783,10,2005-06-26 01:28:59,2,2006-02-16 02:30:53
2815,2005-06-19 20:03:29,3046,27,2005-06-25 22:50:29,2,2006-02-16 02:30:53
2816,2005-06-19 20:04:23,2180,94,2005-06-20 21:09:23,2,2006-02-16 02:30:53
2817,2005-06-19 20:05:22,3476,510,2005-06-24 23:29:22,1,2006-02-16 02:30:53
2818,2005-06-19 20:05:52,2376,497,2005-06-22 01:01:52,2,2006-02-16 02:30:53
2819,2005-06-19 20:13:33,4100,82,2005-06-26 16:44:33,1,2006-02-16 02:30:53
2820,2005-06-19 20:20:33,851,316,2005-06-26 20:32:33,1,2006-02-16 02:30:53
2821,2005-06-19 20:26:52,2551,532,2005-06-27 23:48:52,1,2006-02-16 02:30:53
2822,2005-06-19 20:29:24,3599,48,2005-06-23 02:21:24,1,2006-02-16 02:30:53
2823,2005-06-19 20:30:21,3566,260,2005-06-26 17:58:21,1,2006-02-16 02:30:53
2824,2005-06-19 20:31:45,2878,506,2005-06-29 00:40:45,2,2006-02-16 02:30:53
2825,2005-06-19 20:32:19,2601,418,2005-06-22 22:32:19,1,2006-02-16 02:30:53
2826,2005-06-19 20:41:35,2980,125,2005-06-25 17:23:35,1,2006-02-16 02:30:53
2827,2005-06-19 20:50:01,2745,23,2005-06-20 18:54:01,2,2006-02-16 02:30:53
2828,2005-06-19 20:51:33,3230,526,2005-06-25 17:38:33,1,2006-02-16 02:30:53
2829,2005-06-19 21:11:30,2047,341,2005-06-24 18:10:30,1,2006-02-16 02:30:53
2830,2005-06-19 21:14:33,2080,21,2005-06-21 17:46:33,1,2006-02-16 02:30:53
2831,2005-06-19 21:17:06,4089,468,2005-06-22 16:56:06,2,2006-02-16 02:30:53
2832,2005-06-19 21:21:53,828,593,2005-06-28 23:00:53,1,2006-02-16 02:30:53
2833,2005-06-19 21:34:54,1976,232,2005-06-28 16:21:54,1,2006-02-16 02:30:53
2834,2005-06-19 21:41:46,2876,122,2005-06-24 20:47:46,1,2006-02-16 02:30:53
2835,2005-06-19 21:44:11,4411,89,2005-06-26 16:46:11,2,2006-02-16 02:30:53
2836,2005-06-19 21:58:21,1453,306,2005-06-27 00:41:21,2,2006-02-16 02:30:53
2837,2005-06-19 22:03:50,417,371,2005-06-20 21:24:50,1,2006-02-16 02:30:53
2838,2005-06-19 22:06:06,143,292,2005-06-25 22:30:06,1,2006-02-16 02:30:53
2839,2005-06-19 22:07:24,3856,256,2005-06-23 16:37:24,2,2006-02-16 02:30:53
2840,2005-06-19 22:17:44,1102,236,2005-06-26 00:36:44,2,2006-02-16 02:30:53
2841,2005-06-19 22:21:06,614,193,2005-06-28 00:56:06,1,2006-02-16 02:30:53
2842,2005-06-19 22:34:20,4183,217,2005-06-22 03:46:20,2,2006-02-16 02:30:53
2843,2005-06-19 22:36:39,1520,148,2005-06-26 22:33:39,2,2006-02-16 02:30:53
2844,2005-06-19 22:40:12,4452,178,2005-06-24 03:58:12,2,2006-02-16 02:30:53
2845,2005-06-19 22:46:37,3948,583,2005-06-23 03:31:37,1,2006-02-16 02:30:53
2846,2005-06-19 22:52:14,651,193,2005-06-22 17:12:14,1,2006-02-16 02:30:53
2847,2005-06-19 22:54:01,1247,148,2005-06-27 23:05:01,2,2006-02-16 02:30:53
2848,2005-06-19 22:55:37,3449,19,2005-06-25 23:10:37,1,2006-02-16 02:30:53
2849,2005-06-19 23:06:00,3628,283,2005-06-25 18:36:00,1,2006-02-16 02:30:53
2850,2005-06-19 23:06:28,206,262,2005-06-28 03:30:28,2,2006-02-16 02:30:53
2851,2005-06-19 23:07:03,2168,361,2005-06-22 17:26:03,1,2006-02-16 02:30:53
2852,2005-06-19 23:08:50,2695,453,2005-06-26 04:00:50,1,2006-02-16 02:30:53
2853,2005-06-19 23:09:41,2578,453,2005-06-28 00:51:41,2,2006-02-16 02:30:53
2854,2005-06-19 23:11:48,4453,81,2005-06-23 19:37:48,2,2006-02-16 02:30:53
2855,2005-06-19 23:11:49,3495,483,2005-06-26 21:52:49,1,2006-02-16 02:30:53
2856,2005-06-19 23:13:04,1859,210,2005-06-23 22:47:04,1,2006-02-16 02:30:53
2857,2005-06-19 23:15:15,2886,364,2005-06-25 04:24:15,2,2006-02-16 02:30:53
2858,2005-06-19 23:17:11,2628,268,2005-06-21 19:07:11,1,2006-02-16 02:30:53
2859,2005-06-19 23:18:42,126,147,2005-06-20 22:38:42,1,2006-02-16 02:30:53
2860,2005-06-19 23:20:40,3045,107,2005-06-21 04:59:40,1,2006-02-16 02:30:53
2861,2005-06-19 23:21:34,1489,116,2005-06-26 17:32:34,1,2006-02-16 02:30:53
2862,2005-06-19 23:47:24,4260,52,2005-06-23 03:39:24,2,2006-02-16 02:30:53
2863,2005-06-19 23:58:38,2410,228,2005-06-23 23:27:38,2,2006-02-16 02:30:53
2864,2005-06-20 00:00:52,1056,493,2005-06-26 04:21:52,2,2006-02-16 02:30:53
2865,2005-06-20 00:00:55,1569,10,2005-06-21 02:20:55,1,2006-02-16 02:30:53
2866,2005-06-20 00:01:36,2718,44,2005-06-20 21:39:36,1,2006-02-16 02:30:53
2867,2005-06-20 00:08:38,95,483,2005-06-23 19:35:38,1,2006-02-16 02:30:53
2868,2005-06-20 00:08:58,1213,214,2005-06-25 21:23:58,2,2006-02-16 02:30:53
2869,2005-06-20 00:09:25,1331,155,2005-06-24 04:40:25,2,2006-02-16 02:30:53
2870,2005-06-20 00:17:46,214,467,2005-06-28 20:21:46,1,2006-02-16 02:30:53
2871,2005-06-20 00:27:49,1731,443,2005-06-29 01:36:49,1,2006-02-16 02:30:53
2872,2005-06-20 00:38:21,3779,240,2005-06-26 19:56:21,1,2006-02-16 02:30:53
2873,2005-06-20 00:41:25,3321,160,2005-06-25 02:06:25,1,2006-02-16 02:30:53
2874,2005-06-20 00:42:26,331,166,2005-06-28 01:37:26,2,2006-02-16 02:30:53
2875,2005-06-20 00:47:18,3012,186,2005-06-25 18:54:18,2,2006-02-16 02:30:53
2876,2005-06-20 01:06:34,3117,39,2005-06-23 04:55:34,1,2006-02-16 02:30:53
2877,2005-06-20 01:07:16,485,267,2005-06-24 01:05:16,1,2006-02-16 02:30:53
2878,2005-06-20 01:09:14,4120,88,2005-06-21 21:40:14,2,2006-02-16 02:30:53
2879,2005-06-20 01:24:10,1920,583,2005-06-28 20:12:10,2,2006-02-16 02:30:53
2880,2005-06-20 01:24:54,1700,193,2005-06-23 02:42:54,2,2006-02-16 02:30:53
2881,2005-06-20 01:26:18,1391,307,2005-06-26 23:42:18,1,2006-02-16 02:30:53
2882,2005-06-20 01:26:26,205,152,2005-06-21 19:33:26,1,2006-02-16 02:30:53
2883,2005-06-20 01:29:10,585,320,2005-06-28 06:12:10,1,2006-02-16 02:30:53
2884,2005-06-20 01:31:16,3384,319,2005-06-21 04:03:16,2,2006-02-16 02:30:53
2885,2005-06-20 01:33:42,2701,330,2005-06-22 22:23:42,1,2006-02-16 02:30:53
2886,2005-06-20 01:38:39,1755,154,2005-06-23 04:28:39,2,2006-02-16 02:30:53
2887,2005-06-20 01:39:43,1073,453,2005-06-25 05:22:43,2,2006-02-16 02:30:53
2888,2005-06-20 01:50:56,468,7,2005-06-22 05:05:56,2,2006-02-16 02:30:53
2889,2005-06-20 01:54:08,151,213,2005-06-23 06:33:08,1,2006-02-16 02:30:53
2890,2005-06-20 02:00:45,3437,392,2005-06-27 21:12:45,1,2006-02-16 02:30:53
2891,2005-06-20 02:02:05,343,32,2005-06-25 02:45:05,1,2006-02-16 02:30:53
2892,2005-06-20 02:06:39,2993,430,2005-06-21 02:50:39,2,2006-02-16 02:30:53
2893,2005-06-20 02:22:08,397,153,2005-06-26 21:01:08,2,2006-02-16 02:30:53
2894,2005-06-20 02:22:42,4316,76,2005-06-22 00:38:42,1,2006-02-16 02:30:53
2895,2005-06-20 02:26:31,4445,141,2005-06-27 23:42:31,2,2006-02-16 02:30:53
2896,2005-06-20 02:33:42,1086,40,2005-06-26 05:29:42,2,2006-02-16 02:30:53
2897,2005-06-20 02:34:23,3464,107,2005-06-25 05:29:23,1,2006-02-16 02:30:53
2898,2005-06-20 02:38:06,3106,178,2005-06-29 08:18:06,2,2006-02-16 02:30:53
2899,2005-06-20 02:39:21,1919,459,2005-06-23 06:47:21,1,2006-02-16 02:30:53
2900,2005-06-20 02:40:04,3407,294,2005-06-27 20:47:04,2,2006-02-16 02:30:53
2901,2005-06-20 02:41:28,667,25,2005-06-23 04:43:28,2,2006-02-16 02:30:53
2902,2005-06-20 02:45:35,2787,304,2005-06-26 07:51:35,1,2006-02-16 02:30:53
2903,2005-06-20 02:49:01,3580,53,2005-06-25 05:03:01,2,2006-02-16 02:30:53
2904,2005-06-20 02:54:06,2195,55,2005-06-21 06:57:06,2,2006-02-16 02:30:53
2905,2005-06-20 02:56:16,3898,189,2005-06-24 23:51:16,2,2006-02-16 02:30:53
2906,2005-06-20 03:04:56,1087,58,2005-06-23 05:57:56,2,2006-02-16 02:30:53
2907,2005-06-20 03:15:09,2516,208,2005-06-20 21:56:09,2,2006-02-16 02:30:53
2908,2005-06-20 03:16:52,517,91,2005-06-22 08:46:52,1,2006-02-16 02:30:53
2909,2005-06-20 03:19:10,1701,451,2005-06-25 06:06:10,2,2006-02-16 02:30:53
2910,2005-06-20 03:31:18,630,57,2005-06-28 00:35:18,1,2006-02-16 02:30:53
2911,2005-06-20 03:32:37,3645,502,2005-06-22 22:06:37,1,2006-02-16 02:30:53
2912,2005-06-20 03:32:45,1076,196,2005-06-21 23:32:45,1,2006-02-16 02:30:53
2913,2005-06-20 03:42:27,3456,402,2005-06-23 04:47:27,1,2006-02-16 02:30:53
2914,2005-06-20 03:43:18,2419,342,2005-06-25 03:44:18,2,2006-02-16 02:30:53
2915,2005-06-20 03:57:17,1293,262,2005-06-24 05:59:17,2,2006-02-16 02:30:53
2916,2005-06-20 04:01:04,3086,590,2005-06-27 22:40:04,2,2006-02-16 02:30:53
2917,2005-06-20 04:08:35,647,451,2005-06-24 01:17:35,1,2006-02-16 02:30:53
2918,2005-06-20 04:09:04,1985,215,2005-06-21 10:07:04,1,2006-02-16 02:30:53
2919,2005-06-20 04:10:16,2835,509,2005-06-27 06:34:16,1,2006-02-16 02:30:53
2920,2005-06-20 04:12:46,487,588,2005-06-26 23:34:46,2,2006-02-16 02:30:53
2921,2005-06-20 04:13:04,1785,59,2005-06-28 01:28:04,1,2006-02-16 02:30:53
2922,2005-06-20 04:13:47,1671,176,2005-06-22 04:38:47,2,2006-02-16 02:30:53
2923,2005-06-20 04:16:07,109,29,2005-06-21 05:04:07,1,2006-02-16 02:30:53
2924,2005-06-20 04:20:14,580,132,2005-06-21 01:13:14,1,2006-02-16 02:30:53
2925,2005-06-20 04:23:49,804,301,2005-06-22 04:37:49,2,2006-02-16 02:30:53
2926,2005-06-20 04:37:45,1055,379,2005-06-26 02:17:45,1,2006-02-16 02:30:53
2927,2005-06-20 04:41:41,393,403,2005-06-23 01:59:41,1,2006-02-16 02:30:53
2928,2005-06-20 04:43:45,1265,104,2005-06-21 06:58:45,2,2006-02-16 02:30:53
2929,2005-06-20 04:47:39,3389,333,2005-06-25 23:16:39,2,2006-02-16 02:30:53
2930,2005-06-20 04:50:29,3615,585,2005-06-28 06:00:29,2,2006-02-16 02:30:53
2931,2005-06-20 04:50:45,3122,258,2005-06-29 09:18:45,1,2006-02-16 02:30:53
2932,2005-06-20 04:51:19,4418,526,2005-06-29 08:31:19,1,2006-02-16 02:30:53
2933,2005-06-20 04:52:23,4483,323,2005-06-26 07:12:23,2,2006-02-16 02:30:53
2934,2005-06-20 05:05:53,697,228,2005-06-22 02:44:53,1,2006-02-16 02:30:53
2935,2005-06-20 05:07:24,2735,384,2005-06-28 09:17:24,2,2006-02-16 02:30:53
2936,2005-06-20 05:09:27,2675,330,2005-06-26 10:16:27,2,2006-02-16 02:30:53
2937,2005-06-20 05:15:37,1998,15,2005-06-27 02:45:37,1,2006-02-16 02:30:53
2938,2005-06-20 05:17:22,1795,504,2005-06-26 09:38:22,1,2006-02-16 02:30:53
2939,2005-06-20 05:18:16,2638,203,2005-06-26 06:56:16,1,2006-02-16 02:30:53
2940,2005-06-20 05:20:01,2504,73,2005-06-28 06:11:01,2,2006-02-16 02:30:53
2941,2005-06-20 05:22:18,3632,135,2005-06-26 07:40:18,2,2006-02-16 02:30:53
2942,2005-06-20 05:27:31,999,242,2005-06-29 00:35:31,1,2006-02-16 02:30:53
2943,2005-06-20 05:43:05,2591,418,2005-06-25 04:31:05,1,2006-02-16 02:30:53
2944,2005-06-20 05:43:42,1550,474,2005-06-29 09:40:42,2,2006-02-16 02:30:53
2945,2005-06-20 05:49:27,4193,153,2005-06-26 09:48:27,1,2006-02-16 02:30:53
2946,2005-06-20 05:50:40,3737,213,2005-06-21 00:42:40,2,2006-02-16 02:30:53
2947,2005-06-20 06:00:21,4302,151,2005-06-23 10:04:21,2,2006-02-16 02:30:53
2948,2005-06-20 06:02:35,4254,289,2005-06-29 09:12:35,2,2006-02-16 02:30:53
2949,2005-06-20 06:05:53,375,78,2005-06-29 03:19:53,2,2006-02-16 02:30:53
2950,2005-06-20 06:08:36,1438,561,2005-06-27 07:45:36,2,2006-02-16 02:30:53
2951,2005-06-20 06:23:01,2903,404,2005-06-24 00:26:01,2,2006-02-16 02:30:53
2952,2005-06-20 06:26:57,3759,13,2005-06-22 11:51:57,1,2006-02-16 02:30:53
2953,2005-06-20 06:39:11,1829,540,2005-06-26 06:19:11,1,2006-02-16 02:30:53
2954,2005-06-20 06:45:00,377,336,2005-06-23 11:43:00,1,2006-02-16 02:30:53
2955,2005-06-20 06:46:35,2312,244,2005-06-25 05:34:35,2,2006-02-16 02:30:53
2956,2005-06-20 06:47:23,2684,533,2005-06-22 07:24:23,2,2006-02-16 02:30:53
2957,2005-06-20 06:53:47,4034,542,2005-06-29 09:21:47,2,2006-02-16 02:30:53
2958,2005-06-20 06:56:20,1380,260,2005-06-29 02:33:20,2,2006-02-16 02:30:53
2959,2005-06-20 07:07:54,4185,372,2005-06-27 03:31:54,1,2006-02-16 02:30:53
2960,2005-06-20 07:10:09,3970,16,2005-06-26 08:14:09,2,2006-02-16 02:30:53
2961,2005-06-20 07:29:15,4539,399,2005-06-24 08:05:15,1,2006-02-16 02:30:53
2962,2005-06-20 07:31:55,2978,364,2005-06-26 04:43:55,1,2006-02-16 02:30:53
2963,2005-06-20 07:33:09,1444,24,2005-06-28 09:23:09,1,2006-02-16 02:30:53
2964,2005-06-20 07:33:29,1201,590,2005-06-29 12:48:29,1,2006-02-16 02:30:53
2965,2005-06-20 07:33:38,27,46,2005-06-29 11:45:38,1,2006-02-16 02:30:53
2966,2005-06-20 07:39:33,3483,511,2005-06-29 07:48:33,1,2006-02-16 02:30:53
2967,2005-06-20 07:40:35,4243,311,2005-06-29 05:50:35,2,2006-02-16 02:30:53
2968,2005-06-20 07:41:47,4415,252,2005-06-23 04:27:47,1,2006-02-16 02:30:53
2969,2005-06-20 07:44:27,1748,418,2005-06-22 06:12:27,2,2006-02-16 02:30:53
2970,2005-06-20 07:51:51,1167,449,2005-06-28 10:14:51,2,2006-02-16 02:30:53
2971,2005-06-20 07:56:00,1585,410,2005-06-27 11:38:00,2,2006-02-16 02:30:53
2972,2005-06-20 07:57:54,2232,531,2005-06-21 12:48:54,1,2006-02-16 02:30:53
2973,2005-06-20 07:59:27,2626,96,2005-06-24 12:31:27,1,2006-02-16 02:30:53
2974,2005-06-20 08:00:24,2322,472,2005-06-25 05:10:24,2,2006-02-16 02:30:53
2975,2005-06-20 08:06:18,4534,46,2005-06-21 08:01:18,1,2006-02-16 02:30:53
2976,2005-06-20 08:09:11,4210,55,2005-06-21 10:45:11,1,2006-02-16 02:30:53
2977,2005-06-20 08:15:27,2645,571,2005-06-29 04:30:27,2,2006-02-16 02:30:53
2978,2005-06-20 08:25:16,4364,548,2005-06-23 05:42:16,1,2006-02-16 02:30:53
2979,2005-06-20 08:31:05,3961,589,2005-06-27 12:25:05,1,2006-02-16 02:30:53
2980,2005-06-20 08:35:03,310,343,2005-06-29 07:57:03,2,2006-02-16 02:30:53
2981,2005-06-20 08:35:17,522,387,2005-06-28 09:14:17,1,2006-02-16 02:30:53
2982,2005-06-20 08:38:29,2574,130,2005-06-28 13:21:29,1,2006-02-16 02:30:53
2983,2005-06-20 08:41:42,1349,322,2005-06-29 04:02:42,2,2006-02-16 02:30:53
2984,2005-06-20 08:43:44,1819,435,2005-06-22 03:08:44,2,2006-02-16 02:30:53
2985,2005-06-20 08:45:08,122,154,2005-06-22 04:26:08,2,2006-02-16 02:30:53
2986,2005-06-20 08:50:28,478,556,2005-06-26 05:24:28,2,2006-02-16 02:30:53
2987,2005-06-20 08:55:50,1531,349,2005-06-28 13:02:50,2,2006-02-16 02:30:53
2988,2005-06-20 08:59:08,3160,557,2005-06-28 04:31:08,2,2006-02-16 02:30:53
2989,2005-06-20 08:59:37,1586,56,2005-06-22 03:27:37,2,2006-02-16 02:30:53
2990,2005-06-20 09:02:51,4559,18,2005-06-29 13:19:51,2,2006-02-16 02:30:53
2991,2005-06-20 09:10:43,4308,472,2005-06-23 13:04:43,1,2006-02-16 02:30:53
2992,2005-06-20 09:11:51,3347,439,2005-06-24 05:59:51,1,2006-02-16 02:30:53
2993,2005-06-20 09:12:12,1527,40,2005-06-22 13:36:12,2,2006-02-16 02:30:53
2994,2005-06-20 09:17:05,1290,163,2005-06-29 04:41:05,1,2006-02-16 02:30:53
2995,2005-06-20 09:18:22,4544,573,2005-06-26 14:31:22,1,2006-02-16 02:30:53
2996,2005-06-20 09:20:29,4064,500,2005-06-27 09:18:29,1,2006-02-16 02:30:53
2997,2005-06-20 09:23:45,1449,519,2005-06-29 08:15:45,1,2006-02-16 02:30:53
2998,2005-06-20 09:30:22,1288,380,2005-06-24 06:31:22,2,2006-02-16 02:30:53
2999,2005-06-20 09:30:34,735,295,2005-06-26 05:51:34,2,2006-02-16 02:30:53
3000,2005-06-20 09:32:33,549,50,2005-06-22 07:45:33,1,2006-02-16 02:30:53
3001,2005-06-20 09:50:16,2941,393,2005-06-28 05:13:16,2,2006-02-16 02:30:53
3002,2005-06-20 09:56:12,2749,266,2005-06-24 12:15:12,2,2006-02-16 02:30:53
3003,2005-06-20 10:00:51,616,38,2005-06-22 06:28:51,2,2006-02-16 02:30:53
3004,2005-06-20 10:04:36,2836,113,2005-06-23 07:38:36,2,2006-02-16 02:30:53
3005,2005-06-20 10:10:29,286,598,2005-06-28 15:48:29,2,2006-02-16 02:30:53
3006,2005-06-20 10:10:29,1677,133,2005-06-22 07:26:29,2,2006-02-16 02:30:53
3007,2005-06-20 10:11:53,1950,7,2005-06-25 04:51:53,2,2006-02-16 02:30:53
3008,2005-06-20 10:23:25,3383,202,2005-06-26 11:00:25,2,2006-02-16 02:30:53
3009,2005-06-20 10:24:44,2721,280,2005-06-23 13:39:44,1,2006-02-16 02:30:53
3010,2005-06-20 10:29:59,1298,567,2005-06-27 06:52:59,1,2006-02-16 02:30:53
3011,2005-06-20 10:39:10,4376,147,2005-06-28 07:02:10,2,2006-02-16 02:30:53
3012,2005-06-20 10:43:13,1392,206,2005-06-28 10:07:13,2,2006-02-16 02:30:53
3013,2005-06-20 10:45:09,4146,290,2005-06-26 04:55:09,1,2006-02-16 02:30:53
3014,2005-06-20 10:45:20,2179,434,2005-06-23 06:29:20,1,2006-02-16 02:30:53
3015,2005-06-20 10:48:56,1311,23,2005-06-26 11:30:56,2,2006-02-16 02:30:53
3016,2005-06-20 10:55:08,3514,558,2005-06-24 14:05:08,1,2006-02-16 02:30:53
3017,2005-06-20 11:08:56,2513,151,2005-06-28 16:26:56,1,2006-02-16 02:30:53
3018,2005-06-20 11:10:35,4150,112,2005-06-25 07:17:35,2,2006-02-16 02:30:53
3019,2005-06-20 11:11:52,491,144,2005-06-27 08:30:52,2,2006-02-16 02:30:53
3020,2005-06-20 11:12:04,4363,74,2005-06-27 07:31:04,2,2006-02-16 02:30:53
3021,2005-06-20 11:13:01,120,62,2005-06-28 16:15:01,2,2006-02-16 02:30:53
3022,2005-06-20 11:17:20,3745,466,2005-06-26 13:15:20,2,2006-02-16 02:30:53
3023,2005-06-20 11:18:11,4304,106,2005-06-21 12:43:11,1,2006-02-16 02:30:53
3024,2005-06-20 11:29:17,1966,328,2005-06-27 12:51:17,2,2006-02-16 02:30:53
3025,2005-06-20 11:46:48,1309,293,2005-06-22 08:43:48,1,2006-02-16 02:30:53
3026,2005-06-20 11:48:00,4032,347,2005-06-21 12:51:00,2,2006-02-16 02:30:53
3027,2005-06-20 11:50:30,4028,397,2005-06-25 15:58:30,2,2006-02-16 02:30:53
3028,2005-06-20 11:50:52,886,264,2005-06-21 11:05:52,2,2006-02-16 02:30:53
3029,2005-06-20 11:51:30,327,317,2005-06-25 16:42:30,1,2006-02-16 02:30:53
3030,2005-06-20 11:51:59,1543,395,2005-06-24 10:51:59,1,2006-02-16 02:30:53
3031,2005-06-20 11:52:49,1184,491,2005-06-22 07:00:49,1,2006-02-16 02:30:53
3032,2005-06-20 11:58:30,3734,172,2005-06-24 09:49:30,1,2006-02-16 02:30:53
3033,2005-06-20 12:02:05,4422,107,2005-06-26 15:58:05,1,2006-02-16 02:30:53
3034,2005-06-20 12:15:50,2755,296,2005-06-24 06:21:50,2,2006-02-16 02:30:53
3035,2005-06-20 12:17:03,1223,62,2005-06-26 17:42:03,2,2006-02-16 02:30:53
3036,2005-06-20 12:18:31,4463,399,2005-06-29 09:52:31,1,2006-02-16 02:30:53
3037,2005-06-20 12:28:03,2033,434,2005-06-21 08:21:03,1,2006-02-16 02:30:53
3038,2005-06-20 12:28:59,2919,27,2005-06-25 07:48:59,1,2006-02-16 02:30:53
3039,2005-06-20 12:32:30,4098,186,2005-06-21 07:38:30,1,2006-02-16 02:30:53
3040,2005-06-20 12:34:13,2568,162,2005-06-21 12:33:13,1,2006-02-16 02:30:53
3041,2005-06-20 12:35:44,2676,459,2005-06-23 18:28:44,2,2006-02-16 02:30:53
3042,2005-06-20 12:38:27,3103,291,2005-06-26 11:18:27,1,2006-02-16 02:30:53
3043,2005-06-20 12:38:35,633,599,2005-06-29 14:16:35,2,2006-02-16 02:30:53
3044,2005-06-20 12:38:49,3216,424,2005-06-25 07:49:49,1,2006-02-16 02:30:53
3045,2005-06-20 12:42:00,3065,459,2005-06-23 10:49:00,2,2006-02-16 02:30:53
3046,2005-06-20 12:42:59,471,559,2005-06-26 17:40:59,2,2006-02-16 02:30:53
3047,2005-06-20 12:45:33,624,13,2005-06-29 13:09:33,2,2006-02-16 02:30:53
3048,2005-06-20 12:49:55,4389,482,2005-06-26 11:06:55,1,2006-02-16 02:30:53
3049,2005-06-20 12:51:01,518,403,2005-06-29 10:53:01,1,2006-02-16 02:30:53
3050,2005-06-20 13:03:03,2397,557,2005-06-29 07:22:03,1,2006-02-16 02:30:53
3051,2005-06-20 13:06:52,1408,65,2005-06-25 13:03:52,2,2006-02-16 02:30:53
3052,2005-06-20 13:09:19,2359,329,2005-06-29 11:55:19,2,2006-02-16 02:30:53
3053,2005-06-20 13:10:30,818,329,2005-06-25 17:22:30,2,2006-02-16 02:30:53
3054,2005-06-20 13:16:41,2817,322,2005-06-28 13:45:41,2,2006-02-16 02:30:53
3055,2005-06-20 13:19:58,1510,23,2005-06-27 14:54:58,1,2006-02-16 02:30:53
3056,2005-06-20 13:20:58,2010,95,2005-06-26 08:35:58,2,2006-02-16 02:30:53
3057,2005-06-20 13:22:48,1101,307,2005-06-26 17:22:48,2,2006-02-16 02:30:53
3058,2005-06-20 13:28:35,938,137,2005-06-28 13:57:35,2,2006-02-16 02:30:53
3059,2005-06-20 13:38:41,2911,266,2005-06-21 10:13:41,2,2006-02-16 02:30:53
3060,2005-06-20 13:47:20,2075,446,2005-06-25 16:00:20,2,2006-02-16 02:30:53
3061,2005-06-20 13:48:21,4202,330,2005-06-22 17:36:21,2,2006-02-16 02:30:53
3062,2005-06-20 13:50:00,591,75,2005-06-27 08:18:00,1,2006-02-16 02:30:53
3063,2005-06-20 13:52:03,3954,515,2005-06-28 13:36:03,2,2006-02-16 02:30:53
3064,2005-06-20 13:53:13,2624,276,2005-06-25 16:33:13,2,2006-02-16 02:30:53
3065,2005-06-20 13:53:53,1687,227,2005-06-24 11:31:53,1,2006-02-16 02:30:53
3066,2005-06-20 13:55:41,1116,268,2005-06-26 09:38:41,2,2006-02-16 02:30:53
3067,2005-06-20 13:59:21,3094,349,2005-06-28 19:09:21,2,2006-02-16 02:30:53
3068,2005-06-20 14:02:22,1958,516,2005-06-22 12:52:22,2,2006-02-16 02:30:53
3069,2005-06-20 14:13:00,1952,237,2005-06-28 10:57:00,1,2006-02-16 02:30:53
3070,2005-06-20 14:15:39,3860,543,2005-06-25 12:52:39,2,2006-02-16 02:30:53
3071,2005-06-20 14:20:42,1198,582,2005-06-24 19:01:42,1,2006-02-16 02:30:53
3072,2005-06-20 14:21:31,4131,423,2005-06-27 18:46:31,2,2006-02-16 02:30:53
3073,2005-06-20 14:33:26,3164,471,2005-06-26 08:42:26,2,2006-02-16 02:30:53
3074,2005-06-20 14:41:41,1441,299,2005-06-21 15:56:41,1,2006-02-16 02:30:53
3075,2005-06-20 14:52:19,4346,161,2005-06-28 18:48:19,2,2006-02-16 02:30:53
3076,2005-06-20 15:01:19,1344,109,2005-06-28 16:53:19,2,2006-02-16 02:30:53
3077,2005-06-20 15:05:18,1675,303,2005-06-26 20:52:18,2,2006-02-16 02:30:53
3078,2005-06-20 15:09:48,3642,367,2005-06-24 16:54:48,1,2006-02-16 02:30:53
3079,2005-06-20 15:13:40,2135,350,2005-06-21 12:03:40,1,2006-02-16 02:30:53
3080,2005-06-20 15:22:32,118,377,2005-06-24 11:08:32,1,2006-02-16 02:30:53
3081,2005-06-20 15:29:13,2071,342,2005-06-24 21:00:13,2,2006-02-16 02:30:53
3082,2005-06-20 15:32:11,4431,164,2005-06-28 13:08:11,1,2006-02-16 02:30:53
3083,2005-06-20 15:33:47,2896,257,2005-06-26 16:14:47,2,2006-02-16 02:30:53
3084,2005-06-20 15:35:24,3578,514,2005-06-23 19:11:24,1,2006-02-16 02:30:53
3085,2005-06-20 15:42:33,4282,166,2005-06-21 16:51:33,2,2006-02-16 02:30:53
3086,2005-06-20 15:42:40,4437,377,2005-06-25 19:21:40,1,2006-02-16 02:30:53
3087,2005-06-20 15:53:59,1305,111,2005-06-27 10:54:59,2,2006-02-16 02:30:53
3088,2005-06-20 15:56:05,3049,384,2005-06-29 13:02:05,1,2006-02-16 02:30:53
3089,2005-06-20 15:57:01,539,151,2005-06-25 13:15:01,2,2006-02-16 02:30:53
3090,2005-06-20 16:00:19,3301,267,2005-06-23 14:55:19,1,2006-02-16 02:30:53
3091,2005-06-20 16:02:59,854,383,2005-06-22 21:30:59,2,2006-02-16 02:30:53
3092,2005-06-20 16:04:42,4344,347,2005-06-27 19:54:42,1,2006-02-16 02:30:53
3093,2005-06-20 16:06:14,2534,556,2005-06-22 13:22:14,2,2006-02-16 02:30:53
3094,2005-06-20 16:06:51,2048,114,2005-06-24 13:23:51,1,2006-02-16 02:30:53
3095,2005-06-20 16:16:53,3937,298,2005-06-22 10:35:53,2,2006-02-16 02:30:53
3096,2005-06-20 16:17:56,3851,79,2005-06-24 10:17:56,2,2006-02-16 02:30:53
3097,2005-06-20 16:26:14,4337,280,2005-06-23 14:46:14,1,2006-02-16 02:30:53
3098,2005-06-20 16:37:01,3409,498,2005-06-22 22:24:01,1,2006-02-16 02:30:53
3099,2005-06-20 16:44:33,3756,380,2005-06-27 12:17:33,2,2006-02-16 02:30:53
3100,2005-06-20 16:47:57,2428,487,2005-06-26 16:59:57,1,2006-02-16 02:30:53
3101,2005-06-20 16:48:58,1738,384,2005-06-27 18:13:58,2,2006-02-16 02:30:53
3102,2005-06-20 16:55:55,1144,522,2005-06-29 13:49:55,1,2006-02-16 02:30:53
3103,2005-06-20 16:58:19,1877,553,2005-06-25 21:18:19,1,2006-02-16 02:30:53
3104,2005-06-20 17:06:46,1490,196,2005-06-28 13:18:46,2,2006-02-16 02:30:53
3105,2005-06-20 17:11:46,130,385,2005-06-21 11:48:46,2,2006-02-16 02:30:53
3106,2005-06-20 17:18:06,2637,201,2005-06-24 14:50:06,2,2006-02-16 02:30:53
3107,2005-06-20 17:26:05,4527,303,2005-06-25 12:36:05,1,2006-02-16 02:30:53
3108,2005-06-20 17:28:43,2218,189,2005-06-27 21:23:43,1,2006-02-16 02:30:53
3109,2005-06-20 17:33:55,977,93,2005-06-22 23:09:55,1,2006-02-16 02:30:53
3110,2005-06-20 17:40:12,2008,333,2005-06-24 17:09:12,1,2006-02-16 02:30:53
3111,2005-06-20 17:46:47,4494,579,2005-06-29 19:45:47,1,2006-02-16 02:30:53
3112,2005-06-20 17:53:30,3725,35,2005-06-26 16:03:30,1,2006-02-16 02:30:53
3113,2005-06-20 17:56:40,3620,517,2005-06-23 14:45:40,1,2006-02-16 02:30:53
3114,2005-06-20 17:57:47,2388,8,2005-06-21 19:18:47,2,2006-02-16 02:30:53
3115,2005-06-20 17:59:05,2193,457,2005-06-26 13:28:05,1,2006-02-16 02:30:53
3116,2005-06-20 18:04:55,276,108,2005-06-21 12:12:55,2,2006-02-16 02:30:53
3117,2005-06-20 18:05:15,2184,31,2005-06-26 17:28:15,1,2006-02-16 02:30:53
3118,2005-06-20 18:05:57,1258,125,2005-06-23 23:01:57,1,2006-02-16 02:30:53
3119,2005-06-20 18:11:44,683,296,2005-06-27 16:14:44,2,2006-02-16 02:30:53
3120,2005-06-20 18:19:29,2530,107,2005-06-23 23:40:29,1,2006-02-16 02:30:53
3121,2005-06-20 18:23:30,797,132,2005-06-21 20:36:30,1,2006-02-16 02:30:53
3122,2005-06-20 18:25:57,2720,87,2005-06-29 16:08:57,1,2006-02-16 02:30:53
3123,2005-06-20 18:26:14,1656,289,2005-06-29 17:17:14,1,2006-02-16 02:30:53
3124,2005-06-20 18:28:19,3342,113,2005-06-28 21:08:19,1,2006-02-16 02:30:53
3125,2005-06-20 18:31:58,3293,382,2005-06-21 15:03:58,1,2006-02-16 02:30:53
3126,2005-06-20 18:38:22,1183,5,2005-06-26 00:00:22,1,2006-02-16 02:30:53
3127,2005-06-20 18:39:43,1292,461,2005-06-28 17:55:43,1,2006-02-16 02:30:53
3128,2005-06-20 18:41:47,189,543,2005-06-24 20:54:47,2,2006-02-16 02:30:53
3129,2005-06-20 18:57:48,1789,495,2005-06-28 13:45:48,1,2006-02-16 02:30:53
3130,2005-06-20 19:03:22,2569,341,2005-06-29 18:05:22,2,2006-02-16 02:30:53
3131,2005-06-20 19:08:00,3678,146,2005-06-24 20:59:00,2,2006-02-16 02:30:53
3132,2005-06-20 19:09:46,711,90,2005-06-24 19:42:46,1,2006-02-16 02:30:53
3133,2005-06-20 19:18:32,4529,120,2005-06-26 17:54:32,2,2006-02-16 02:30:53
3134,2005-06-20 19:29:09,1389,537,2005-06-29 19:31:09,2,2006-02-16 02:30:53
3135,2005-06-20 19:33:52,1122,12,2005-06-29 18:20:52,1,2006-02-16 02:30:53
3136,2005-06-20 19:39:08,3349,377,2005-06-22 23:35:08,2,2006-02-16 02:30:53
3137,2005-06-20 19:41:28,786,505,2005-06-28 00:32:28,1,2006-02-16 02:30:53
3138,2005-06-20 19:43:45,2265,570,2005-06-26 20:41:45,1,2006-02-16 02:30:53
3139,2005-06-20 19:44:45,3474,354,2005-06-23 16:24:45,1,2006-02-16 02:30:53
3140,2005-06-20 19:47:12,2936,53,2005-06-24 23:24:12,1,2006-02-16 02:30:53
3141,2005-06-20 19:55:47,1806,398,2005-06-30 00:31:47,1,2006-02-16 02:30:53
3142,2005-06-20 19:59:28,3926,9,2005-06-28 19:51:28,2,2006-02-16 02:30:53
3143,2005-06-20 20:01:52,1355,215,2005-06-26 19:26:52,2,2006-02-16 02:30:53
3144,2005-06-20 20:14:20,1300,114,2005-06-30 01:46:20,1,2006-02-16 02:30:53
3145,2005-06-20 20:21:17,2211,144,2005-06-22 14:44:17,1,2006-02-16 02:30:53
3146,2005-06-20 20:21:48,2249,339,2005-06-29 22:57:48,2,2006-02-16 02:30:53
3147,2005-06-20 20:25:17,615,390,2005-06-28 20:22:17,2,2006-02-16 02:30:53
3148,2005-06-20 20:27:18,4490,202,2005-06-24 20:30:18,2,2006-02-16 02:30:53
3149,2005-06-20 20:34:55,3295,55,2005-06-21 18:51:55,1,2006-02-16 02:30:53
3150,2005-06-20 20:35:28,94,34,2005-06-26 01:01:28,1,2006-02-16 02:30:53
3151,2005-06-20 20:36:53,2976,77,2005-06-25 18:56:53,1,2006-02-16 02:30:53
3152,2005-06-20 20:42:41,1022,246,2005-06-28 21:12:41,1,2006-02-16 02:30:53
3153,2005-06-20 20:44:15,659,430,2005-06-23 16:04:15,1,2006-02-16 02:30:53
3154,2005-06-20 20:44:40,3195,550,2005-06-23 19:10:40,1,2006-02-16 02:30:53
3155,2005-06-20 21:02:38,458,450,2005-06-27 19:34:38,1,2006-02-16 02:30:53
3156,2005-06-20 21:03:46,2217,365,2005-06-21 23:32:46,2,2006-02-16 02:30:53
3157,2005-06-20 21:07:54,1899,245,2005-06-23 16:01:54,1,2006-02-16 02:30:53
3158,2005-06-20 21:08:19,3461,592,2005-06-29 18:59:19,1,2006-02-16 02:30:53
3159,2005-06-20 21:11:50,33,388,2005-06-29 19:35:50,2,2006-02-16 02:30:53
3160,2005-06-20 21:20:51,4333,561,2005-06-29 18:06:51,2,2006-02-16 02:30:53
3161,2005-06-20 21:21:01,1326,373,2005-06-21 18:22:01,2,2006-02-16 02:30:53
3162,2005-06-20 21:21:15,3220,113,2005-06-29 18:42:15,1,2006-02-16 02:30:53
3163,2005-06-20 21:22:13,2632,391,2005-06-26 15:22:13,2,2006-02-16 02:30:53
3164,2005-06-20 21:29:00,155,270,2005-06-27 15:50:00,1,2006-02-16 02:30:53
3165,2005-06-20 21:29:17,796,85,2005-06-22 18:03:17,1,2006-02-16 02:30:53
3166,2005-06-20 21:32:32,1850,424,2005-06-27 20:29:32,1,2006-02-16 02:30:53
3167,2005-06-20 21:42:29,353,464,2005-06-22 00:36:29,2,2006-02-16 02:30:53
3168,2005-06-20 21:46:01,2407,446,2005-06-22 20:40:01,1,2006-02-16 02:30:53
3169,2005-06-20 21:55:54,2437,50,2005-06-25 19:45:54,1,2006-02-16 02:30:53
3170,2005-06-20 22:02:54,1306,421,2005-06-29 00:41:54,2,2006-02-16 02:30:53
3171,2005-06-20 22:15:47,2838,140,2005-06-24 18:14:47,1,2006-02-16 02:30:53
3172,2005-06-20 22:19:25,1758,31,2005-06-24 17:18:25,2,2006-02-16 02:30:53
3173,2005-06-20 22:21:10,4306,33,2005-06-27 19:41:10,2,2006-02-16 02:30:53
3174,2005-06-20 22:24:00,3331,107,2005-06-22 21:22:00,2,2006-02-16 02:30:53
3175,2005-06-20 22:30:23,4093,249,2005-06-30 03:28:23,2,2006-02-16 02:30:53
3176,2005-06-20 22:31:54,1982,371,2005-06-25 02:58:54,1,2006-02-16 02:30:53
3177,2005-06-20 22:32:44,2546,300,2005-06-22 23:01:44,1,2006-02-16 02:30:53
3178,2005-06-20 22:35:12,3517,79,2005-06-23 19:39:12,1,2006-02-16 02:30:53
3179,2005-06-20 22:37:59,2214,163,2005-06-26 22:26:59,2,2006-02-16 02:30:53
3180,2005-06-20 22:48:44,3997,162,2005-06-21 21:25:44,1,2006-02-16 02:30:53
3181,2005-06-20 22:51:02,3473,238,2005-06-27 21:21:02,1,2006-02-16 02:30:53
3182,2005-06-20 22:52:18,4017,15,2005-06-21 21:00:18,2,2006-02-16 02:30:53
3183,2005-06-20 22:55:55,4397,129,2005-06-23 17:22:55,1,2006-02-16 02:30:53
3184,2005-06-20 22:57:44,3179,457,2005-06-29 20:57:44,1,2006-02-16 02:30:53
3185,2005-06-20 22:58:01,601,234,2005-06-27 00:26:01,1,2006-02-16 02:30:53
3186,2005-06-20 23:04:20,3198,406,2005-06-29 02:56:20,2,2006-02-16 02:30:53
3187,2005-06-20 23:06:07,4357,150,2005-06-27 01:14:07,2,2006-02-16 02:30:53
3188,2005-06-20 23:10:27,2471,522,2005-06-25 19:37:27,2,2006-02-16 02:30:53
3189,2005-06-20 23:19:33,1502,538,2005-06-24 17:46:33,1,2006-02-16 02:30:53
3190,2005-06-20 23:27:15,351,200,2005-06-28 01:22:15,2,2006-02-16 02:30:53
3191,2005-06-20 23:46:39,4358,522,2005-06-25 03:21:39,2,2006-02-16 02:30:53
3192,2005-06-20 23:49:12,3713,11,2005-06-24 03:00:12,1,2006-02-16 02:30:53
3193,2005-06-20 23:52:30,3176,260,2005-06-22 21:21:30,1,2006-02-16 02:30:53
3194,2005-06-20 23:59:57,1835,432,2005-06-24 19:21:57,1,2006-02-16 02:30:53
3195,2005-06-21 00:02:10,2383,165,2005-06-21 23:11:10,2,2006-02-16 02:30:53
3196,2005-06-21 00:02:28,1575,52,2005-06-22 23:08:28,1,2006-02-16 02:30:53
3197,2005-06-21 00:07:23,1811,362,2005-06-23 00:53:23,2,2006-02-16 02:30:53
3198,2005-06-21 00:08:54,1626,295,2005-06-29 02:11:54,2,2006-02-16 02:30:53
3199,2005-06-21 00:12:40,3824,234,2005-06-27 23:26:40,1,2006-02-16 02:30:53
3200,2005-06-21 00:22:47,4117,221,2005-06-27 05:52:47,2,2006-02-16 02:30:53
3201,2005-06-21 00:30:26,6,597,2005-06-28 03:42:26,1,2006-02-16 02:30:53
3202,2005-06-21 00:33:47,2725,273,2005-06-24 04:05:47,2,2006-02-16 02:30:53
3203,2005-06-21 00:34:56,442,158,2005-06-29 23:30:56,1,2006-02-16 02:30:53
3204,2005-06-21 00:37:50,2848,336,2005-06-22 23:46:50,1,2006-02-16 02:30:53
3205,2005-06-21 00:38:47,2964,31,2005-06-21 22:49:47,1,2006-02-16 02:30:53
3206,2005-06-21 00:39:39,2196,350,2005-06-22 05:12:39,1,2006-02-16 02:30:53
3207,2005-06-21 00:43:16,4020,86,2005-06-24 22:13:16,1,2006-02-16 02:30:53
3208,2005-06-21 00:50:03,3169,229,2005-06-24 06:15:03,2,2006-02-16 02:30:53
3209,2005-06-21 00:51:06,287,307,2005-06-22 21:49:06,2,2006-02-16 02:30:53
3210,2005-06-21 01:00:25,467,75,2005-06-23 06:10:25,2,2006-02-16 02:30:53
3211,2005-06-21 01:01:29,1150,415,2005-06-23 04:05:29,1,2006-02-16 02:30:53
3212,2005-06-21 01:04:35,4178,21,2005-06-30 00:10:35,2,2006-02-16 02:30:53
3213,2005-06-21 01:05:19,3832,534,2005-06-27 21:55:19,2,2006-02-16 02:30:53
3214,2005-06-21 01:08:26,776,142,2005-06-23 03:24:26,2,2006-02-16 02:30:53
3215,2005-06-21 01:11:32,4140,279,2005-06-26 19:42:32,1,2006-02-16 02:30:53
3216,2005-06-21 01:19:37,719,534,2005-06-29 06:45:37,2,2006-02-16 02:30:53
3217,2005-06-21 01:28:12,1027,463,2005-06-25 02:51:12,2,2006-02-16 02:30:53
3218,2005-06-21 01:38:09,1828,117,2005-06-23 02:00:09,1,2006-02-16 02:30:53
3219,2005-06-21 01:43:26,3024,129,2005-06-28 23:50:26,2,2006-02-16 02:30:53
3220,2005-06-21 01:46:25,1880,574,2005-06-26 07:44:25,2,2006-02-16 02:30:53
3221,2005-06-21 01:49:47,245,454,2005-06-25 06:31:47,1,2006-02-16 02:30:53
3222,2005-06-21 01:50:29,4023,501,2005-06-27 00:52:29,2,2006-02-16 02:30:53
3223,2005-06-21 02:06:45,1033,299,2005-06-22 07:16:45,2,2006-02-16 02:30:53
3224,2005-06-21 02:11:36,3318,173,2005-06-23 21:17:36,1,2006-02-16 02:30:53
3225,2005-06-21 02:16:55,1003,448,2005-06-27 05:39:55,2,2006-02-16 02:30:53
3226,2005-06-21 02:18:14,4079,576,2005-06-26 22:32:14,2,2006-02-16 02:30:53
3227,2005-06-21 02:18:25,1156,568,2005-06-27 00:59:25,1,2006-02-16 02:30:53
3228,2005-06-21 02:20:24,2489,535,2005-06-29 00:50:24,2,2006-02-16 02:30:53
3229,2005-06-21 02:20:41,2301,81,2005-06-26 00:39:41,1,2006-02-16 02:30:53
3230,2005-06-21 02:23:16,215,83,2005-06-22 01:37:16,2,2006-02-16 02:30:53
3231,2005-06-21 02:25:00,237,28,2005-06-23 05:46:00,2,2006-02-16 02:30:53
3232,2005-06-21 02:30:37,1972,555,2005-06-29 03:10:37,1,2006-02-16 02:30:53
3233,2005-06-21 02:39:31,3542,353,2005-06-28 05:23:31,2,2006-02-16 02:30:53
3234,2005-06-21 02:39:44,3252,459,2005-06-29 07:27:44,1,2006-02-16 02:30:53
3235,2005-06-21 02:46:17,212,49,2005-06-22 20:58:17,1,2006-02-16 02:30:53
3236,2005-06-21 02:47:43,1492,550,2005-06-29 08:04:43,2,2006-02-16 02:30:53
3237,2005-06-21 02:47:56,4399,466,2005-06-27 03:16:56,2,2006-02-16 02:30:53
3238,2005-06-21 02:48:21,2732,77,2005-06-23 04:43:21,1,2006-02-16 02:30:53
3239,2005-06-21 02:48:40,3402,328,2005-06-22 02:49:40,2,2006-02-16 02:30:53
3240,2005-06-21 02:53:17,2938,405,2005-06-30 03:25:17,2,2006-02-16 02:30:53
3241,2005-06-21 02:54:32,1442,499,2005-06-26 21:56:32,2,2006-02-16 02:30:53
3242,2005-06-21 02:56:24,1421,562,2005-06-29 21:41:24,2,2006-02-16 02:30:53
3243,2005-06-21 03:00:11,2556,426,2005-06-25 21:53:11,1,2006-02-16 02:30:53
3244,2005-06-21 03:01:10,291,53,2005-06-24 06:59:10,2,2006-02-16 02:30:53
3245,2005-06-21 03:06:11,2057,358,2005-06-25 08:06:11,2,2006-02-16 02:30:53
3246,2005-06-21 03:10:01,4432,41,2005-06-28 00:46:01,1,2006-02-16 02:30:53
3247,2005-06-21 03:12:15,1406,277,2005-06-27 00:44:15,1,2006-02-16 02:30:53
3248,2005-06-21 03:12:21,3656,78,2005-06-28 03:54:21,2,2006-02-16 02:30:53
3249,2005-06-21 03:13:19,703,410,2005-06-29 04:04:19,2,2006-02-16 02:30:53
3250,2005-06-21 03:16:36,736,467,2005-06-29 00:53:36,2,2006-02-16 02:30:53
3251,2005-06-21 03:20:37,1414,317,2005-06-23 04:54:37,2,2006-02-16 02:30:53
3252,2005-06-21 03:25:26,2009,213,2005-06-24 00:38:26,2,2006-02-16 02:30:53
3253,2005-06-21 03:25:37,1906,405,2005-06-27 02:46:37,2,2006-02-16 02:30:53
3254,2005-06-21 03:27:10,3893,472,2005-06-22 22:01:10,2,2006-02-16 02:30:53
3255,2005-06-21 03:39:52,2564,482,2005-06-24 04:02:52,1,2006-02-16 02:30:53
3256,2005-06-21 03:45:42,1235,319,2005-06-30 02:51:42,2,2006-02-16 02:30:53
3257,2005-06-21 03:47:19,3975,263,2005-06-28 01:24:19,2,2006-02-16 02:30:53
3258,2005-06-21 03:53:58,4417,241,2005-06-22 22:49:58,2,2006-02-16 02:30:53
3259,2005-06-21 03:57:15,2751,478,2005-06-24 03:32:15,1,2006-02-16 02:30:53
3260,2005-06-21 03:59:13,3627,380,2005-06-23 03:29:13,1,2006-02-16 02:30:53
3261,2005-06-21 04:07:41,2029,169,2005-06-24 06:25:41,2,2006-02-16 02:30:53
3262,2005-06-21 04:08:43,3773,9,2005-06-28 02:55:43,1,2006-02-16 02:30:53
3263,2005-06-21 04:15:52,3491,118,2005-06-24 02:19:52,2,2006-02-16 02:30:53
3264,2005-06-21 04:19:03,1666,340,2005-06-23 01:29:03,1,2006-02-16 02:30:53
3265,2005-06-21 04:23:13,3637,437,2005-06-28 03:37:13,1,2006-02-16 02:30:53
3266,2005-06-21 04:49:07,2533,175,2005-06-26 05:19:07,2,2006-02-16 02:30:53
3267,2005-06-21 04:55:21,1118,134,2005-06-29 23:46:21,1,2006-02-16 02:30:53
3268,2005-06-21 04:55:49,4366,329,2005-06-30 00:23:49,2,2006-02-16 02:30:53
3269,2005-06-21 05:06:30,3828,17,2005-06-27 09:26:30,2,2006-02-16 02:30:53
3270,2005-06-21 05:07:31,1578,86,2005-06-22 07:45:31,2,2006-02-16 02:30:53
3271,2005-06-21 05:16:10,4191,196,2005-06-27 10:46:10,1,2006-02-16 02:30:53
3272,2005-06-21 05:18:27,1090,550,2005-06-30 02:51:27,1,2006-02-16 02:30:53
3273,2005-06-21 05:24:17,3538,104,2005-06-23 01:21:17,2,2006-02-16 02:30:53
3274,2005-06-21 05:30:36,2156,277,2005-06-24 05:12:36,1,2006-02-16 02:30:53
3275,2005-06-21 05:33:04,2320,368,2005-06-30 00:37:04,2,2006-02-16 02:30:53
3276,2005-06-21 05:35:52,1890,425,2005-06-29 03:26:52,2,2006-02-16 02:30:53
3277,2005-06-21 05:36:37,1330,229,2005-06-29 10:54:37,1,2006-02-16 02:30:53
3278,2005-06-21 05:41:30,2832,554,2005-06-22 03:43:30,1,2006-02-16 02:30:53
3279,2005-06-21 06:05:53,1672,462,2005-06-25 09:40:53,1,2006-02-16 02:30:53
3280,2005-06-21 06:08:12,661,229,2005-06-24 09:34:12,1,2006-02-16 02:30:53
3281,2005-06-21 06:08:47,4006,363,2005-06-24 11:22:47,1,2006-02-16 02:30:53
3282,2005-06-21 06:18:42,1676,224,2005-06-28 09:18:42,1,2006-02-16 02:30:53
3283,2005-06-21 06:19:07,3988,372,2005-06-26 10:59:07,2,2006-02-16 02:30:53
3284,2005-06-21 06:24:45,4566,1,2005-06-28 03:28:45,1,2006-02-16 02:30:53
3285,2005-06-21 06:30:13,948,481,2005-06-23 10:31:13,2,2006-02-16 02:30:53
3286,2005-06-21 06:31:29,742,577,2005-06-25 00:46:29,2,2006-02-16 02:30:53
3287,2005-06-21 06:32:39,4406,62,2005-06-24 09:29:39,2,2006-02-16 02:30:53
3288,2005-06-21 06:36:59,1961,299,2005-06-30 06:50:59,1,2006-02-16 02:30:53
3289,2005-06-21 06:41:48,2248,115,2005-06-30 00:54:48,1,2006-02-16 02:30:53
3290,2005-06-21 06:45:34,2727,293,2005-06-28 09:44:34,1,2006-02-16 02:30:53
3291,2005-06-21 06:55:36,3866,274,2005-06-29 03:41:36,1,2006-02-16 02:30:53
3292,2005-06-21 06:59:11,3288,412,2005-06-23 07:11:11,1,2006-02-16 02:30:53
3293,2005-06-21 06:59:33,4407,481,2005-06-25 06:54:33,2,2006-02-16 02:30:53
3294,2005-06-21 07:03:23,2390,439,2005-06-30 02:22:23,2,2006-02-16 02:30:53
3295,2005-06-21 07:04:17,1703,573,2005-06-29 01:52:17,1,2006-02-16 02:30:53
3296,2005-06-21 07:04:53,2453,284,2005-06-25 08:36:53,1,2006-02-16 02:30:53
3297,2005-06-21 07:08:19,3969,193,2005-06-28 11:53:19,2,2006-02-16 02:30:53
3298,2005-06-21 07:09:44,444,492,2005-06-30 11:26:44,2,2006-02-16 02:30:53
3299,2005-06-21 07:23:34,3427,199,2005-06-27 04:02:34,1,2006-02-16 02:30:53
3300,2005-06-21 07:25:01,2505,565,2005-06-25 01:47:01,1,2006-02-16 02:30:53
3301,2005-06-21 07:32:25,503,444,2005-06-28 06:26:25,2,2006-02-16 02:30:53
3302,2005-06-21 07:33:40,562,594,2005-06-29 06:02:40,1,2006-02-16 02:30:53
3303,2005-06-21 07:34:14,1565,361,2005-06-26 13:18:14,2,2006-02-16 02:30:53
3304,2005-06-21 07:43:40,2154,431,2005-06-27 08:06:40,2,2006-02-16 02:30:53
3305,2005-06-21 07:46:57,2811,578,2005-06-27 06:16:57,1,2006-02-16 02:30:53
3306,2005-06-21 07:46:58,1669,406,2005-06-26 11:22:58,2,2006-02-16 02:30:53
3307,2005-06-21 07:52:30,462,85,2005-06-25 02:36:30,2,2006-02-16 02:30:53
3308,2005-06-21 07:58:36,3129,96,2005-06-23 05:23:36,2,2006-02-16 02:30:53
3309,2005-06-21 08:00:49,248,463,2005-06-29 04:11:49,2,2006-02-16 02:30:53
3310,2005-06-21 08:04:51,1717,395,2005-06-22 04:20:51,2,2006-02-16 02:30:53
3311,2005-06-21 08:05:27,3438,518,2005-06-22 06:51:27,2,2006-02-16 02:30:53
3312,2005-06-21 08:05:32,1008,554,2005-06-27 03:34:32,2,2006-02-16 02:30:53
3313,2005-06-21 08:11:18,4267,213,2005-06-23 04:28:18,2,2006-02-16 02:30:53
3314,2005-06-21 08:17:00,4332,185,2005-06-22 06:00:00,2,2006-02-16 02:30:53
3315,2005-06-21 08:17:04,4108,438,2005-06-24 11:04:04,1,2006-02-16 02:30:53
3316,2005-06-21 08:20:18,3271,451,2005-06-28 07:44:18,1,2006-02-16 02:30:53
3317,2005-06-21 08:22:32,4095,584,2005-06-26 14:18:32,2,2006-02-16 02:30:53
3318,2005-06-21 08:23:05,1111,414,2005-06-27 14:07:05,2,2006-02-16 02:30:53
3319,2005-06-21 08:25:46,2482,461,2005-06-27 03:54:46,2,2006-02-16 02:30:53
3320,2005-06-21 08:29:41,860,47,2005-06-29 13:54:41,2,2006-02-16 02:30:53
3321,2005-06-21 08:33:26,1750,144,2005-06-24 10:09:26,2,2006-02-16 02:30:53
3322,2005-06-21 08:42:37,4324,458,2005-06-22 13:17:37,1,2006-02-16 02:30:53
3323,2005-06-21 08:45:33,2252,272,2005-06-28 08:17:33,2,2006-02-16 02:30:53
3324,2005-06-21 08:49:16,2830,29,2005-06-22 12:31:16,1,2006-02-16 02:30:53
3325,2005-06-21 08:51:44,1720,185,2005-06-27 06:16:44,1,2006-02-16 02:30:53
3326,2005-06-21 09:04:50,1025,347,2005-06-30 12:10:50,2,2006-02-16 02:30:53
3327,2005-06-21 09:04:50,3083,62,2005-06-30 05:45:50,1,2006-02-16 02:30:53
3328,2005-06-21 09:08:44,2462,292,2005-06-30 12:28:44,1,2006-02-16 02:30:53
3329,2005-06-21 09:20:31,3506,335,2005-06-22 10:00:31,2,2006-02-16 02:30:53
3330,2005-06-21 09:22:37,299,294,2005-06-23 07:16:37,2,2006-02-16 02:30:53
3331,2005-06-21 09:37:53,2913,352,2005-06-26 04:01:53,2,2006-02-16 02:30:53
3332,2005-06-21 09:55:12,1975,82,2005-06-25 08:32:12,2,2006-02-16 02:30:53
3333,2005-06-21 10:01:36,3688,111,2005-06-25 10:27:36,2,2006-02-16 02:30:53
3334,2005-06-21 10:04:33,2491,66,2005-06-29 06:09:33,2,2006-02-16 02:30:53
3335,2005-06-21 10:09:08,3033,339,2005-06-27 11:33:08,1,2006-02-16 02:30:53
3336,2005-06-21 10:14:27,2122,173,2005-06-22 09:29:27,1,2006-02-16 02:30:53
3337,2005-06-21 10:24:35,1176,318,2005-06-22 13:51:35,1,2006-02-16 02:30:53
3338,2005-06-21 10:27:31,2097,171,2005-06-30 14:15:31,2,2006-02-16 02:30:53
3339,2005-06-21 10:37:11,312,526,2005-06-30 05:04:11,2,2006-02-16 02:30:53
3340,2005-06-21 10:37:23,2962,540,2005-06-26 07:21:23,2,2006-02-16 02:30:53
3341,2005-06-21 10:37:25,2189,591,2005-06-26 15:38:25,1,2006-02-16 02:30:53
3342,2005-06-21 10:46:36,2884,196,2005-06-23 09:46:36,2,2006-02-16 02:30:53
3343,2005-06-21 10:56:59,2038,466,2005-06-25 16:41:59,1,2006-02-16 02:30:53
3344,2005-06-21 10:57:27,4401,277,2005-06-28 10:53:27,1,2006-02-16 02:30:53
3345,2005-06-21 11:05:07,4442,71,2005-06-26 15:14:07,2,2006-02-16 02:30:53
3346,2005-06-21 11:06:53,4393,189,2005-06-22 15:19:53,2,2006-02-16 02:30:53
3347,2005-06-21 11:08:32,4330,448,2005-06-28 09:59:32,1,2006-02-16 02:30:53
3348,2005-06-21 11:16:42,2945,16,2005-06-27 13:50:42,2,2006-02-16 02:30:53
3349,2005-06-21 11:17:35,3885,336,2005-06-22 12:51:35,2,2006-02-16 02:30:53
3350,2005-06-21 11:21:38,3221,20,2005-06-28 15:37:38,2,2006-02-16 02:30:53
3351,2005-06-21 11:21:39,1591,386,2005-06-23 07:23:39,2,2006-02-16 02:30:53
3352,2005-06-21 11:26:29,578,510,2005-06-28 07:26:29,1,2006-02-16 02:30:53
3353,2005-06-21 11:29:23,3984,236,2005-06-27 15:06:23,1,2006-02-16 02:30:53
3354,2005-06-21 11:29:49,1083,529,2005-06-25 07:39:49,2,2006-02-16 02:30:53
3355,2005-06-21 11:30:47,1960,275,2005-06-23 06:04:47,1,2006-02-16 02:30:53
3356,2005-06-21 11:38:45,4532,403,2005-06-26 17:18:45,1,2006-02-16 02:30:53
3357,2005-06-21 11:55:42,2528,57,2005-06-22 07:19:42,2,2006-02-16 02:30:53
3358,2005-06-21 11:56:40,1772,69,2005-06-26 08:28:40,2,2006-02-16 02:30:53
3359,2005-06-21 12:08:18,3825,67,2005-06-25 16:35:18,2,2006-02-16 02:30:53
3360,2005-06-21 12:12:41,2792,498,2005-06-26 06:32:41,1,2006-02-16 02:30:53
3361,2005-06-21 12:14:23,2671,268,2005-06-26 10:01:23,2,2006-02-16 02:30:53
3362,2005-06-21 12:19:54,1284,454,2005-06-23 06:59:54,2,2006-02-16 02:30:53
3363,2005-06-21 12:25:07,538,261,2005-06-27 11:52:07,2,2006-02-16 02:30:53
3364,2005-06-21 12:37:46,2329,201,2005-06-28 07:18:46,2,2006-02-16 02:30:53
3365,2005-06-21 12:55:48,657,133,2005-06-23 13:38:48,2,2006-02-16 02:30:53
3366,2005-06-21 13:03:37,2584,511,2005-06-26 16:29:37,1,2006-02-16 02:30:53
3367,2005-06-21 13:08:21,2442,80,2005-06-26 08:43:21,2,2006-02-16 02:30:53
3368,2005-06-21 13:18:38,548,438,2005-06-23 11:13:38,1,2006-02-16 02:30:53
3369,2005-06-21 13:20:31,303,431,2005-06-30 13:45:31,2,2006-02-16 02:30:53
3370,2005-06-21 13:27:01,1573,559,2005-06-25 09:27:01,1,2006-02-16 02:30:53
3371,2005-06-21 13:27:22,2526,595,2005-06-29 14:04:22,2,2006-02-16 02:30:53
3372,2005-06-21 13:34:19,4169,346,2005-06-27 08:41:19,2,2006-02-16 02:30:53
3373,2005-06-21 13:35:32,2219,316,2005-06-30 12:03:32,1,2006-02-16 02:30:53
3374,2005-06-21 13:36:30,1067,279,2005-06-23 15:10:30,2,2006-02-16 02:30:53
3375,2005-06-21 13:37:18,912,279,2005-06-22 11:26:18,2,2006-02-16 02:30:53
3376,2005-06-21 13:43:02,3055,318,2005-06-28 18:07:02,1,2006-02-16 02:30:53
3377,2005-06-21 13:51:12,1845,428,2005-06-22 18:16:12,1,2006-02-16 02:30:53
3378,2005-06-21 13:51:28,35,387,2005-06-25 09:21:28,1,2006-02-16 02:30:53
3379,2005-06-21 13:54:58,2022,566,2005-06-23 13:43:58,2,2006-02-16 02:30:53
3380,2005-06-21 13:58:46,3212,483,2005-06-30 09:29:46,1,2006-02-16 02:30:53
3381,2005-06-21 14:02:59,1373,183,2005-06-29 18:11:59,2,2006-02-16 02:30:53
3382,2005-06-21 14:05:23,131,341,2005-06-29 19:13:23,2,2006-02-16 02:30:53
3383,2005-06-21 14:07:19,2968,239,2005-06-29 17:00:19,2,2006-02-16 02:30:53
3384,2005-06-21 14:07:35,409,91,2005-06-26 16:34:35,1,2006-02-16 02:30:53
3385,2005-06-21 14:16:48,2810,514,2005-06-24 10:32:48,2,2006-02-16 02:30:53
3386,2005-06-21 14:21:06,1224,190,2005-06-24 08:32:06,2,2006-02-16 02:30:53
3387,2005-06-21 14:21:49,2709,305,2005-06-24 16:46:49,2,2006-02-16 02:30:53
3388,2005-06-21 14:34:51,556,119,2005-06-28 18:19:51,1,2006-02-16 02:30:53
3389,2005-06-21 14:37:55,727,395,2005-06-28 18:13:55,1,2006-02-16 02:30:53
3390,2005-06-21 15:10:50,2034,151,2005-06-26 12:38:50,1,2006-02-16 02:30:53
3391,2005-06-21 15:11:02,26,45,2005-06-25 14:12:02,1,2006-02-16 02:30:53
3392,2005-06-21 15:12:44,3343,38,2005-06-29 18:19:44,1,2006-02-16 02:30:53
3393,2005-06-21 15:14:27,1631,362,2005-06-25 19:54:27,2,2006-02-16 02:30:53
3394,2005-06-21 15:17:39,3393,295,2005-06-30 13:55:39,2,2006-02-16 02:30:53
3395,2005-06-21 15:19:19,3764,66,2005-06-29 14:23:19,2,2006-02-16 02:30:53
3396,2005-06-21 15:23:08,2744,371,2005-06-23 10:25:08,1,2006-02-16 02:30:53
3397,2005-06-21 15:30:11,602,552,2005-06-22 21:12:11,1,2006-02-16 02:30:53
3398,2005-06-21 15:34:38,221,599,2005-06-29 11:23:38,1,2006-02-16 02:30:53
3399,2005-06-21 15:47:48,619,98,2005-06-26 13:46:48,1,2006-02-16 02:30:53
3400,2005-06-21 15:50:30,1697,298,2005-06-25 18:07:30,1,2006-02-16 02:30:53
3401,2005-06-21 15:52:43,3423,577,2005-06-30 21:09:43,2,2006-02-16 02:30:53
3402,2005-06-21 15:54:37,596,187,2005-06-30 13:43:37,1,2006-02-16 02:30:53
3403,2005-06-21 15:55:06,1741,264,2005-06-27 12:34:06,1,2006-02-16 02:30:53
3404,2005-06-21 15:57:52,2005,424,2005-06-24 20:58:52,2,2006-02-16 02:30:53
3405,2005-06-21 15:58:25,2344,155,2005-06-23 10:58:25,1,2006-02-16 02:30:53
3406,2005-06-21 16:00:18,2049,203,2005-06-23 18:25:18,1,2006-02-16 02:30:53
3407,2005-06-21 16:14:02,3919,343,2005-06-24 15:38:02,2,2006-02-16 02:30:53
3408,2005-06-21 16:15:11,3453,282,2005-06-27 14:55:11,1,2006-02-16 02:30:53
3409,2005-06-21 16:17:38,3374,429,2005-06-22 14:16:38,1,2006-02-16 02:30:53
3410,2005-06-21 16:20:47,1197,321,2005-06-24 19:09:47,2,2006-02-16 02:30:53
3411,2005-06-21 16:31:27,4250,12,2005-06-28 12:27:27,2,2006-02-16 02:30:53
3412,2005-06-21 16:44:31,3036,501,2005-06-28 16:15:31,2,2006-02-16 02:30:53
3413,2005-06-21 16:57:07,666,322,2005-06-30 12:03:07,2,2006-02-16 02:30:53
3414,2005-06-21 16:58:50,2929,226,2005-06-24 17:26:50,1,2006-02-16 02:30:53
3415,2005-06-21 16:59:49,3540,444,2005-06-27 17:19:49,1,2006-02-16 02:30:53
3416,2005-06-21 17:05:29,1215,76,2005-06-23 17:58:29,2,2006-02-16 02:30:53
3417,2005-06-21 17:06:20,874,282,2005-06-23 17:00:20,2,2006-02-16 02:30:53
3418,2005-06-21 17:06:38,4115,85,2005-06-25 19:43:38,1,2006-02-16 02:30:53
3419,2005-06-21 17:18:01,4022,22,2005-06-22 15:08:01,1,2006-02-16 02:30:53
3420,2005-06-21 17:22:36,2523,27,2005-06-28 12:34:36,1,2006-02-16 02:30:53
3421,2005-06-21 17:22:58,3930,346,2005-06-24 18:57:58,1,2006-02-16 02:30:53
3422,2005-06-21 17:24:40,2724,251,2005-06-29 13:59:40,2,2006-02-16 02:30:53
3423,2005-06-21 17:38:02,3612,19,2005-06-23 19:47:02,1,2006-02-16 02:30:53
3424,2005-06-21 17:42:51,1279,583,2005-06-24 23:22:51,2,2006-02-16 02:30:53
3425,2005-06-21 18:07:07,4548,381,2005-06-27 22:59:07,2,2006-02-16 02:30:53
3426,2005-06-21 18:12:10,3019,95,2005-06-23 18:22:10,1,2006-02-16 02:30:53
3427,2005-06-21 18:31:09,560,561,2005-06-22 14:18:09,2,2006-02-16 02:30:53
3428,2005-06-21 18:39:34,1959,40,2005-06-22 18:23:34,2,2006-02-16 02:30:53
3429,2005-06-21 18:46:05,456,599,2005-06-30 17:28:05,1,2006-02-16 02:30:53
3430,2005-06-21 18:46:08,1613,503,2005-06-22 13:49:08,2,2006-02-16 02:30:53
3431,2005-06-21 18:46:48,133,516,2005-06-26 23:08:48,1,2006-02-16 02:30:53
3432,2005-06-21 19:02:03,1814,216,2005-06-25 00:57:03,2,2006-02-16 02:30:53
3433,2005-06-21 19:07:19,1077,228,2005-06-29 18:01:19,2,2006-02-16 02:30:53
3434,2005-06-21 19:08:28,2295,141,2005-06-23 14:25:28,1,2006-02-16 02:30:53
3435,2005-06-21 19:14:58,451,591,2005-06-24 19:58:58,1,2006-02-16 02:30:53
3436,2005-06-21 19:16:09,2740,137,2005-06-30 13:58:09,2,2006-02-16 02:30:53
3437,2005-06-21 19:20:17,1798,211,2005-07-01 01:09:17,2,2006-02-16 02:30:53
3438,2005-06-21 19:31:40,1757,556,2005-06-30 19:08:40,1,2006-02-16 02:30:53
3439,2005-06-21 19:36:15,1529,46,2005-06-23 14:54:15,2,2006-02-16 02:30:53
3440,2005-06-21 19:58:18,853,491,2005-06-27 22:08:18,1,2006-02-16 02:30:53
3441,2005-06-21 20:00:12,2863,326,2005-06-24 00:24:12,2,2006-02-16 02:30:53
3442,2005-06-21 20:06:51,1896,255,2005-06-25 17:35:51,2,2006-02-16 02:30:53
3443,2005-06-21 20:19:00,1639,377,2005-06-30 15:39:00,1,2006-02-16 02:30:53
3444,2005-06-21 20:39:39,493,45,2005-06-25 23:44:39,2,2006-02-16 02:30:53
3445,2005-06-21 20:40:28,2381,74,2005-06-29 00:47:28,2,2006-02-16 02:30:53
3446,2005-06-21 20:45:51,1817,174,2005-06-26 17:02:51,1,2006-02-16 02:30:53
3447,2005-06-21 20:53:31,1146,25,2005-06-24 02:20:31,2,2006-02-16 02:30:53
3448,2005-06-21 20:59:20,592,476,2005-06-24 15:40:20,1,2006-02-16 02:30:53
3449,2005-06-21 21:01:27,210,181,2005-06-27 21:20:27,1,2006-02-16 02:30:53
3450,2005-06-21 21:01:57,2268,126,2005-06-25 23:57:57,1,2006-02-16 02:30:53
3451,2005-06-21 21:10:39,3489,558,2005-06-30 19:03:39,2,2006-02-16 02:30:53
3452,2005-06-21 21:11:27,2646,293,2005-06-24 16:31:27,1,2006-02-16 02:30:53
3453,2005-06-21 21:12:11,842,278,2005-06-23 17:39:11,2,2006-02-16 02:30:53
3454,2005-06-21 21:12:13,3009,524,2005-06-25 23:23:13,1,2006-02-16 02:30:53
3455,2005-06-21 21:17:51,4403,340,2005-06-23 17:22:51,1,2006-02-16 02:30:53
3456,2005-06-21 21:19:47,1119,150,2005-06-28 18:18:47,2,2006-02-16 02:30:53
3457,2005-06-21 21:42:33,883,312,2005-06-30 19:54:33,2,2006-02-16 02:30:53
3458,2005-06-21 21:42:49,2136,338,2005-06-29 01:26:49,1,2006-02-16 02:30:53
3459,2005-06-21 21:45:47,3080,97,2005-06-25 00:46:47,1,2006-02-16 02:30:53
3460,2005-06-21 21:46:56,1765,236,2005-06-29 20:08:56,1,2006-02-16 02:30:53
3461,2005-06-21 21:49:18,1715,23,2005-06-26 19:51:18,1,2006-02-16 02:30:53
3462,2005-06-21 21:52:52,547,568,2005-06-28 21:41:52,1,2006-02-16 02:30:53
3463,2005-06-21 22:00:00,3436,96,2005-06-22 19:22:00,2,2006-02-16 02:30:53
3464,2005-06-21 22:08:58,2698,251,2005-06-26 16:23:58,2,2006-02-16 02:30:53
3465,2005-06-21 22:10:01,1488,510,2005-06-30 21:35:01,1,2006-02-16 02:30:53
3466,2005-06-21 22:13:33,371,226,2005-06-25 21:01:33,2,2006-02-16 02:30:53
3467,2005-06-21 22:19:25,729,543,2005-06-27 00:03:25,2,2006-02-16 02:30:53
3468,2005-06-21 22:43:45,2899,100,2005-06-30 01:49:45,1,2006-02-16 02:30:53
3469,2005-06-21 22:48:59,4087,181,2005-06-28 19:32:59,1,2006-02-16 02:30:53
3470,2005-07-05 22:49:24,883,565,2005-07-07 19:36:24,1,2006-02-16 02:30:53
3471,2005-07-05 22:51:44,1724,242,2005-07-13 01:38:44,2,2006-02-16 02:30:53
3472,2005-07-05 22:56:33,841,37,2005-07-13 17:18:33,2,2006-02-16 02:30:53
3473,2005-07-05 22:57:34,2735,60,2005-07-12 23:53:34,1,2006-02-16 02:30:53
3474,2005-07-05 22:59:53,97,594,2005-07-08 20:32:53,1,2006-02-16 02:30:53
3475,2005-07-05 23:01:21,2189,8,2005-07-13 23:07:21,2,2006-02-16 02:30:53
3476,2005-07-05 23:02:37,3011,490,2005-07-10 22:17:37,2,2006-02-16 02:30:53
3477,2005-07-05 23:05:17,4289,476,2005-07-15 02:20:17,2,2006-02-16 02:30:53
3478,2005-07-05 23:05:44,2528,322,2005-07-07 00:14:44,2,2006-02-16 02:30:53
3479,2005-07-05 23:08:53,2277,298,2005-07-11 21:42:53,1,2006-02-16 02:30:53
3480,2005-07-05 23:11:43,1488,382,2005-07-12 02:01:43,2,2006-02-16 02:30:53
3481,2005-07-05 23:13:07,3575,138,2005-07-07 20:36:07,2,2006-02-16 02:30:53
3482,2005-07-05 23:13:22,1291,520,2005-07-12 19:02:22,2,2006-02-16 02:30:53
3483,2005-07-05 23:13:51,79,536,2005-07-13 18:31:51,1,2006-02-16 02:30:53
3484,2005-07-05 23:23:11,1934,114,2005-07-11 00:27:11,2,2006-02-16 02:30:53
3485,2005-07-05 23:25:54,117,111,2005-07-09 17:38:54,1,2006-02-16 02:30:53
3486,2005-07-05 23:29:55,4067,296,2005-07-13 19:54:55,1,2006-02-16 02:30:53
3487,2005-07-05 23:30:36,1575,586,2005-07-11 04:00:36,1,2006-02-16 02:30:53
3488,2005-07-05 23:32:49,898,349,2005-07-15 02:01:49,2,2006-02-16 02:30:53
3489,2005-07-05 23:33:40,2936,397,2005-07-15 02:15:40,2,2006-02-16 02:30:53
3490,2005-07-05 23:37:13,3041,369,2005-07-12 22:07:13,1,2006-02-16 02:30:53
3491,2005-07-05 23:41:08,1835,421,2005-07-13 21:53:08,1,2006-02-16 02:30:53
3492,2005-07-05 23:44:37,980,142,2005-07-14 03:54:37,1,2006-02-16 02:30:53
3493,2005-07-05 23:46:19,473,169,2005-07-15 02:31:19,1,2006-02-16 02:30:53
3494,2005-07-05 23:47:30,3149,348,2005-07-11 18:10:30,1,2006-02-16 02:30:53
3495,2005-07-05 23:50:04,2306,553,2005-07-10 01:06:04,1,2006-02-16 02:30:53
3496,2005-07-05 23:59:15,2430,295,2005-07-09 19:39:15,2,2006-02-16 02:30:53
3497,2005-07-06 00:00:03,1970,299,2005-07-09 01:27:03,1,2006-02-16 02:30:53
3498,2005-07-06 00:02:08,1869,444,2005-07-10 00:19:08,1,2006-02-16 02:30:53
3499,2005-07-06 00:04:20,1850,520,2005-07-14 21:12:20,2,2006-02-16 02:30:53
3500,2005-07-06 00:11:13,2447,32,2005-07-13 19:01:13,2,2006-02-16 02:30:53
3501,2005-07-06 00:11:28,2219,270,2005-07-10 20:32:28,2,2006-02-16 02:30:53
3502,2005-07-06 00:15:06,1026,126,2005-07-13 01:35:06,1,2006-02-16 02:30:53
3503,2005-07-06 00:17:24,2944,449,2005-07-08 03:47:24,1,2006-02-16 02:30:53
3504,2005-07-06 00:18:29,268,209,2005-07-10 00:24:29,2,2006-02-16 02:30:53
3505,2005-07-06 00:19:32,2630,331,2005-07-14 20:14:32,2,2006-02-16 02:30:53
3506,2005-07-06 00:22:29,19,459,2005-07-07 22:15:29,1,2006-02-16 02:30:53
3507,2005-07-06 00:23:43,166,480,2005-07-15 04:19:43,1,2006-02-16 02:30:53
3508,2005-07-06 00:24:25,2381,34,2005-07-10 05:38:25,2,2006-02-16 02:30:53
3509,2005-07-06 00:24:57,4394,182,2005-07-09 18:48:57,2,2006-02-16 02:30:53
3510,2005-07-06 00:27:41,2250,443,2005-07-14 23:20:41,2,2006-02-16 02:30:53
3511,2005-07-06 00:42:01,2128,494,2005-07-09 23:08:01,1,2006-02-16 02:30:53
3512,2005-07-06 00:43:06,371,291,2005-07-12 06:18:06,2,2006-02-16 02:30:53
3513,2005-07-06 00:45:57,4225,223,2005-07-11 19:04:57,2,2006-02-16 02:30:53
3514,2005-07-06 00:46:54,4546,536,2005-07-09 05:47:54,1,2006-02-16 02:30:53
3515,2005-07-06 00:48:55,3220,131,2005-07-09 00:15:55,1,2006-02-16 02:30:53
3516,2005-07-06 00:50:30,385,338,2005-07-09 19:12:30,2,2006-02-16 02:30:53
3517,2005-07-06 00:52:35,2762,314,2005-07-08 20:10:35,2,2006-02-16 02:30:53
3518,2005-07-06 00:56:03,2502,167,2005-07-14 02:27:03,1,2006-02-16 02:30:53
3519,2005-07-06 00:57:29,4314,320,2005-07-10 21:12:29,2,2006-02-16 02:30:53
3520,2005-07-06 00:58:27,2872,102,2005-07-14 05:56:27,1,2006-02-16 02:30:53
3521,2005-07-06 01:00:11,1440,262,2005-07-11 19:15:11,2,2006-02-16 02:30:53
3522,2005-07-06 01:00:21,4522,469,2005-07-11 01:18:21,1,2006-02-16 02:30:53
3523,2005-07-06 01:01:38,2171,549,2005-07-10 20:24:38,2,2006-02-16 02:30:53
3524,2005-07-06 01:01:51,1626,88,2005-07-11 19:52:51,2,2006-02-16 02:30:53
3525,2005-07-06 01:02:39,208,51,2005-07-14 02:27:39,1,2006-02-16 02:30:53
3526,2005-07-06 01:03:29,3871,469,2005-07-15 01:22:29,2,2006-02-16 02:30:53
3527,2005-07-06 01:11:08,4537,389,2005-07-08 01:21:08,1,2006-02-16 02:30:53
3528,2005-07-06 01:13:27,1954,201,2005-07-06 23:45:27,2,2006-02-16 02:30:53
3529,2005-07-06 01:15:26,4316,350,2005-07-07 04:28:26,1,2006-02-16 02:30:53
3530,2005-07-06 01:22:45,4542,168,2005-07-10 03:23:45,1,2006-02-16 02:30:53
3531,2005-07-06 01:24:08,1890,165,2005-07-11 22:00:08,2,2006-02-16 02:30:53
3532,2005-07-06 01:24:38,2635,274,2005-07-11 06:42:38,2,2006-02-16 02:30:53
3533,2005-07-06 01:26:44,2028,206,2005-07-14 21:37:44,1,2006-02-16 02:30:53
3534,2005-07-06 01:32:27,2055,283,2005-07-08 23:14:27,1,2006-02-16 02:30:53
3535,2005-07-06 01:32:46,4214,65,2005-07-11 03:15:46,1,2006-02-16 02:30:53
3536,2005-07-06 01:36:11,2328,339,2005-07-12 20:00:11,2,2006-02-16 02:30:53
3537,2005-07-06 01:36:53,4220,479,2005-07-13 07:01:53,2,2006-02-16 02:30:53
3538,2005-07-06 01:37:07,4361,228,2005-07-11 06:02:07,2,2006-02-16 02:30:53
3539,2005-07-06 01:39:08,4081,444,2005-07-07 05:38:08,1,2006-02-16 02:30:53
3540,2005-07-06 01:47:20,1295,97,2005-07-08 23:48:20,2,2006-02-16 02:30:53
3541,2005-07-06 01:50:11,1204,501,2005-07-12 03:24:11,1,2006-02-16 02:30:53
3542,2005-07-06 01:51:42,4391,593,2005-07-11 03:29:42,1,2006-02-16 02:30:53
3543,2005-07-06 02:01:08,3997,394,2005-07-07 03:14:08,1,2006-02-16 02:30:53
3544,2005-07-06 02:06:32,3098,115,2005-07-09 04:35:32,2,2006-02-16 02:30:53
3545,2005-07-06 02:16:17,3924,442,2005-07-11 00:54:17,1,2006-02-16 02:30:53
3546,2005-07-06 02:17:54,959,594,2005-07-07 00:19:54,1,2006-02-16 02:30:53
3547,2005-07-06 02:18:06,2730,239,2005-07-08 05:24:06,1,2006-02-16 02:30:53
3548,2005-07-06 02:23:39,4498,16,2005-07-08 07:53:39,2,2006-02-16 02:30:53
3549,2005-07-06 02:24:55,3921,19,2005-07-06 21:40:55,2,2006-02-16 02:30:53
3550,2005-07-06 02:29:21,2417,15,2005-07-13 05:26:21,2,2006-02-16 02:30:53
3551,2005-07-06 02:33:48,3602,111,2005-07-13 04:38:48,1,2006-02-16 02:30:53
3552,2005-07-06 02:34:09,1099,239,2005-07-12 05:31:09,1,2006-02-16 02:30:53
3553,2005-07-06 02:35:41,4510,422,2005-07-08 06:38:41,2,2006-02-16 02:30:53
3554,2005-07-06 02:37:10,793,538,2005-07-09 01:58:10,1,2006-02-16 02:30:53
3555,2005-07-06 02:45:35,869,537,2005-07-10 07:17:35,1,2006-02-16 02:30:53
3556,2005-07-06 02:46:13,3142,273,2005-07-06 22:08:13,1,2006-02-16 02:30:53
3557,2005-07-06 02:48:39,3832,292,2005-07-08 22:52:39,2,2006-02-16 02:30:53
3558,2005-07-06 02:49:06,1742,575,2005-07-15 01:38:06,2,2006-02-16 02:30:53
3559,2005-07-06 02:49:42,2211,483,2005-07-12 04:44:42,1,2006-02-16 02:30:53
3560,2005-07-06 02:51:37,888,592,2005-07-10 01:35:37,2,2006-02-16 02:30:53
3561,2005-07-06 02:54:33,213,231,2005-07-14 07:44:33,2,2006-02-16 02:30:53
3562,2005-07-06 02:54:36,1660,587,2005-07-11 05:48:36,1,2006-02-16 02:30:53
3563,2005-07-06 02:57:01,4261,210,2005-07-14 02:25:01,2,2006-02-16 02:30:53
3564,2005-07-06 03:02:13,1096,402,2005-07-13 01:41:13,2,2006-02-16 02:30:53
3565,2005-07-06 03:02:58,599,97,2005-07-13 21:31:58,2,2006-02-16 02:30:53
3566,2005-07-06 03:08:51,2774,392,2005-07-12 05:04:51,1,2006-02-16 02:30:53
3567,2005-07-06 03:09:36,27,355,2005-07-12 02:15:36,1,2006-02-16 02:30:53
3568,2005-07-06 03:11:57,2084,283,2005-07-15 03:14:57,1,2006-02-16 02:30:53
3569,2005-07-06 03:17:23,1929,496,2005-07-14 03:58:23,1,2006-02-16 02:30:53
3570,2005-07-06 03:23:43,1300,450,2005-07-14 07:28:43,2,2006-02-16 02:30:53
3571,2005-07-06 03:32:31,4166,580,2005-07-11 06:15:31,1,2006-02-16 02:30:53
3572,2005-07-06 03:33:23,1915,284,2005-07-08 07:54:23,1,2006-02-16 02:30:53
3573,2005-07-06 03:33:48,146,66,2005-07-07 22:39:48,1,2006-02-16 02:30:53
3574,2005-07-06 03:36:01,2799,225,2005-07-10 01:29:01,2,2006-02-16 02:30:53
3575,2005-07-06 03:36:19,3234,49,2005-07-08 06:21:19,1,2006-02-16 02:30:53
3576,2005-07-06 03:40:01,324,227,2005-07-15 07:22:01,1,2006-02-16 02:30:53
3577,2005-07-06 03:40:36,4390,152,2005-07-10 05:54:36,2,2006-02-16 02:30:53
3578,2005-07-06 03:47:05,2954,263,2005-07-08 02:26:05,1,2006-02-16 02:30:53
3579,2005-07-06 03:47:47,3309,485,2005-07-08 02:16:47,2,2006-02-16 02:30:53
3580,2005-07-06 03:48:44,3837,200,2005-07-13 01:15:44,2,2006-02-16 02:30:53
3581,2005-07-06 03:57:35,4520,235,2005-07-07 08:07:35,2,2006-02-16 02:30:53
3582,2005-07-06 04:10:35,1866,297,2005-07-11 01:29:35,2,2006-02-16 02:30:53
3583,2005-07-06 04:10:43,204,574,2005-07-14 22:17:43,2,2006-02-16 02:30:53
3584,2005-07-06 04:16:43,367,207,2005-07-13 07:08:43,1,2006-02-16 02:30:53
3585,2005-07-06 04:22:36,2726,266,2005-07-09 06:16:36,2,2006-02-16 02:30:53
3586,2005-07-06 04:24:42,616,493,2005-07-09 02:37:42,1,2006-02-16 02:30:53
3587,2005-07-06 04:27:52,462,110,2005-07-13 08:19:52,1,2006-02-16 02:30:53
3588,2005-07-06 04:29:13,3154,289,2005-07-07 23:49:13,1,2006-02-16 02:30:53
3589,2005-07-06 04:30:18,3740,137,2005-07-10 09:18:18,1,2006-02-16 02:30:53
3590,2005-07-06 04:35:12,1510,283,2005-07-10 05:14:12,2,2006-02-16 02:30:53
3591,2005-07-06 04:37:10,1241,53,2005-07-09 23:32:10,1,2006-02-16 02:30:53
3592,2005-07-06 04:38:50,1272,286,2005-07-15 06:36:50,2,2006-02-16 02:30:53
3593,2005-07-06 04:39:52,619,78,2005-07-11 23:20:52,2,2006-02-16 02:30:53
3594,2005-07-06 04:42:47,4566,522,2005-07-10 00:49:47,1,2006-02-16 02:30:53
3595,2005-07-06 04:59:49,1431,92,2005-07-15 06:26:49,2,2006-02-16 02:30:53
3596,2005-07-06 05:03:11,594,419,2005-07-07 05:30:11,2,2006-02-16 02:30:53
3597,2005-07-06 05:03:59,4080,35,2005-07-13 06:49:59,2,2006-02-16 02:30:53
3598,2005-07-06 05:11:04,1317,68,2005-07-09 02:03:04,2,2006-02-16 02:30:53
3599,2005-07-06 05:16:36,3262,577,2005-07-13 07:14:36,2,2006-02-16 02:30:53
3600,2005-07-06 05:19:42,2748,511,2005-07-11 00:34:42,2,2006-02-16 02:30:53
3601,2005-07-06 05:20:25,2806,205,2005-07-15 03:13:25,1,2006-02-16 02:30:53
3602,2005-07-06 05:23:10,2192,100,2005-07-15 03:22:10,2,2006-02-16 02:30:53
3603,2005-07-06 05:25:03,2442,330,2005-07-12 08:14:03,1,2006-02-16 02:30:53
3604,2005-07-06 05:25:22,1380,242,2005-07-07 23:52:22,1,2006-02-16 02:30:53
3605,2005-07-06 05:27:15,384,347,2005-07-10 00:05:15,2,2006-02-16 02:30:53
3606,2005-07-06 05:28:02,1737,166,2005-07-10 04:51:02,1,2006-02-16 02:30:53
3607,2005-07-06 05:30:09,542,335,2005-07-08 01:36:09,2,2006-02-16 02:30:53
3608,2005-07-06 05:35:39,3095,368,2005-07-10 07:46:39,2,2006-02-16 02:30:53
3609,2005-07-06 05:36:22,1064,373,2005-07-10 05:55:22,1,2006-02-16 02:30:53
3610,2005-07-06 05:36:59,1509,348,2005-07-13 07:07:59,1,2006-02-16 02:30:53
3611,2005-07-06 05:37:18,4502,86,2005-07-10 05:14:18,1,2006-02-16 02:30:53
3612,2005-07-06 05:37:26,2465,402,2005-07-14 01:51:26,1,2006-02-16 02:30:53
3613,2005-07-06 05:45:53,3776,331,2005-07-07 10:02:53,1,2006-02-16 02:30:53
3614,2005-07-06 05:46:05,853,502,2005-07-11 01:24:05,2,2006-02-16 02:30:53
3615,2005-07-06 05:47:47,711,49,2005-07-11 05:01:47,1,2006-02-16 02:30:53
3616,2005-07-06 05:52:13,557,571,2005-07-10 10:24:13,1,2006-02-16 02:30:53
3617,2005-07-06 05:58:06,1337,125,2005-07-13 02:10:06,1,2006-02-16 02:30:53
3618,2005-07-06 05:58:45,330,264,2005-07-15 09:13:45,2,2006-02-16 02:30:53
3619,2005-07-06 05:59:44,3350,526,2005-07-11 08:58:44,2,2006-02-16 02:30:53
3620,2005-07-06 06:01:50,1661,88,2005-07-08 05:04:50,1,2006-02-16 02:30:53
3621,2005-07-06 06:03:55,3132,171,2005-07-11 09:25:55,2,2006-02-16 02:30:53
3622,2005-07-06 06:05:04,3489,454,2005-07-12 03:14:04,2,2006-02-16 02:30:53
3623,2005-07-06 06:05:23,430,80,2005-07-07 05:59:23,1,2006-02-16 02:30:53
3624,2005-07-06 06:06:27,1778,115,2005-07-13 08:30:27,2,2006-02-16 02:30:53
3625,2005-07-06 06:12:52,1133,175,2005-07-12 07:37:52,1,2006-02-16 02:30:53
3626,2005-07-06 06:15:35,1599,337,2005-07-10 10:18:35,2,2006-02-16 02:30:53
3627,2005-07-06 06:19:25,1087,322,2005-07-11 05:53:25,1,2006-02-16 02:30:53
3628,2005-07-06 06:19:43,3509,588,2005-07-07 02:23:43,1,2006-02-16 02:30:53
3629,2005-07-06 06:23:22,4019,441,2005-07-08 09:32:22,2,2006-02-16 02:30:53
3630,2005-07-06 06:27:15,2448,102,2005-07-12 10:36:15,1,2006-02-16 02:30:53
3631,2005-07-06 06:36:53,4068,47,2005-07-07 10:32:53,1,2006-02-16 02:30:53
3632,2005-07-06 06:38:21,2583,366,2005-07-11 03:19:21,1,2006-02-16 02:30:53
3633,2005-07-06 06:43:26,2978,95,2005-07-10 04:54:26,1,2006-02-16 02:30:53
3634,2005-07-06 06:51:14,3688,245,2005-07-10 02:30:14,1,2006-02-16 02:30:53
3635,2005-07-06 06:55:36,421,250,2005-07-09 07:57:36,2,2006-02-16 02:30:53
3636,2005-07-06 07:03:52,3379,591,2005-07-08 03:14:52,2,2006-02-16 02:30:53
3637,2005-07-06 07:06:31,3823,380,2005-07-10 02:11:31,2,2006-02-16 02:30:53
3638,2005-07-06 07:08:17,190,452,2005-07-13 12:30:17,1,2006-02-16 02:30:53
3639,2005-07-06 07:09:17,2812,7,2005-07-15 05:12:17,2,2006-02-16 02:30:53
3640,2005-07-06 07:12:26,3432,271,2005-07-10 04:54:26,2,2006-02-16 02:30:53
3641,2005-07-06 07:17:09,3834,79,2005-07-11 07:25:09,1,2006-02-16 02:30:53
3642,2005-07-06 07:18:20,4204,166,2005-07-09 01:37:20,1,2006-02-16 02:30:53
3643,2005-07-06 07:20:08,845,176,2005-07-11 07:01:08,1,2006-02-16 02:30:53
3644,2005-07-06 07:20:11,4309,403,2005-07-11 10:26:11,2,2006-02-16 02:30:53
3645,2005-07-06 07:22:09,3390,236,2005-07-10 11:45:09,1,2006-02-16 02:30:53
3646,2005-07-06 07:28:59,3591,322,2005-07-11 05:19:59,1,2006-02-16 02:30:53
3647,2005-07-06 07:29:17,3762,145,2005-07-13 08:32:17,1,2006-02-16 02:30:53
3648,2005-07-06 07:30:41,2810,598,2005-07-10 06:00:41,2,2006-02-16 02:30:53
3649,2005-07-06 07:32:42,3564,24,2005-07-12 09:37:42,1,2006-02-16 02:30:53
3650,2005-07-06 07:34:15,3606,482,2005-07-08 01:50:15,2,2006-02-16 02:30:53
3651,2005-07-06 07:40:31,3323,170,2005-07-08 03:39:31,2,2006-02-16 02:30:53
3652,2005-07-06 07:44:30,1231,518,2005-07-08 04:41:30,1,2006-02-16 02:30:53
3653,2005-07-06 07:45:13,2513,148,2005-07-10 11:51:13,2,2006-02-16 02:30:53
3654,2005-07-06 07:45:31,1621,528,2005-07-12 09:59:31,2,2006-02-16 02:30:53
3655,2005-07-06 07:52:54,1540,493,2005-07-15 10:49:54,2,2006-02-16 02:30:53
3656,2005-07-06 07:55:22,4544,314,2005-07-13 10:36:22,2,2006-02-16 02:30:53
3657,2005-07-06 07:55:30,4134,113,2005-07-11 07:18:30,1,2006-02-16 02:30:53
3658,2005-07-06 08:01:08,3453,253,2005-07-15 06:36:08,1,2006-02-16 02:30:53
3659,2005-07-06 08:03:14,2271,330,2005-07-12 09:50:14,1,2006-02-16 02:30:53
3660,2005-07-06 08:07:29,1129,507,2005-07-14 08:46:29,1,2006-02-16 02:30:53
3661,2005-07-06 08:10:02,2600,442,2005-07-10 10:17:02,1,2006-02-16 02:30:53
3662,2005-07-06 08:11:48,3827,334,2005-07-09 12:25:48,2,2006-02-16 02:30:53
3663,2005-07-06 08:15:47,2646,566,2005-07-07 08:57:47,1,2006-02-16 02:30:53
3664,2005-07-06 08:15:57,3366,528,2005-07-08 06:11:57,1,2006-02-16 02:30:53
3665,2005-07-06 08:23:08,922,102,2005-07-13 13:38:08,2,2006-02-16 02:30:53
3666,2005-07-06 08:27:43,4212,347,2005-07-09 07:37:43,2,2006-02-16 02:30:53
3667,2005-07-06 08:36:34,447,373,2005-07-15 04:25:34,2,2006-02-16 02:30:53
3668,2005-07-06 08:36:48,269,514,2005-07-10 11:31:48,1,2006-02-16 02:30:53
3669,2005-07-06 08:38:29,1299,530,2005-07-10 05:28:29,1,2006-02-16 02:30:53
3670,2005-07-06 08:56:43,4271,268,2005-07-11 09:11:43,1,2006-02-16 02:30:53
3671,2005-07-06 09:01:29,2821,179,2005-07-15 08:08:29,1,2006-02-16 02:30:53
3672,2005-07-06 09:01:56,3883,283,2005-07-11 14:18:56,1,2006-02-16 02:30:53
3673,2005-07-06 09:02:09,1837,88,2005-07-15 06:45:09,2,2006-02-16 02:30:53
3674,2005-07-06 09:03:13,3686,559,2005-07-13 08:43:13,1,2006-02-16 02:30:53
3675,2005-07-06 09:09:19,3662,282,2005-07-12 08:51:19,1,2006-02-16 02:30:53
3676,2005-07-06 09:10:37,1967,137,2005-07-14 08:24:37,1,2006-02-16 02:30:53
3677,2005-07-06 09:11:58,600,5,2005-07-08 10:50:58,2,2006-02-16 02:30:53
3678,2005-07-06 09:15:15,3861,364,2005-07-10 05:01:15,1,2006-02-16 02:30:53
3679,2005-07-06 09:15:57,2186,547,2005-07-08 03:20:57,1,2006-02-16 02:30:53
3680,2005-07-06 09:16:10,2427,82,2005-07-08 07:52:10,2,2006-02-16 02:30:53
3681,2005-07-06 09:19:30,3325,294,2005-07-11 09:40:30,1,2006-02-16 02:30:53
3682,2005-07-06 09:22:48,2597,98,2005-07-14 11:17:48,2,2006-02-16 02:30:53
3683,2005-07-06 09:25:56,3020,43,2005-07-14 12:10:56,1,2006-02-16 02:30:53
3684,2005-07-06 09:29:22,3261,395,2005-07-12 08:19:22,1,2006-02-16 02:30:53
3685,2005-07-06 09:30:45,2015,58,2005-07-11 15:16:45,2,2006-02-16 02:30:53
3686,2005-07-06 09:37:50,376,548,2005-07-09 10:15:50,2,2006-02-16 02:30:53
3687,2005-07-06 09:38:33,2040,207,2005-07-14 07:50:33,1,2006-02-16 02:30:53
3688,2005-07-06 09:41:53,1102,380,2005-07-14 10:30:53,2,2006-02-16 02:30:53
3689,2005-07-06 09:43:01,3168,129,2005-07-11 09:57:01,1,2006-02-16 02:30:53
3690,2005-07-06 09:46:03,4405,435,2005-07-07 12:12:03,1,2006-02-16 02:30:53
3691,2005-07-06 09:46:12,1937,478,2005-07-07 14:08:12,1,2006-02-16 02:30:53
3692,2005-07-06 09:54:12,1237,286,2005-07-11 09:42:12,2,2006-02-16 02:30:53
3693,2005-07-06 09:56:09,2989,545,2005-07-15 06:50:09,2,2006-02-16 02:30:53
3694,2005-07-06 10:01:23,3848,419,2005-07-08 11:44:23,2,2006-02-16 02:30:53
3695,2005-07-06 10:02:08,2823,441,2005-07-09 15:43:08,1,2006-02-16 02:30:53
3696,2005-07-06 10:04:55,3244,497,2005-07-11 15:58:55,2,2006-02-16 02:30:53
3697,2005-07-06 10:07:22,1223,182,2005-07-13 14:04:22,2,2006-02-16 02:30:53
3698,2005-07-06 10:09:20,1263,461,2005-07-08 15:49:20,1,2006-02-16 02:30:53
3699,2005-07-06 10:11:25,418,262,2005-07-14 05:18:25,1,2006-02-16 02:30:53
3700,2005-07-06 10:12:19,343,72,2005-07-07 14:21:19,2,2006-02-16 02:30:53
3701,2005-07-06 10:12:45,3679,31,2005-07-09 08:52:45,1,2006-02-16 02:30:53
3702,2005-07-06 10:13:56,2204,428,2005-07-10 08:12:56,1,2006-02-16 02:30:53
3703,2005-07-06 10:15:26,4276,421,2005-07-13 13:00:26,1,2006-02-16 02:30:53
3704,2005-07-06 10:16:45,2687,323,2005-07-13 12:44:45,2,2006-02-16 02:30:53
3705,2005-07-06 10:17:59,65,223,2005-07-10 15:31:59,1,2006-02-16 02:30:53
3706,2005-07-06 10:18:01,681,132,2005-07-09 09:07:01,2,2006-02-16 02:30:53
3707,2005-07-06 10:21:49,1080,14,2005-07-12 05:14:49,2,2006-02-16 02:30:53
3708,2005-07-06 10:23:27,2105,201,2005-07-14 09:26:27,1,2006-02-16 02:30:53
3709,2005-07-06 10:26:56,4033,187,2005-07-15 13:51:56,2,2006-02-16 02:30:53
3710,2005-07-06 10:28:53,2596,228,2005-07-15 06:17:53,2,2006-02-16 02:30:53
3711,2005-07-06 10:46:15,1914,75,2005-07-07 09:25:15,2,2006-02-16 02:30:53
3712,2005-07-06 10:47:35,3741,504,2005-07-15 09:39:35,1,2006-02-16 02:30:53
3713,2005-07-06 10:49:30,1823,504,2005-07-13 10:44:30,1,2006-02-16 02:30:53
3714,2005-07-06 10:51:28,1985,276,2005-07-09 13:57:28,2,2006-02-16 02:30:53
3715,2005-07-06 10:51:48,4456,228,2005-07-11 06:08:48,1,2006-02-16 02:30:53
3716,2005-07-06 10:52:32,3271,92,2005-07-14 08:45:32,2,2006-02-16 02:30:53
3717,2005-07-06 10:53:34,1677,173,2005-07-07 13:43:34,2,2006-02-16 02:30:53
3718,2005-07-06 10:57:56,2624,56,2005-07-12 12:54:56,1,2006-02-16 02:30:53
3719,2005-07-06 11:05:55,3573,376,2005-07-11 08:10:55,2,2006-02-16 02:30:53
3720,2005-07-06 11:06:57,2958,96,2005-07-09 14:16:57,1,2006-02-16 02:30:53
3721,2005-07-06 11:10:09,2654,226,2005-07-11 07:45:09,2,2006-02-16 02:30:53
3722,2005-07-06 11:10:27,604,83,2005-07-13 12:56:27,2,2006-02-16 02:30:53
3723,2005-07-06 11:12:02,4554,501,2005-07-14 16:45:02,2,2006-02-16 02:30:53
3724,2005-07-06 11:12:48,3622,468,2005-07-14 14:41:48,1,2006-02-16 02:30:53
3725,2005-07-06 11:15:04,2789,126,2005-07-09 06:39:04,1,2006-02-16 02:30:53
3726,2005-07-06 11:15:49,742,363,2005-07-11 05:54:49,2,2006-02-16 02:30:53
3727,2005-07-06 11:16:43,2886,57,2005-07-07 15:39:43,1,2006-02-16 02:30:53
3728,2005-07-06 11:29:00,1798,298,2005-07-11 06:28:00,1,2006-02-16 02:30:53
3729,2005-07-06 11:30:29,3156,90,2005-07-12 07:18:29,1,2006-02-16 02:30:53
3730,2005-07-06 11:31:24,1665,355,2005-07-15 06:53:24,1,2006-02-16 02:30:53
3731,2005-07-06 11:33:36,4133,558,2005-07-15 12:23:36,2,2006-02-16 02:30:53
3732,2005-07-06 11:33:37,106,318,2005-07-08 08:31:37,1,2006-02-16 02:30:53
3733,2005-07-06 11:33:55,3242,586,2005-07-09 10:08:55,2,2006-02-16 02:30:53
3734,2005-07-06 11:40:27,4569,37,2005-07-14 12:08:27,1,2006-02-16 02:30:53
3735,2005-07-06 11:42:04,2262,534,2005-07-12 14:33:04,2,2006-02-16 02:30:53
3736,2005-07-06 11:43:44,1515,23,2005-07-13 07:55:44,2,2006-02-16 02:30:53
3737,2005-07-06 11:45:53,123,403,2005-07-13 15:27:53,1,2006-02-16 02:30:53
3738,2005-07-06 11:50:57,578,546,2005-07-09 08:07:57,1,2006-02-16 02:30:53
3739,2005-07-06 11:54:18,4333,157,2005-07-09 10:48:18,1,2006-02-16 02:30:53
3740,2005-07-06 11:55:35,1829,277,2005-07-14 09:44:35,2,2006-02-16 02:30:53
3741,2005-07-06 12:00:18,1449,584,2005-07-12 09:02:18,2,2006-02-16 02:30:53
3742,2005-07-06 12:01:38,2873,96,2005-07-15 10:46:38,1,2006-02-16 02:30:53
3743,2005-07-06 12:03:54,1012,456,2005-07-13 10:56:54,2,2006-02-16 02:30:53
3744,2005-07-06 12:10:02,3343,510,2005-07-08 11:49:02,2,2006-02-16 02:30:53
3745,2005-07-06 12:10:32,1518,171,2005-07-12 15:20:32,1,2006-02-16 02:30:53
3746,2005-07-06 12:10:51,3387,424,2005-07-07 11:36:51,2,2006-02-16 02:30:53
3747,2005-07-06 12:11:14,1093,437,2005-07-09 17:14:14,2,2006-02-16 02:30:53
3748,2005-07-06 12:11:22,2920,79,2005-07-12 07:22:22,1,2006-02-16 02:30:53
3749,2005-07-06 12:18:03,1531,170,2005-07-11 07:25:03,1,2006-02-16 02:30:53
3750,2005-07-06 12:19:28,2422,103,2005-07-14 13:16:28,2,2006-02-16 02:30:53
3751,2005-07-06 12:23:41,3652,128,2005-07-10 06:58:41,1,2006-02-16 02:30:53
3752,2005-07-06 12:30:12,4561,235,2005-07-13 12:13:12,1,2006-02-16 02:30:53
3753,2005-07-06 12:34:06,774,358,2005-07-07 14:19:06,2,2006-02-16 02:30:53
3754,2005-07-06 12:35:44,4042,83,2005-07-08 16:28:44,1,2006-02-16 02:30:53
3755,2005-07-06 12:37:16,3147,402,2005-07-13 07:22:16,1,2006-02-16 02:30:53
3756,2005-07-06 12:40:38,30,320,2005-07-11 09:29:38,1,2006-02-16 02:30:53
3757,2005-07-06 12:42:26,2816,66,2005-07-11 10:30:26,1,2006-02-16 02:30:53
3758,2005-07-06 12:43:11,2498,48,2005-07-14 12:52:11,2,2006-02-16 02:30:53
3759,2005-07-06 12:46:38,4165,378,2005-07-10 11:31:38,1,2006-02-16 02:30:53
3760,2005-07-06 12:49:28,1306,330,2005-07-09 16:29:28,1,2006-02-16 02:30:53
3761,2005-07-06 12:52:44,4304,464,2005-07-08 17:22:44,1,2006-02-16 02:30:53
3762,2005-07-06 12:52:49,1941,413,2005-07-12 11:41:49,1,2006-02-16 02:30:53
3763,2005-07-06 12:56:31,1573,189,2005-07-09 14:49:31,1,2006-02-16 02:30:53
3764,2005-07-06 13:01:03,3115,470,2005-07-13 15:26:03,1,2006-02-16 02:30:53
3765,2005-07-06 13:01:47,1805,547,2005-07-09 07:10:47,1,2006-02-16 02:30:53
3766,2005-07-06 13:04:35,4504,312,2005-07-07 15:46:35,1,2006-02-16 02:30:53
3767,2005-07-06 13:07:27,923,582,2005-07-08 18:48:27,1,2006-02-16 02:30:53
3768,2005-07-06 13:07:30,3995,573,2005-07-09 16:26:30,2,2006-02-16 02:30:53
3769,2005-07-06 13:11:33,467,567,2005-07-14 17:54:33,2,2006-02-16 02:30:53
3770,2005-07-06 13:14:28,3836,198,2005-07-13 09:23:28,1,2006-02-16 02:30:53
3771,2005-07-06 13:19:34,1373,56,2005-07-10 10:27:34,2,2006-02-16 02:30:53
3772,2005-07-06 13:22:53,434,338,2005-07-10 11:54:53,2,2006-02-16 02:30:53
3773,2005-07-06 13:23:34,2034,263,2005-07-08 17:23:34,2,2006-02-16 02:30:53
3774,2005-07-06 13:25:07,4044,439,2005-07-15 12:56:07,2,2006-02-16 02:30:53
3775,2005-07-06 13:27:33,3696,300,2005-07-09 10:27:33,1,2006-02-16 02:30:53
3776,2005-07-06 13:31:37,4387,278,2005-07-10 10:53:37,2,2006-02-16 02:30:53
3777,2005-07-06 13:36:48,2470,548,2005-07-11 14:26:48,1,2006-02-16 02:30:53
3778,2005-07-06 13:44:48,2181,122,2005-07-13 09:31:48,2,2006-02-16 02:30:53
3779,2005-07-06 13:46:36,634,583,2005-07-10 15:49:36,2,2006-02-16 02:30:53
3780,2005-07-06 13:52:02,1209,99,2005-07-15 08:41:02,2,2006-02-16 02:30:53
3781,2005-07-06 13:53:41,3894,23,2005-07-15 10:03:41,1,2006-02-16 02:30:53
3782,2005-07-06 13:57:03,3365,515,2005-07-09 11:13:03,2,2006-02-16 02:30:53
3783,2005-07-06 13:57:31,2345,386,2005-07-14 10:44:31,2,2006-02-16 02:30:53
3784,2005-07-06 13:57:56,2287,165,2005-07-14 17:24:56,2,2006-02-16 02:30:53
3785,2005-07-06 14:00:13,3279,577,2005-07-14 10:13:13,2,2006-02-16 02:30:53
3786,2005-07-06 14:00:41,4508,152,2005-07-13 16:49:41,1,2006-02-16 02:30:53
3787,2005-07-06 14:02:01,288,474,2005-07-09 19:09:01,2,2006-02-16 02:30:53
3788,2005-07-06 14:02:02,1363,379,2005-07-10 18:24:02,1,2006-02-16 02:30:53
3789,2005-07-06 14:02:26,3560,595,2005-07-14 18:13:26,1,2006-02-16 02:30:53
3790,2005-07-06 14:13:45,1711,10,2005-07-14 13:35:45,1,2006-02-16 02:30:53
3791,2005-07-06 14:24:56,3426,452,2005-07-14 11:06:56,2,2006-02-16 02:30:53
3792,2005-07-06 14:26:38,2651,312,2005-07-11 16:34:38,1,2006-02-16 02:30:53
3793,2005-07-06 14:32:44,4558,553,2005-07-08 13:55:44,1,2006-02-16 02:30:53
3794,2005-07-06 14:35:26,584,499,2005-07-11 14:40:26,2,2006-02-16 02:30:53
3795,2005-07-06 14:37:41,240,153,2005-07-11 20:27:41,2,2006-02-16 02:30:53
3796,2005-07-06 14:45:22,1649,228,2005-07-07 11:01:22,2,2006-02-16 02:30:53
3797,2005-07-06 14:54:52,1047,374,2005-07-10 09:50:52,2,2006-02-16 02:30:53
3798,2005-07-06 14:57:53,1942,479,2005-07-07 10:48:53,2,2006-02-16 02:30:53
3799,2005-07-06 15:00:14,4532,251,2005-07-10 15:39:14,1,2006-02-16 02:30:53
3800,2005-07-06 15:01:27,4004,100,2005-07-15 11:12:27,2,2006-02-16 02:30:53
3801,2005-07-06 15:05:50,4209,68,2005-07-12 12:56:50,1,2006-02-16 02:30:53
3802,2005-07-06 15:06:09,1017,91,2005-07-08 09:33:09,2,2006-02-16 02:30:53
3803,2005-07-06 15:06:55,2062,494,2005-07-08 18:53:55,1,2006-02-16 02:30:53
3804,2005-07-06 15:08:08,537,126,2005-07-15 14:01:08,2,2006-02-16 02:30:53
3805,2005-07-06 15:08:42,1716,418,2005-07-07 14:34:42,1,2006-02-16 02:30:53
3806,2005-07-06 15:09:41,3555,154,2005-07-14 09:14:41,2,2006-02-16 02:30:53
3807,2005-07-06 15:11:44,39,425,2005-07-10 09:20:44,1,2006-02-16 02:30:53
3808,2005-07-06 15:15:35,4339,314,2005-07-07 16:10:35,1,2006-02-16 02:30:53
3809,2005-07-06 15:16:37,2932,358,2005-07-09 14:45:37,1,2006-02-16 02:30:53
3810,2005-07-06 15:18:44,342,296,2005-07-12 09:52:44,2,2006-02-16 02:30:53
3811,2005-07-06 15:20:37,695,208,2005-07-08 16:26:37,2,2006-02-16 02:30:53
3812,2005-07-06 15:22:19,4490,381,2005-07-08 13:04:19,1,2006-02-16 02:30:53
3813,2005-07-06 15:23:34,4100,189,2005-07-08 19:03:34,1,2006-02-16 02:30:53
3814,2005-07-06 15:23:56,3826,306,2005-07-13 20:51:56,2,2006-02-16 02:30:53
3815,2005-07-06 15:26:36,4038,472,2005-07-11 17:07:36,2,2006-02-16 02:30:53
3816,2005-07-06 15:27:04,2941,489,2005-07-14 13:12:04,1,2006-02-16 02:30:53
3817,2005-07-06 15:31:45,2933,267,2005-07-11 17:11:45,1,2006-02-16 02:30:53
3818,2005-07-06 15:33:31,653,97,2005-07-11 16:35:31,1,2006-02-16 02:30:53
3819,2005-07-06 15:35:06,1814,74,2005-07-14 19:08:06,1,2006-02-16 02:30:53
3820,2005-07-06 15:35:26,4192,460,2005-07-11 12:22:26,2,2006-02-16 02:30:53
3821,2005-07-06 15:36:20,4385,354,2005-07-11 20:04:20,1,2006-02-16 02:30:53
3822,2005-07-06 15:41:15,1314,241,2005-07-07 16:41:15,1,2006-02-16 02:30:53
3823,2005-07-06 15:41:27,124,265,2005-07-09 09:48:27,1,2006-02-16 02:30:53
3824,2005-07-06 15:43:15,3107,107,2005-07-13 16:05:15,2,2006-02-16 02:30:53
3825,2005-07-06 15:50:03,630,132,2005-07-09 19:20:03,1,2006-02-16 02:30:53
3826,2005-07-06 15:51:58,73,451,2005-07-13 12:35:58,1,2006-02-16 02:30:53
3827,2005-07-06 15:52:03,2072,41,2005-07-08 21:43:03,2,2006-02-16 02:30:53
3828,2005-07-06 15:57:30,4493,498,2005-07-10 12:17:30,2,2006-02-16 02:30:53
3829,2005-07-06 15:59:40,4126,356,2005-07-11 10:29:40,1,2006-02-16 02:30:53
3830,2005-07-06 16:01:16,553,310,2005-07-15 19:35:16,2,2006-02-16 02:30:53
3831,2005-07-06 16:06:35,1338,206,2005-07-08 15:14:35,2,2006-02-16 02:30:53
3832,2005-07-06 16:12:23,4499,233,2005-07-12 21:29:23,1,2006-02-16 02:30:53
3833,2005-07-06 16:18:28,3232,416,2005-07-14 20:09:28,2,2006-02-16 02:30:53
3834,2005-07-06 16:19:56,3001,366,2005-07-13 11:38:56,2,2006-02-16 02:30:53
3835,2005-07-06 16:22:45,935,486,2005-07-11 17:04:45,2,2006-02-16 02:30:53
3836,2005-07-06 16:26:04,1148,351,2005-07-10 15:08:04,1,2006-02-16 02:30:53
3837,2005-07-06 16:27:43,3166,309,2005-07-07 18:02:43,1,2006-02-16 02:30:53
3838,2005-07-06 16:29:43,3404,565,2005-07-11 20:50:43,1,2006-02-16 02:30:53
3839,2005-07-06 16:30:30,3230,231,2005-07-11 19:00:30,1,2006-02-16 02:30:53
3840,2005-07-06 16:30:59,4384,468,2005-07-15 22:08:59,2,2006-02-16 02:30:53
3841,2005-07-06 16:34:00,4228,470,2005-07-08 15:12:00,2,2006-02-16 02:30:53
3842,2005-07-06 16:34:32,3119,583,2005-07-08 11:55:32,2,2006-02-16 02:30:53
3843,2005-07-06 16:35:40,3844,62,2005-07-07 18:29:40,1,2006-02-16 02:30:53
3844,2005-07-06 16:37:58,2814,179,2005-07-09 19:54:58,2,2006-02-16 02:30:53
3845,2005-07-06 16:38:14,4495,28,2005-07-09 14:59:14,2,2006-02-16 02:30:53
3846,2005-07-06 16:43:10,2829,88,2005-07-14 11:09:10,2,2006-02-16 02:30:53
3847,2005-07-06 16:44:41,782,206,2005-07-07 21:54:41,2,2006-02-16 02:30:53
3848,2005-07-06 16:47:32,2906,188,2005-07-14 15:00:32,1,2006-02-16 02:30:53
3849,2005-07-06 16:49:43,3660,60,2005-07-12 17:20:43,1,2006-02-16 02:30:53
3850,2005-07-06 16:51:21,1700,103,2005-07-12 13:58:21,1,2006-02-16 02:30:53
3851,2005-07-06 16:54:12,493,436,2005-07-11 22:49:12,1,2006-02-16 02:30:53
3852,2005-07-06 16:57:49,3329,511,2005-07-11 17:11:49,1,2006-02-16 02:30:53
3853,2005-07-06 16:59:20,1411,537,2005-07-07 12:30:20,2,2006-02-16 02:30:53
3854,2005-07-06 17:02:33,2054,243,2005-07-12 17:32:33,2,2006-02-16 02:30:53
3855,2005-07-06 17:03:48,2931,46,2005-07-12 14:32:48,1,2006-02-16 02:30:53
3856,2005-07-06 17:04:46,3083,498,2005-07-14 19:23:46,2,2006-02-16 02:30:53
3857,2005-07-06 17:07:54,1135,236,2005-07-07 13:28:54,1,2006-02-16 02:30:53
3858,2005-07-06 17:17:57,829,377,2005-07-10 23:10:57,2,2006-02-16 02:30:53
3859,2005-07-06 17:18:15,2548,553,2005-07-09 16:48:15,1,2006-02-16 02:30:53
3860,2005-07-06 17:20:24,144,514,2005-07-09 22:33:24,1,2006-02-16 02:30:53
3861,2005-07-06 17:24:49,4506,202,2005-07-15 22:19:49,2,2006-02-16 02:30:53
3862,2005-07-06 17:35:22,471,181,2005-07-15 17:13:22,1,2006-02-16 02:30:53
3863,2005-07-06 17:40:18,363,481,2005-07-07 17:58:18,2,2006-02-16 02:30:53
3864,2005-07-06 17:41:42,2811,68,2005-07-08 14:17:42,1,2006-02-16 02:30:53
3865,2005-07-06 17:46:57,3579,357,2005-07-12 12:20:57,1,2006-02-16 02:30:53
3866,2005-07-06 17:47:20,194,409,2005-07-15 18:12:20,1,2006-02-16 02:30:53
3867,2005-07-06 17:52:19,3620,580,2005-07-13 21:48:19,1,2006-02-16 02:30:53
3868,2005-07-06 17:54:13,1606,416,2005-07-10 14:51:13,1,2006-02-16 02:30:53
3869,2005-07-06 17:56:46,2540,183,2005-07-10 20:44:46,1,2006-02-16 02:30:53
3870,2005-07-06 17:57:54,3357,12,2005-07-13 12:30:54,1,2006-02-16 02:30:53
3871,2005-07-06 17:58:51,3114,331,2005-07-15 22:18:51,2,2006-02-16 02:30:53
3872,2005-07-06 18:00:19,1785,513,2005-07-07 17:26:19,1,2006-02-16 02:30:53
3873,2005-07-06 18:03:16,4148,394,2005-07-15 23:58:16,2,2006-02-16 02:30:53
3874,2005-07-06 18:06:12,1870,137,2005-07-12 16:55:12,1,2006-02-16 02:30:53
3875,2005-07-06 18:15:39,712,108,2005-07-11 17:34:39,1,2006-02-16 02:30:53
3876,2005-07-06 18:21:13,4039,295,2005-07-14 16:57:13,2,2006-02-16 02:30:53
3877,2005-07-06 18:22:10,2796,576,2005-07-07 23:38:10,1,2006-02-16 02:30:53
3878,2005-07-06 18:27:09,4022,385,2005-07-15 20:13:09,2,2006-02-16 02:30:53
3879,2005-07-06 18:31:20,1376,81,2005-07-09 19:03:20,2,2006-02-16 02:30:53
3880,2005-07-06 18:32:49,42,507,2005-07-07 20:46:49,2,2006-02-16 02:30:53
3881,2005-07-06 18:35:37,143,456,2005-07-10 00:06:37,2,2006-02-16 02:30:53
3882,2005-07-06 18:38:21,788,254,2005-07-09 14:55:21,1,2006-02-16 02:30:53
3883,2005-07-06 18:39:38,3238,69,2005-07-14 15:59:38,2,2006-02-16 02:30:53
3884,2005-07-06 18:41:33,1806,210,2005-07-07 22:06:33,1,2006-02-16 02:30:53
3885,2005-07-06 18:43:43,1820,282,2005-07-12 19:48:43,2,2006-02-16 02:30:53
3886,2005-07-06 18:44:24,2368,326,2005-07-08 15:11:24,1,2006-02-16 02:30:53
3887,2005-07-06 18:46:34,1695,530,2005-07-07 13:15:34,1,2006-02-16 02:30:53
3888,2005-07-06 18:54:20,1945,412,2005-07-12 17:13:20,2,2006-02-16 02:30:53
3889,2005-07-06 18:56:25,2005,576,2005-07-08 21:22:25,2,2006-02-16 02:30:53
3890,2005-07-06 18:58:15,2570,553,2005-07-10 18:51:15,1,2006-02-16 02:30:53
3891,2005-07-06 18:58:25,3216,553,2005-07-09 23:20:25,2,2006-02-16 02:30:53
3892,2005-07-06 18:58:58,778,549,2005-07-10 19:29:58,1,2006-02-16 02:30:53
3893,2005-07-06 18:59:31,1281,350,2005-07-12 19:21:31,1,2006-02-16 02:30:53
3894,2005-07-06 19:01:39,2087,149,2005-07-12 21:35:39,2,2006-02-16 02:30:53
3895,2005-07-06 19:04:24,145,584,2005-07-15 17:48:24,2,2006-02-16 02:30:53
3896,2005-07-06 19:09:15,1755,309,2005-07-16 00:52:15,2,2006-02-16 02:30:53
3897,2005-07-06 19:11:43,14,277,2005-07-11 21:50:43,2,2006-02-16 02:30:53
3898,2005-07-06 19:12:37,3858,53,2005-07-11 15:50:37,1,2006-02-16 02:30:53
3899,2005-07-06 19:12:40,4020,485,2005-07-13 23:41:40,1,2006-02-16 02:30:53
3900,2005-07-06 19:21:28,1497,129,2005-07-15 21:06:28,2,2006-02-16 02:30:53
3901,2005-07-06 19:24:55,3367,321,2005-07-14 20:30:55,2,2006-02-16 02:30:53
3902,2005-07-06 19:25:18,2868,192,2005-07-10 17:42:18,2,2006-02-16 02:30:53
3903,2005-07-06 19:27:32,3614,369,2005-07-08 23:27:32,1,2006-02-16 02:30:53
3904,2005-07-06 19:30:57,3600,485,2005-07-11 18:47:57,2,2006-02-16 02:30:53
3905,2005-07-06 19:33:34,3817,526,2005-07-15 17:55:34,1,2006-02-16 02:30:53
3906,2005-07-06 19:35:55,1383,293,2005-07-15 22:35:55,1,2006-02-16 02:30:53
3907,2005-07-06 19:39:14,2507,452,2005-07-11 17:45:14,1,2006-02-16 02:30:53
3908,2005-07-06 19:47:26,3980,116,2005-07-13 19:59:26,1,2006-02-16 02:30:53
3909,2005-07-06 19:54:41,3423,396,2005-07-15 18:11:41,2,2006-02-16 02:30:53
3910,2005-07-06 20:05:18,2085,248,2005-07-10 18:51:18,1,2006-02-16 02:30:53
3911,2005-07-06 20:09:11,4548,34,2005-07-08 23:53:11,1,2006-02-16 02:30:53
3912,2005-07-06 20:10:03,2449,154,2005-07-08 18:39:03,2,2006-02-16 02:30:53
3913,2005-07-06 20:11:00,752,494,2005-07-08 14:42:00,1,2006-02-16 02:30:53
3914,2005-07-06 20:11:10,4092,159,2005-07-14 14:42:10,2,2006-02-16 02:30:53
3915,2005-07-06 20:16:46,125,163,2005-07-10 17:24:46,1,2006-02-16 02:30:53
3916,2005-07-06 20:18:50,3198,46,2005-07-12 21:56:50,1,2006-02-16 02:30:53
3917,2005-07-06 20:19:29,2747,471,2005-07-11 00:49:29,1,2006-02-16 02:30:53
3918,2005-07-06 20:26:15,1111,435,2005-07-15 20:32:15,1,2006-02-16 02:30:53
3919,2005-07-06 20:26:21,2695,147,2005-07-15 00:13:21,1,2006-02-16 02:30:53
3920,2005-07-06 20:26:40,1551,321,2005-07-15 15:00:40,2,2006-02-16 02:30:53
3921,2005-07-06 20:29:48,949,531,2005-07-14 01:44:48,1,2006-02-16 02:30:53
3922,2005-07-06 20:32:27,2878,470,2005-07-14 19:00:27,1,2006-02-16 02:30:53
3923,2005-07-06 20:34:10,2039,63,2005-07-13 19:20:10,1,2006-02-16 02:30:53
3924,2005-07-06 20:38:02,187,114,2005-07-11 23:35:02,2,2006-02-16 02:30:53
3925,2005-07-06 20:41:44,2653,428,2005-07-15 21:05:44,2,2006-02-16 02:30:53
3926,2005-07-06 20:42:35,4241,500,2005-07-09 16:30:35,2,2006-02-16 02:30:53
3927,2005-07-06 20:48:14,2194,404,2005-07-10 15:37:14,1,2006-02-16 02:30:53
3928,2005-07-06 20:52:09,1960,411,2005-07-08 18:51:09,1,2006-02-16 02:30:53
3929,2005-07-06 20:52:39,1235,453,2005-07-12 00:27:39,2,2006-02-16 02:30:53
3930,2005-07-06 20:54:07,165,573,2005-07-10 18:31:07,1,2006-02-16 02:30:53
3931,2005-07-06 21:03:46,182,176,2005-07-16 01:32:46,1,2006-02-16 02:30:53
3932,2005-07-06 21:06:17,4396,490,2005-07-07 19:25:17,2,2006-02-16 02:30:53
3933,2005-07-06 21:06:37,1202,229,2005-07-08 20:23:37,1,2006-02-16 02:30:53
3934,2005-07-06 21:07:23,3187,576,2005-07-10 18:20:23,2,2006-02-16 02:30:53
3935,2005-07-06 21:08:29,3402,503,2005-07-15 23:28:29,2,2006-02-16 02:30:53
3936,2005-07-06 21:15:03,4258,129,2005-07-08 17:45:03,2,2006-02-16 02:30:53
3937,2005-07-06 21:15:38,2091,211,2005-07-15 00:01:38,2,2006-02-16 02:30:53
3938,2005-07-06 21:15:45,1991,341,2005-07-13 20:02:45,2,2006-02-16 02:30:53
3939,2005-07-06 21:16:32,3627,149,2005-07-11 03:12:32,2,2006-02-16 02:30:53
3940,2005-07-06 21:16:59,1502,116,2005-07-07 19:17:59,2,2006-02-16 02:30:53
3941,2005-07-06 21:20:37,382,560,2005-07-09 01:35:37,2,2006-02-16 02:30:53
3942,2005-07-06 21:21:34,677,553,2005-07-15 02:34:34,1,2006-02-16 02:30:53
3943,2005-07-06 21:22:17,1816,566,2005-07-07 21:26:17,1,2006-02-16 02:30:53
3944,2005-07-06 21:34:11,4213,436,2005-07-08 23:46:11,2,2006-02-16 02:30:53
3945,2005-07-06 21:35:00,754,86,2005-07-08 00:31:00,2,2006-02-16 02:30:53
3946,2005-07-06 21:39:24,294,13,2005-07-11 16:10:24,1,2006-02-16 02:30:53
3947,2005-07-06 21:42:21,4188,324,2005-07-08 19:37:21,1,2006-02-16 02:30:53
3948,2005-07-06 21:45:53,2254,161,2005-07-08 19:24:53,2,2006-02-16 02:30:53
3949,2005-07-06 21:46:36,1765,153,2005-07-11 03:18:36,1,2006-02-16 02:30:53
3950,2005-07-06 21:48:44,4153,598,2005-07-14 02:25:44,1,2006-02-16 02:30:53
3951,2005-07-06 21:50:41,2288,250,2005-07-12 02:09:41,2,2006-02-16 02:30:53
3952,2005-07-06 21:51:31,1719,417,2005-07-13 15:54:31,1,2006-02-16 02:30:53
3953,2005-07-06 21:54:55,3879,385,2005-07-09 18:52:55,1,2006-02-16 02:30:53
3954,2005-07-06 21:57:44,4250,558,2005-07-08 02:37:44,2,2006-02-16 02:30:53
3955,2005-07-06 21:58:08,2523,247,2005-07-08 03:43:08,1,2006-02-16 02:30:53
3956,2005-07-06 22:01:51,15,147,2005-07-12 21:35:51,2,2006-02-16 02:30:53
3957,2005-07-06 22:05:47,443,414,2005-07-16 01:08:47,1,2006-02-16 02:30:53
3958,2005-07-06 22:07:33,4117,288,2005-07-10 19:31:33,2,2006-02-16 02:30:53
3959,2005-07-06 22:07:58,40,448,2005-07-13 02:30:58,1,2006-02-16 02:30:53
3960,2005-07-06 22:08:53,2090,594,2005-07-07 23:21:53,2,2006-02-16 02:30:53
3961,2005-07-06 22:11:43,4320,364,2005-07-09 03:14:43,1,2006-02-16 02:30:53
3962,2005-07-06 22:13:45,379,307,2005-07-15 00:22:45,2,2006-02-16 02:30:53
3963,2005-07-06 22:19:17,3912,111,2005-07-15 01:22:17,2,2006-02-16 02:30:53
3964,2005-07-06 22:23:02,1853,30,2005-07-07 22:21:02,1,2006-02-16 02:30:53
3965,2005-07-06 22:36:20,2863,243,2005-07-09 17:45:20,1,2006-02-16 02:30:53
3966,2005-07-06 22:38:49,556,495,2005-07-07 23:33:49,1,2006-02-16 02:30:53
3967,2005-07-06 22:45:10,2510,31,2005-07-09 23:54:10,2,2006-02-16 02:30:53
3968,2005-07-06 22:47:09,558,235,2005-07-12 21:01:09,1,2006-02-16 02:30:53
3969,2005-07-06 22:47:59,383,587,2005-07-08 02:11:59,1,2006-02-16 02:30:53
3970,2005-07-06 22:48:17,701,381,2005-07-15 19:07:17,1,2006-02-16 02:30:53
3971,2005-07-06 22:50:40,4415,473,2005-07-08 01:02:40,1,2006-02-16 02:30:53
3972,2005-07-06 22:53:57,1895,598,2005-07-11 01:32:57,1,2006-02-16 02:30:53
3973,2005-07-06 22:58:31,2625,592,2005-07-16 03:27:31,2,2006-02-16 02:30:53
3974,2005-07-06 22:59:16,4282,318,2005-07-11 22:30:16,1,2006-02-16 02:30:53
3975,2005-07-06 23:00:09,4343,545,2005-07-10 01:39:09,2,2006-02-16 02:30:53
3976,2005-07-06 23:00:20,2424,329,2005-07-07 21:51:20,2,2006-02-16 02:30:53
3977,2005-07-06 23:00:49,1284,449,2005-07-15 00:41:49,1,2006-02-16 02:30:53
3978,2005-07-06 23:04:33,4341,343,2005-07-10 17:45:33,2,2006-02-16 02:30:53
3979,2005-07-06 23:04:35,794,550,2005-07-13 01:38:35,2,2006-02-16 02:30:53
3980,2005-07-06 23:11:11,1845,475,2005-07-14 18:22:11,1,2006-02-16 02:30:53
3981,2005-07-06 23:12:12,842,375,2005-07-13 01:47:12,2,2006-02-16 02:30:53
3982,2005-07-06 23:14:16,4327,64,2005-07-08 21:21:16,2,2006-02-16 02:30:53
3983,2005-07-06 23:14:21,1261,6,2005-07-12 17:55:21,2,2006-02-16 02:30:53
3984,2005-07-06 23:22:36,2205,570,2005-07-08 21:40:36,2,2006-02-16 02:30:53
3985,2005-07-06 23:24:03,2096,307,2005-07-10 00:20:03,2,2006-02-16 02:30:53
3986,2005-07-06 23:25:13,3737,122,2005-07-09 21:26:13,2,2006-02-16 02:30:53
3987,2005-07-06 23:28:24,3104,270,2005-07-15 00:52:24,1,2006-02-16 02:30:53
3988,2005-07-06 23:30:42,2981,421,2005-07-13 03:06:42,2,2006-02-16 02:30:53
3989,2005-07-06 23:30:54,2366,213,2005-07-12 01:28:54,1,2006-02-16 02:30:53
3990,2005-07-06 23:32:44,2009,558,2005-07-14 01:35:44,2,2006-02-16 02:30:53
3991,2005-07-06 23:33:41,587,583,2005-07-16 01:31:41,1,2006-02-16 02:30:53
3992,2005-07-06 23:36:56,3219,448,2005-07-15 03:13:56,1,2006-02-16 02:30:53
3993,2005-07-06 23:37:06,1061,525,2005-07-14 19:31:06,1,2006-02-16 02:30:53
3994,2005-07-06 23:39:01,902,487,2005-07-14 00:33:01,1,2006-02-16 02:30:53
3995,2005-07-06 23:43:03,3990,128,2005-07-13 04:13:03,2,2006-02-16 02:30:53
3996,2005-07-06 23:46:43,2857,551,2005-07-14 22:34:43,2,2006-02-16 02:30:53
3997,2005-07-06 23:46:52,3895,52,2005-07-14 05:39:52,2,2006-02-16 02:30:53
3998,2005-07-06 23:49:20,1245,566,2005-07-12 20:39:20,1,2006-02-16 02:30:53
3999,2005-07-06 23:50:54,707,390,2005-07-09 22:09:54,1,2006-02-16 02:30:53
4000,2005-07-06 23:58:37,2122,95,2005-07-08 21:43:37,1,2006-02-16 02:30:53
4001,2005-07-07 00:07:00,864,120,2005-07-13 21:27:00,2,2006-02-16 02:30:53
4002,2005-07-07 00:08:18,2790,308,2005-07-14 01:29:18,2,2006-02-16 02:30:53
4003,2005-07-07 00:09:02,4054,8,2005-07-08 04:27:02,1,2006-02-16 02:30:53
4004,2005-07-07 00:20:51,667,574,2005-07-11 18:55:51,2,2006-02-16 02:30:53
4005,2005-07-07 00:22:26,3677,190,2005-07-15 04:34:26,2,2006-02-16 02:30:53
4006,2005-07-07 00:25:29,397,473,2005-07-08 05:30:29,2,2006-02-16 02:30:53
4007,2005-07-07 00:26:05,2071,285,2005-07-15 19:53:05,1,2006-02-16 02:30:53
4008,2005-07-07 00:26:43,1107,505,2005-07-16 03:58:43,2,2006-02-16 02:30:53
4009,2005-07-07 00:28:55,3607,394,2005-07-10 00:37:55,1,2006-02-16 02:30:53
4010,2005-07-07 00:47:00,4509,476,2005-07-12 06:23:00,2,2006-02-16 02:30:53
4011,2005-07-07 00:48:25,2052,20,2005-07-13 06:30:25,2,2006-02-16 02:30:53
4012,2005-07-07 00:56:09,1400,104,2005-07-10 21:49:09,1,2006-02-16 02:30:53
4013,2005-07-07 00:58:00,2344,475,2005-07-15 19:42:00,2,2006-02-16 02:30:53
4014,2005-07-07 00:58:54,583,510,2005-07-12 02:40:54,1,2006-02-16 02:30:53
4015,2005-07-07 00:59:46,3032,233,2005-07-14 03:16:46,2,2006-02-16 02:30:53
4016,2005-07-07 01:05:50,3318,335,2005-07-09 05:59:50,1,2006-02-16 02:30:53
4017,2005-07-07 01:08:18,3117,595,2005-07-09 01:47:18,2,2006-02-16 02:30:53
4018,2005-07-07 01:10:33,906,207,2005-07-12 20:54:33,2,2006-02-16 02:30:53
4019,2005-07-07 01:27:44,3200,294,2005-07-10 21:30:44,1,2006-02-16 02:30:53
4020,2005-07-07 01:42:22,3760,471,2005-07-10 00:53:22,1,2006-02-16 02:30:53
4021,2005-07-07 01:46:44,1676,315,2005-07-12 00:16:44,2,2006-02-16 02:30:53
4022,2005-07-07 01:50:06,3914,390,2005-07-09 21:47:06,2,2006-02-16 02:30:53
4023,2005-07-07 01:55:25,274,573,2005-07-08 02:43:25,2,2006-02-16 02:30:53
4024,2005-07-07 02:11:23,3976,448,2005-07-11 02:00:23,1,2006-02-16 02:30:53
4025,2005-07-07 02:13:24,3908,114,2005-07-08 00:47:24,1,2006-02-16 02:30:53
4026,2005-07-07 02:15:48,4142,251,2005-07-14 04:15:48,2,2006-02-16 02:30:53
4027,2005-07-07 02:19:01,56,116,2005-07-10 01:12:01,1,2006-02-16 02:30:53
4028,2005-07-07 02:19:14,1651,344,2005-07-15 08:09:14,2,2006-02-16 02:30:53
4029,2005-07-07 02:19:44,4075,518,2005-07-15 02:30:44,2,2006-02-16 02:30:53
4030,2005-07-07 02:25:42,1734,300,2005-07-08 22:53:42,2,2006-02-16 02:30:53
4031,2005-07-07 02:32:07,3094,143,2005-07-14 06:01:07,2,2006-02-16 02:30:53
4032,2005-07-07 02:34:13,2628,335,2005-07-14 22:43:13,1,2006-02-16 02:30:53
4033,2005-07-07 02:35:46,203,453,2005-07-16 01:12:46,1,2006-02-16 02:30:53
4034,2005-07-07 02:36:33,1666,354,2005-07-09 08:32:33,2,2006-02-16 02:30:53
4035,2005-07-07 02:45:02,3611,539,2005-07-14 01:41:02,1,2006-02-16 02:30:53
4036,2005-07-07 02:48:00,500,397,2005-07-07 22:46:00,1,2006-02-16 02:30:53
4037,2005-07-07 02:52:52,3903,594,2005-07-16 00:09:52,1,2006-02-16 02:30:53
4038,2005-07-07 02:52:53,1264,27,2005-07-11 22:32:53,2,2006-02-16 02:30:53
4039,2005-07-07 02:57:59,4050,290,2005-07-12 03:44:59,2,2006-02-16 02:30:53
4040,2005-07-07 03:02:40,3046,103,2005-07-16 06:05:40,2,2006-02-16 02:30:53
4041,2005-07-07 03:03:33,2217,445,2005-07-09 07:57:33,2,2006-02-16 02:30:53
4042,2005-07-07 03:06:40,50,10,2005-07-10 02:37:40,1,2006-02-16 02:30:53
4043,2005-07-07 03:09:50,3427,204,2005-07-10 07:49:50,2,2006-02-16 02:30:53
4044,2005-07-07 03:22:23,3263,94,2005-07-13 03:23:23,1,2006-02-16 02:30:53
4045,2005-07-07 03:26:14,1422,529,2005-07-11 06:52:14,1,2006-02-16 02:30:53
4046,2005-07-07 03:27:59,3518,491,2005-07-14 01:14:59,1,2006-02-16 02:30:53
4047,2005-07-07 03:28:49,3475,364,2005-07-09 02:42:49,2,2006-02-16 02:30:53
4048,2005-07-07 03:30:52,659,474,2005-07-14 05:05:52,2,2006-02-16 02:30:53
4049,2005-07-07 03:34:53,4172,79,2005-07-15 04:10:53,2,2006-02-16 02:30:53
4050,2005-07-07 03:35:33,104,528,2005-07-15 03:11:33,1,2006-02-16 02:30:53
4051,2005-07-07 03:37:28,2715,331,2005-07-09 01:40:28,1,2006-02-16 02:30:53
4052,2005-07-07 03:38:22,206,442,2005-07-13 02:56:22,2,2006-02-16 02:30:53
4053,2005-07-07 03:39:22,2889,377,2005-07-09 22:32:22,1,2006-02-16 02:30:53
4054,2005-07-07 03:42:07,3885,260,2005-07-10 03:22:07,1,2006-02-16 02:30:53
4055,2005-07-07 03:49:13,2561,513,2005-07-11 03:15:13,2,2006-02-16 02:30:53
4056,2005-07-07 03:57:36,4211,360,2005-07-09 08:53:36,2,2006-02-16 02:30:53
4057,2005-07-07 04:00:20,2838,141,2005-07-12 08:14:20,1,2006-02-16 02:30:53
4058,2005-07-07 04:02:50,3877,442,2005-07-10 04:30:50,2,2006-02-16 02:30:53
4059,2005-07-07 04:04:26,292,401,2005-07-10 22:35:26,1,2006-02-16 02:30:53
4060,2005-07-07 04:10:13,2697,211,2005-07-13 07:44:13,1,2006-02-16 02:30:53
4061,2005-07-07 04:13:35,62,70,2005-07-10 23:58:35,2,2006-02-16 02:30:53
4062,2005-07-07 04:22:27,1323,410,2005-07-09 03:27:27,1,2006-02-16 02:30:53
4063,2005-07-07 04:23:57,1452,331,2005-07-14 23:35:57,2,2006-02-16 02:30:53
4064,2005-07-07 04:29:20,1402,47,2005-07-14 05:48:20,2,2006-02-16 02:30:53
4065,2005-07-07 04:32:28,1339,26,2005-07-12 08:30:28,1,2006-02-16 02:30:53
4066,2005-07-07 04:34:09,1975,368,2005-07-10 23:54:09,1,2006-02-16 02:30:53
4067,2005-07-07 04:34:23,2945,469,2005-07-16 04:04:23,1,2006-02-16 02:30:53
4068,2005-07-07 04:34:38,4152,206,2005-07-11 09:16:38,2,2006-02-16 02:30:53
4069,2005-07-07 04:35:06,3361,570,2005-07-10 23:59:06,2,2006-02-16 02:30:53
4070,2005-07-07 04:37:09,2926,496,2005-07-08 04:19:09,2,2006-02-16 02:30:53
4071,2005-07-07 04:37:26,2883,209,2005-07-13 06:45:26,2,2006-02-16 02:30:53
4072,2005-07-07 04:48:02,3130,310,2005-07-12 10:32:02,2,2006-02-16 02:30:53
4073,2005-07-07 04:49:13,647,290,2005-07-10 03:20:13,2,2006-02-16 02:30:53
4074,2005-07-07 04:49:49,2347,412,2005-07-12 04:51:49,2,2006-02-16 02:30:53
4075,2005-07-07 04:51:44,1989,593,2005-07-09 03:07:44,2,2006-02-16 02:30:53
4076,2005-07-07 04:52:15,3148,329,2005-07-13 23:22:15,1,2006-02-16 02:30:53
4077,2005-07-07 04:53:40,2445,377,2005-07-09 09:56:40,2,2006-02-16 02:30:53
4078,2005-07-07 05:05:05,1671,522,2005-07-10 05:39:05,1,2006-02-16 02:30:53
4079,2005-07-07 05:06:27,2202,84,2005-07-16 08:46:27,1,2006-02-16 02:30:53
4080,2005-07-07 05:09:54,1364,148,2005-07-11 23:58:54,1,2006-02-16 02:30:53
4081,2005-07-07 05:10:08,1138,284,2005-07-12 00:47:08,1,2006-02-16 02:30:53
4082,2005-07-07 05:11:53,2904,108,2005-07-12 00:55:53,1,2006-02-16 02:30:53
4083,2005-07-07 05:13:15,3454,490,2005-07-08 09:11:15,1,2006-02-16 02:30:53
4084,2005-07-07 05:16:00,2588,441,2005-07-15 09:23:00,1,2006-02-16 02:30:53
4085,2005-07-07 05:25:39,1683,573,2005-07-12 04:30:39,1,2006-02-16 02:30:53
4086,2005-07-07 05:26:06,253,494,2005-07-12 00:45:06,2,2006-02-16 02:30:53
4087,2005-07-07 05:30:56,3066,433,2005-07-16 10:20:56,1,2006-02-16 02:30:53
4088,2005-07-07 05:31:55,234,66,2005-07-15 07:35:55,1,2006-02-16 02:30:53
4089,2005-07-07 05:45:59,3431,102,2005-07-16 07:34:59,2,2006-02-16 02:30:53
4090,2005-07-07 05:47:33,3096,67,2005-07-08 04:25:33,2,2006-02-16 02:30:53
4091,2005-07-07 05:53:38,3928,337,2005-07-14 03:12:38,2,2006-02-16 02:30:53
4092,2005-07-07 05:54:18,1721,246,2005-07-16 09:14:18,1,2006-02-16 02:30:53
4093,2005-07-07 05:54:50,1534,337,2005-07-12 00:34:50,1,2006-02-16 02:30:53
4094,2005-07-07 06:00:21,2412,517,2005-07-10 03:24:21,2,2006-02-16 02:30:53
4095,2005-07-07 06:01:48,2900,33,2005-07-15 02:52:48,2,2006-02-16 02:30:53
4096,2005-07-07 06:09:11,3911,403,2005-07-08 09:17:11,2,2006-02-16 02:30:53
4097,2005-07-07 06:10:55,2454,56,2005-07-11 02:45:55,1,2006-02-16 02:30:53
4098,2005-07-07 06:14:51,2865,35,2005-07-14 06:51:51,2,2006-02-16 02:30:53
4099,2005-07-07 06:20:33,1930,76,2005-07-16 08:39:33,1,2006-02-16 02:30:53
4100,2005-07-07 06:20:52,2346,332,2005-07-15 05:58:52,2,2006-02-16 02:30:53
4101,2005-07-07 06:25:11,2891,588,2005-07-12 07:44:11,2,2006-02-16 02:30:53
4102,2005-07-07 06:25:19,3998,135,2005-07-11 00:50:19,2,2006-02-16 02:30:53
4103,2005-07-07 06:25:28,3632,91,2005-07-12 11:18:28,1,2006-02-16 02:30:53
4104,2005-07-07 06:25:41,1066,338,2005-07-13 04:18:41,2,2006-02-16 02:30:53
4105,2005-07-07 06:31:00,439,423,2005-07-09 03:52:00,1,2006-02-16 02:30:53
4106,2005-07-07 06:33:35,4083,563,2005-07-13 04:03:35,1,2006-02-16 02:30:53
4107,2005-07-07 06:36:32,4232,206,2005-07-14 03:36:32,1,2006-02-16 02:30:53
4108,2005-07-07 06:38:31,4535,66,2005-07-08 10:44:31,1,2006-02-16 02:30:53
4109,2005-07-07 06:39:43,532,517,2005-07-10 06:30:43,1,2006-02-16 02:30:53
4110,2005-07-07 06:44:27,226,486,2005-07-12 05:43:27,2,2006-02-16 02:30:53
4111,2005-07-07 06:47:56,1009,515,2005-07-13 02:13:56,1,2006-02-16 02:30:53
4112,2005-07-07 06:49:09,3284,533,2005-07-16 06:53:09,2,2006-02-16 02:30:53
4113,2005-07-07 06:49:52,915,170,2005-07-12 04:00:52,1,2006-02-16 02:30:53
4114,2005-07-07 06:51:12,4109,426,2005-07-15 01:36:12,1,2006-02-16 02:30:53
4115,2005-07-07 06:52:23,102,371,2005-07-14 06:12:23,2,2006-02-16 02:30:53
4116,2005-07-07 06:56:13,666,352,2005-07-11 11:13:13,2,2006-02-16 02:30:53
4117,2005-07-07 06:58:14,780,158,2005-07-16 05:28:14,1,2006-02-16 02:30:53
4118,2005-07-07 07:03:30,355,224,2005-07-08 09:20:30,1,2006-02-16 02:30:53
4119,2005-07-07 07:06:03,2078,319,2005-07-13 01:56:03,2,2006-02-16 02:30:53
4120,2005-07-07 07:07:03,987,559,2005-07-16 04:07:03,1,2006-02-16 02:30:53
4121,2005-07-07 07:13:50,2429,176,2005-07-13 04:32:50,2,2006-02-16 02:30:53
4122,2005-07-07 07:15:35,273,31,2005-07-14 12:10:35,1,2006-02-16 02:30:53
4123,2005-07-07 07:16:19,2707,469,2005-07-10 05:23:19,1,2006-02-16 02:30:53
4124,2005-07-07 07:19:54,2856,330,2005-07-11 05:54:54,1,2006-02-16 02:30:53
4125,2005-07-07 07:20:29,4131,269,2005-07-15 06:41:29,2,2006-02-16 02:30:53
4126,2005-07-07 07:24:11,3018,163,2005-07-15 07:31:11,1,2006-02-16 02:30:53
4127,2005-07-07 07:26:19,1774,15,2005-07-14 07:50:19,2,2006-02-16 02:30:53
4128,2005-07-07 07:35:25,3563,492,2005-07-14 08:13:25,1,2006-02-16 02:30:53
4129,2005-07-07 07:37:03,1413,592,2005-07-14 13:31:03,1,2006-02-16 02:30:53
4130,2005-07-07 07:51:53,4170,256,2005-07-11 12:41:53,2,2006-02-16 02:30:53
4131,2005-07-07 07:53:18,2621,58,2005-07-08 04:48:18,1,2006-02-16 02:30:53
4132,2005-07-07 08:06:07,993,154,2005-07-10 14:04:07,1,2006-02-16 02:30:53
4133,2005-07-07 08:12:26,3672,488,2005-07-16 03:43:26,1,2006-02-16 02:30:53
4134,2005-07-07 08:14:24,2917,183,2005-07-09 10:42:24,1,2006-02-16 02:30:53
4135,2005-07-07 08:15:03,3384,36,2005-07-11 10:56:03,1,2006-02-16 02:30:53
4136,2005-07-07 08:15:52,3461,203,2005-07-10 04:22:52,2,2006-02-16 02:30:53
4137,2005-07-07 08:17:06,2065,485,2005-07-11 10:52:06,2,2006-02-16 02:30:53
4138,2005-07-07 08:17:13,1588,317,2005-07-14 05:18:13,2,2006-02-16 02:30:53
4139,2005-07-07 08:17:35,2094,509,2005-07-14 14:01:35,2,2006-02-16 02:30:53
4140,2005-07-07 08:19:10,1897,190,2005-07-14 07:27:10,2,2006-02-16 02:30:53
4141,2005-07-07 08:19:20,1904,456,2005-07-11 06:54:20,1,2006-02-16 02:30:53
4142,2005-07-07 08:19:45,4045,492,2005-07-08 13:55:45,1,2006-02-16 02:30:53
4143,2005-07-07 08:22:07,597,238,2005-07-13 11:42:07,1,2006-02-16 02:30:53
4144,2005-07-07 08:25:44,550,431,2005-07-16 13:10:44,2,2006-02-16 02:30:53
4145,2005-07-07 08:26:39,3050,592,2005-07-16 12:54:39,2,2006-02-16 02:30:53
4146,2005-07-07 08:30:16,176,411,2005-07-12 07:52:16,1,2006-02-16 02:30:53
4147,2005-07-07 08:32:12,2776,274,2005-07-12 10:10:12,2,2006-02-16 02:30:53
4148,2005-07-07 08:36:58,260,59,2005-07-09 05:51:58,1,2006-02-16 02:30:53
4149,2005-07-07 08:40:17,3028,50,2005-07-10 02:58:17,2,2006-02-16 02:30:53
4150,2005-07-07 08:43:22,4424,188,2005-07-08 05:21:22,2,2006-02-16 02:30:53
4151,2005-07-07 08:49:02,4564,428,2005-07-11 05:19:02,1,2006-02-16 02:30:53
4152,2005-07-07 08:50:33,1761,89,2005-07-14 10:56:33,2,2006-02-16 02:30:53
4153,2005-07-07 08:53:08,2185,299,2005-07-11 05:09:08,2,2006-02-16 02:30:53
4154,2005-07-07 08:58:23,191,594,2005-07-14 03:16:23,2,2006-02-16 02:30:53
4155,2005-07-07 09:00:49,212,548,2005-07-13 10:59:49,2,2006-02-16 02:30:53
4156,2005-07-07 09:03:51,1259,585,2005-07-12 09:46:51,2,2006-02-16 02:30:53
4157,2005-07-07 09:04:26,304,183,2005-07-08 09:55:26,1,2006-02-16 02:30:53
4158,2005-07-07 09:05:42,291,433,2005-07-09 04:28:42,1,2006-02-16 02:30:53
4159,2005-07-07 09:10:57,3625,62,2005-07-09 10:19:57,2,2006-02-16 02:30:53
4160,2005-07-07 09:13:17,1909,326,2005-07-15 11:50:17,2,2006-02-16 02:30:53
4161,2005-07-07 09:15:11,4021,216,2005-07-15 06:59:11,1,2006-02-16 02:30:53
4162,2005-07-07 09:17:26,745,571,2005-07-15 10:15:26,2,2006-02-16 02:30:53
4163,2005-07-07 09:19:28,3176,376,2005-07-10 06:47:28,2,2006-02-16 02:30:53
4164,2005-07-07 09:20:11,3133,295,2005-07-14 09:35:11,1,2006-02-16 02:30:53
4165,2005-07-07 09:23:27,3845,66,2005-07-15 06:00:27,1,2006-02-16 02:30:53
4166,2005-07-07 09:33:30,3267,376,2005-07-16 06:06:30,1,2006-02-16 02:30:53
4167,2005-07-07 09:37:08,3771,175,2005-07-16 06:16:08,2,2006-02-16 02:30:53
4168,2005-07-07 09:37:24,1872,132,2005-07-09 14:32:24,2,2006-02-16 02:30:53
4169,2005-07-07 09:39:18,3360,580,2005-07-11 13:43:18,1,2006-02-16 02:30:53
4170,2005-07-07 09:44:36,2665,99,2005-07-13 14:10:36,1,2006-02-16 02:30:53
4171,2005-07-07 09:49:04,4199,476,2005-07-14 03:58:04,2,2006-02-16 02:30:53
4172,2005-07-07 09:49:09,1158,309,2005-07-11 15:14:09,2,2006-02-16 02:30:53
4173,2005-07-07 09:57:26,4272,320,2005-07-10 04:05:26,1,2006-02-16 02:30:53
4174,2005-07-07 09:59:49,3814,182,2005-07-11 13:34:49,1,2006-02-16 02:30:53
4175,2005-07-07 10:02:03,1979,8,2005-07-10 06:09:03,2,2006-02-16 02:30:53
4176,2005-07-07 10:03:34,2745,420,2005-07-16 08:43:34,1,2006-02-16 02:30:53
4177,2005-07-07 10:12:36,4106,317,2005-07-15 15:48:36,2,2006-02-16 02:30:53
4178,2005-07-07 10:14:31,2898,513,2005-07-12 09:38:31,2,2006-02-16 02:30:53
4179,2005-07-07 10:17:15,559,75,2005-07-10 05:12:15,2,2006-02-16 02:30:53
4180,2005-07-07 10:23:25,1704,3,2005-07-10 13:18:25,1,2006-02-16 02:30:53
4181,2005-07-07 10:27:54,3725,598,2005-07-13 06:09:54,1,2006-02-16 02:30:53
4182,2005-07-07 10:28:00,3080,256,2005-07-08 12:50:00,1,2006-02-16 02:30:53
4183,2005-07-07 10:28:33,3342,479,2005-07-15 12:29:33,1,2006-02-16 02:30:53
4184,2005-07-07 10:30:08,1022,468,2005-07-14 12:56:08,1,2006-02-16 02:30:53
4185,2005-07-07 10:31:05,2425,395,2005-07-13 05:30:05,2,2006-02-16 02:30:53
4186,2005-07-07 10:32:25,3910,185,2005-07-15 06:22:25,1,2006-02-16 02:30:53
4187,2005-07-07 10:41:31,2,161,2005-07-11 06:25:31,1,2006-02-16 02:30:53
4188,2005-07-07 10:45:29,3243,391,2005-07-16 09:39:29,1,2006-02-16 02:30:53
4189,2005-07-07 10:51:07,1492,386,2005-07-14 14:46:07,2,2006-02-16 02:30:53
4190,2005-07-07 10:52:39,826,349,2005-07-11 13:19:39,1,2006-02-16 02:30:53
4191,2005-07-07 10:56:14,2475,390,2005-07-11 09:56:14,1,2006-02-16 02:30:53
4192,2005-07-07 10:57:06,624,558,2005-07-13 16:30:06,1,2006-02-16 02:30:53
4193,2005-07-07 10:57:21,3791,445,2005-07-09 07:33:21,2,2006-02-16 02:30:53
4194,2005-07-07 10:59:39,1753,153,2005-07-15 09:34:39,1,2006-02-16 02:30:53
4195,2005-07-07 11:00:02,450,455,2005-07-14 16:54:02,1,2006-02-16 02:30:53
4196,2005-07-07 11:06:33,3407,564,2005-07-14 13:46:33,1,2006-02-16 02:30:53
4197,2005-07-07 11:07:52,2515,324,2005-07-10 10:19:52,1,2006-02-16 02:30:53
4198,2005-07-07 11:08:11,333,247,2005-07-16 15:29:11,1,2006-02-16 02:30:53
4199,2005-07-07 11:13:07,2120,259,2005-07-11 07:17:07,1,2006-02-16 02:30:53
4200,2005-07-07 11:15:11,1097,292,2005-07-11 11:46:11,2,2006-02-16 02:30:53
4201,2005-07-07 11:19:51,3682,145,2005-07-16 08:48:51,1,2006-02-16 02:30:53
4202,2005-07-07 11:23:48,2274,38,2005-07-16 16:32:48,1,2006-02-16 02:30:53
4203,2005-07-07 11:24:14,2743,189,2005-07-11 16:26:14,1,2006-02-16 02:30:53
4204,2005-07-07 11:24:18,1513,569,2005-07-15 12:42:18,1,2006-02-16 02:30:53
4205,2005-07-07 11:25:39,3922,486,2005-07-11 06:12:39,1,2006-02-16 02:30:53
4206,2005-07-07 11:32:16,1557,448,2005-07-14 13:07:16,2,2006-02-16 02:30:53
4207,2005-07-07 11:32:45,1119,588,2005-07-14 05:49:45,2,2006-02-16 02:30:53
4208,2005-07-07 11:34:22,3617,441,2005-07-09 08:25:22,1,2006-02-16 02:30:53
4209,2005-07-07 11:35:08,2010,100,2005-07-10 10:58:08,1,2006-02-16 02:30:53
4210,2005-07-07 11:36:20,1972,581,2005-07-16 12:38:20,1,2006-02-16 02:30:53
4211,2005-07-07 11:50:41,2001,214,2005-07-09 13:58:41,2,2006-02-16 02:30:53
4212,2005-07-07 11:53:14,1825,574,2005-07-09 07:12:14,1,2006-02-16 02:30:53
4213,2005-07-07 11:53:49,705,103,2005-07-13 07:51:49,1,2006-02-16 02:30:53
4214,2005-07-07 11:54:33,2534,484,2005-07-08 10:49:33,2,2006-02-16 02:30:53
4215,2005-07-07 12:00:52,1239,22,2005-07-11 15:14:52,2,2006-02-16 02:30:53
4216,2005-07-07 12:01:34,1216,467,2005-07-08 09:59:34,1,2006-02-16 02:30:53
4217,2005-07-07 12:08:59,3186,228,2005-07-11 15:07:59,2,2006-02-16 02:30:53
4218,2005-07-07 12:10:24,152,497,2005-07-15 16:09:24,1,2006-02-16 02:30:53
4219,2005-07-07 12:11:22,2800,16,2005-07-11 11:05:22,1,2006-02-16 02:30:53
4220,2005-07-07 12:12:36,821,513,2005-07-10 13:37:36,1,2006-02-16 02:30:53
4221,2005-07-07 12:18:57,4567,143,2005-07-12 09:47:57,2,2006-02-16 02:30:53
4222,2005-07-07 12:20:21,2053,467,2005-07-11 11:09:21,2,2006-02-16 02:30:53
4223,2005-07-07 12:23:54,2407,405,2005-07-10 14:46:54,2,2006-02-16 02:30:53
4224,2005-07-07 12:24:21,3659,419,2005-07-10 11:48:21,1,2006-02-16 02:30:53
4225,2005-07-07 12:24:37,1766,377,2005-07-12 06:47:37,2,2006-02-16 02:30:53
4226,2005-07-07 12:37:56,1692,57,2005-07-09 08:48:56,2,2006-02-16 02:30:53
4227,2005-07-07 12:41:36,4186,78,2005-07-15 12:33:36,1,2006-02-16 02:30:53
4228,2005-07-07 12:42:02,1020,38,2005-07-12 10:52:02,1,2006-02-16 02:30:53
4229,2005-07-07 12:43:23,953,106,2005-07-13 15:00:23,2,2006-02-16 02:30:53
4230,2005-07-07 12:46:47,353,205,2005-07-15 06:52:47,1,2006-02-16 02:30:53
4231,2005-07-07 12:48:19,3522,194,2005-07-13 18:45:19,1,2006-02-16 02:30:53
4232,2005-07-07 12:49:12,3841,347,2005-07-15 16:45:12,1,2006-02-16 02:30:53
4233,2005-07-07 13:00:20,1849,488,2005-07-13 16:37:20,1,2006-02-16 02:30:53
4234,2005-07-07 13:01:35,1179,195,2005-07-15 13:05:35,1,2006-02-16 02:30:53
4235,2005-07-07 13:05:52,3525,86,2005-07-10 12:17:52,2,2006-02-16 02:30:53
4236,2005-07-07 13:12:07,642,213,2005-07-08 15:00:07,2,2006-02-16 02:30:53
4237,2005-07-07 13:16:55,3773,477,2005-07-15 16:33:55,1,2006-02-16 02:30:53
4238,2005-07-07 13:22:20,3024,7,2005-07-10 07:44:20,2,2006-02-16 02:30:53
4239,2005-07-07 13:23:17,3866,122,2005-07-13 17:49:17,1,2006-02-16 02:30:53
4240,2005-07-07 13:33:12,1024,65,2005-07-13 12:28:12,1,2006-02-16 02:30:53
4241,2005-07-07 13:39:00,4154,595,2005-07-12 17:49:00,2,2006-02-16 02:30:53
4242,2005-07-07 13:39:01,3626,286,2005-07-12 18:29:01,1,2006-02-16 02:30:53
4243,2005-07-07 13:39:58,4559,339,2005-07-12 19:27:58,1,2006-02-16 02:30:53
4244,2005-07-07 13:41:58,592,581,2005-07-09 15:32:58,2,2006-02-16 02:30:53
4245,2005-07-07 13:48:33,3743,91,2005-07-10 09:54:33,1,2006-02-16 02:30:53
4246,2005-07-07 13:49:03,1141,411,2005-07-09 13:01:03,1,2006-02-16 02:30:53
4247,2005-07-07 13:51:54,808,539,2005-07-10 09:43:54,2,2006-02-16 02:30:53
4248,2005-07-07 13:59:20,773,161,2005-07-14 15:18:20,2,2006-02-16 02:30:53
4249,2005-07-07 14:05:17,4185,111,2005-07-10 09:21:17,2,2006-02-16 02:30:53
4250,2005-07-07 14:08:11,2556,423,2005-07-13 08:09:11,2,2006-02-16 02:30:53
4251,2005-07-07 14:11:55,3541,367,2005-07-16 14:01:55,2,2006-02-16 02:30:53
4252,2005-07-07 14:13:05,474,154,2005-07-09 14:17:05,1,2006-02-16 02:30:53
4253,2005-07-07 14:13:13,3355,157,2005-07-16 18:55:13,2,2006-02-16 02:30:53
4254,2005-07-07 14:13:52,3957,529,2005-07-12 10:39:52,2,2006-02-16 02:30:53
4255,2005-07-07 14:14:13,749,10,2005-07-12 18:32:13,1,2006-02-16 02:30:53
4256,2005-07-07 14:14:36,1386,129,2005-07-10 09:41:36,1,2006-02-16 02:30:53
4257,2005-07-07 14:18:41,3927,553,2005-07-08 14:58:41,1,2006-02-16 02:30:53
4258,2005-07-07 14:20:59,1562,492,2005-07-16 10:03:59,1,2006-02-16 02:30:53
4259,2005-07-07 14:22:18,4378,467,2005-07-11 19:38:18,1,2006-02-16 02:30:53
4260,2005-07-07 14:22:45,4575,305,2005-07-08 15:10:45,2,2006-02-16 02:30:53
4261,2005-07-07 14:23:56,1405,496,2005-07-13 15:26:56,1,2006-02-16 02:30:53
4262,2005-07-07 14:24:30,3122,29,2005-07-14 13:12:30,1,2006-02-16 02:30:53
4263,2005-07-07 14:24:44,2975,16,2005-07-13 18:22:44,1,2006-02-16 02:30:53
4264,2005-07-07 14:25:28,3499,406,2005-07-08 08:49:28,2,2006-02-16 02:30:53
4265,2005-07-07 14:27:51,1685,69,2005-07-12 19:55:51,2,2006-02-16 02:30:53
4266,2005-07-07 14:34:50,1578,509,2005-07-08 09:23:50,2,2006-02-16 02:30:53
4267,2005-07-07 14:35:30,136,410,2005-07-11 10:41:30,1,2006-02-16 02:30:53
4268,2005-07-07 14:36:05,432,80,2005-07-16 14:36:05,1,2006-02-16 02:30:53
4269,2005-07-07 14:38:33,415,496,2005-07-09 10:27:33,1,2006-02-16 02:30:53
4270,2005-07-07 14:38:41,183,210,2005-07-10 19:07:41,2,2006-02-16 02:30:53
4271,2005-07-07 14:38:52,533,150,2005-07-15 12:05:52,1,2006-02-16 02:30:53
4272,2005-07-07 14:39:20,488,120,2005-07-13 08:57:20,2,2006-02-16 02:30:53
4273,2005-07-07 14:40:22,4163,159,2005-07-13 09:58:22,2,2006-02-16 02:30:53
4274,2005-07-07 14:42:04,787,26,2005-07-13 20:23:04,1,2006-02-16 02:30:53
4275,2005-07-07 14:43:51,1167,393,2005-07-15 18:04:51,2,2006-02-16 02:30:53
4276,2005-07-07 14:50:59,221,366,2005-07-09 15:42:59,2,2006-02-16 02:30:53
4277,2005-07-07 14:52:12,1983,106,2005-07-09 13:10:12,1,2006-02-16 02:30:53
4278,2005-07-07 14:53:24,3693,6,2005-07-13 14:21:24,2,2006-02-16 02:30:53
4279,2005-07-07 15:01:53,581,335,2005-07-08 09:43:53,1,2006-02-16 02:30:53
4280,2005-07-07 15:09:31,1115,593,2005-07-13 14:47:31,1,2006-02-16 02:30:53
4281,2005-07-07 15:17:50,1182,321,2005-07-08 11:42:50,2,2006-02-16 02:30:53
4282,2005-07-07 15:26:31,3134,25,2005-07-11 14:27:31,1,2006-02-16 02:30:53
4283,2005-07-07 15:29:35,2807,477,2005-07-11 17:12:35,1,2006-02-16 02:30:53
4284,2005-07-07 15:31:57,1313,521,2005-07-09 10:20:57,2,2006-02-16 02:30:53
4285,2005-07-07 15:34:35,511,308,2005-07-15 09:43:35,2,2006-02-16 02:30:53
4286,2005-07-07 15:36:44,4496,111,2005-07-11 13:04:44,2,2006-02-16 02:30:53
4287,2005-07-07 15:37:31,3558,94,2005-07-16 19:59:31,2,2006-02-16 02:30:53
4288,2005-07-07 15:38:25,1508,64,2005-07-13 16:23:25,2,2006-02-16 02:30:53
4289,2005-07-07 15:45:58,3172,231,2005-07-09 11:11:58,2,2006-02-16 02:30:53
4290,2005-07-07 15:47:10,4174,277,2005-07-15 15:03:10,1,2006-02-16 02:30:53
4291,2005-07-07 15:47:47,2074,298,2005-07-10 11:45:47,1,2006-02-16 02:30:53
4292,2005-07-07 15:48:38,3084,401,2005-07-15 17:53:38,1,2006-02-16 02:30:53
4293,2005-07-07 15:53:47,984,221,2005-07-10 18:11:47,1,2006-02-16 02:30:53
4294,2005-07-07 15:56:23,2845,41,2005-07-15 14:50:23,2,2006-02-16 02:30:53
4295,2005-07-07 16:08:51,2490,319,2005-07-13 13:06:51,2,2006-02-16 02:30:53
4296,2005-07-07 16:16:03,977,407,2005-07-08 20:16:03,2,2006-02-16 02:30:53
4297,2005-07-07 16:24:09,882,141,2005-07-13 15:08:09,2,2006-02-16 02:30:53
4298,2005-07-07 16:27:25,1055,560,2005-07-12 18:20:25,1,2006-02-16 02:30:53
4299,2005-07-07 16:33:48,870,80,2005-07-16 11:48:48,1,2006-02-16 02:30:53
4300,2005-07-07 16:36:16,1189,38,2005-07-10 13:59:16,2,2006-02-16 02:30:53
4301,2005-07-07 16:37:23,1630,440,2005-07-11 18:05:23,2,2006-02-16 02:30:53
4302,2005-07-07 16:47:53,3669,332,2005-07-16 22:22:53,2,2006-02-16 02:30:53
4303,2005-07-07 16:57:32,818,108,2005-07-14 17:42:32,2,2006-02-16 02:30:53
4304,2005-07-07 17:01:19,3382,165,2005-07-12 22:47:19,2,2006-02-16 02:30:53
4305,2005-07-07 17:07:11,3926,240,2005-07-08 16:15:11,2,2006-02-16 02:30:53
4306,2005-07-07 17:12:32,1219,210,2005-07-16 11:24:32,2,2006-02-16 02:30:53
4307,2005-07-07 17:20:39,2827,394,2005-07-16 14:42:39,1,2006-02-16 02:30:53
4308,2005-07-07 17:29:16,1482,168,2005-07-11 21:47:16,1,2006-02-16 02:30:53
4309,2005-07-07 17:29:41,3549,209,2005-07-14 22:22:41,2,2006-02-16 02:30:53
4310,2005-07-07 17:30:56,3842,390,2005-07-12 13:19:56,2,2006-02-16 02:30:53
4311,2005-07-07 17:31:14,2985,498,2005-07-11 19:21:14,2,2006-02-16 02:30:53
4312,2005-07-07 17:34:59,3870,97,2005-07-09 17:45:59,2,2006-02-16 02:30:53
4313,2005-07-07 17:36:56,91,29,2005-07-13 12:00:56,1,2006-02-16 02:30:53
4314,2005-07-07 17:38:31,539,184,2005-07-09 20:24:31,1,2006-02-16 02:30:53
4315,2005-07-07 17:40:26,1472,195,2005-07-09 22:58:26,2,2006-02-16 02:30:53
4316,2005-07-07 17:44:22,517,301,2005-07-14 15:12:22,2,2006-02-16 02:30:53
4317,2005-07-07 17:44:49,2234,110,2005-07-08 21:48:49,2,2006-02-16 02:30:53
4318,2005-07-07 17:47:50,1607,321,2005-07-14 12:15:50,2,2006-02-16 02:30:53
4319,2005-07-07 17:50:27,3389,25,2005-07-10 13:53:27,2,2006-02-16 02:30:53
4320,2005-07-07 17:51:59,3437,376,2005-07-13 18:39:59,1,2006-02-16 02:30:53
4321,2005-07-07 17:52:38,612,91,2005-07-11 23:37:38,1,2006-02-16 02:30:53
4322,2005-07-07 17:54:37,1522,568,2005-07-14 13:56:37,1,2006-02-16 02:30:53
4323,2005-07-07 17:55:53,1287,336,2005-07-13 16:43:53,2,2006-02-16 02:30:53
4324,2005-07-07 17:57:56,952,226,2005-07-13 22:34:56,1,2006-02-16 02:30:53
4325,2005-07-07 17:59:24,3728,373,2005-07-16 17:10:24,2,2006-02-16 02:30:53
4326,2005-07-07 18:01:22,4037,331,2005-07-16 15:45:22,1,2006-02-16 02:30:53
4327,2005-07-07 18:01:39,860,73,2005-07-12 22:40:39,1,2006-02-16 02:30:53
4328,2005-07-07 18:03:17,2174,264,2005-07-14 16:14:17,1,2006-02-16 02:30:53
4329,2005-07-07 18:04:16,638,504,2005-07-15 17:58:16,2,2006-02-16 02:30:53
4330,2005-07-07 18:09:41,2408,408,2005-07-14 22:05:41,1,2006-02-16 02:30:53
4331,2005-07-07 18:22:30,419,535,2005-07-13 18:20:30,1,2006-02-16 02:30:53
4332,2005-07-07 18:25:26,1714,137,2005-07-16 15:05:26,1,2006-02-16 02:30:53
4333,2005-07-07 18:31:50,76,113,2005-07-08 21:26:50,1,2006-02-16 02:30:53
4334,2005-07-07 18:32:04,3021,210,2005-07-08 16:19:04,1,2006-02-16 02:30:53
4335,2005-07-07 18:33:57,1332,375,2005-07-11 13:23:57,1,2006-02-16 02:30:53
4336,2005-07-07 18:34:36,482,532,2005-07-10 17:58:36,2,2006-02-16 02:30:53
4337,2005-07-07 18:36:37,2313,464,2005-07-14 14:59:37,2,2006-02-16 02:30:53
4338,2005-07-07 18:39:56,3152,581,2005-07-12 21:03:56,1,2006-02-16 02:30:53
4339,2005-07-07 18:41:42,3215,130,2005-07-08 13:00:42,1,2006-02-16 02:30:53
4340,2005-07-07 18:41:46,3919,227,2005-07-16 21:27:46,1,2006-02-16 02:30:53
4341,2005-07-07 18:44:23,4523,124,2005-07-15 18:13:23,1,2006-02-16 02:30:53
4342,2005-07-07 18:47:03,1355,120,2005-07-09 21:59:03,2,2006-02-16 02:30:53
4343,2005-07-07 18:48:54,1926,293,2005-07-12 15:19:54,1,2006-02-16 02:30:53
4344,2005-07-07 18:50:47,1185,99,2005-07-12 16:38:47,2,2006-02-16 02:30:53
4345,2005-07-07 18:52:57,2235,225,2005-07-15 21:24:57,2,2006-02-16 02:30:53
4346,2005-07-07 18:58:45,1906,520,2005-07-10 16:37:45,1,2006-02-16 02:30:53
4347,2005-07-07 18:58:57,1964,344,2005-07-14 16:35:57,2,2006-02-16 02:30:53
4348,2005-07-07 19:02:05,1948,452,2005-07-09 20:51:05,2,2006-02-16 02:30:53
4349,2005-07-07 19:02:37,3430,182,2005-07-09 17:25:37,2,2006-02-16 02:30:53
4350,2005-07-07 19:02:41,2223,299,2005-07-09 15:27:41,1,2006-02-16 02:30:53
4351,2005-07-07 19:04:24,3567,382,2005-07-14 00:03:24,2,2006-02-16 02:30:53
4352,2005-07-07 19:15:58,2636,249,2005-07-16 20:22:58,2,2006-02-16 02:30:53
4353,2005-07-07 19:19:05,368,452,2005-07-13 13:40:05,1,2006-02-16 02:30:53
4354,2005-07-07 19:21:02,4423,208,2005-07-15 17:03:02,2,2006-02-16 02:30:53
4355,2005-07-07 19:21:19,4557,438,2005-07-09 00:55:19,2,2006-02-16 02:30:53
4356,2005-07-07 19:21:22,1907,318,2005-07-16 15:57:22,1,2006-02-16 02:30:53
4357,2005-07-07 19:24:39,3413,103,2005-07-12 00:11:39,1,2006-02-16 02:30:53
4358,2005-07-07 19:27:04,3136,446,2005-07-14 23:46:04,1,2006-02-16 02:30:53
4359,2005-07-07 19:30:20,3222,282,2005-07-09 13:34:20,1,2006-02-16 02:30:53
4360,2005-07-07 19:31:12,1811,92,2005-07-10 23:11:12,2,2006-02-16 02:30:53
4361,2005-07-07 19:33:23,116,425,2005-07-12 22:36:23,1,2006-02-16 02:30:53
4362,2005-07-07 19:35:30,3759,425,2005-07-14 14:59:30,1,2006-02-16 02:30:53
4363,2005-07-07 19:43:28,3202,168,2005-07-13 00:15:28,2,2006-02-16 02:30:53
4364,2005-07-07 19:46:51,10,145,2005-07-08 21:55:51,1,2006-02-16 02:30:53
4365,2005-07-07 19:47:46,3207,442,2005-07-08 23:21:46,2,2006-02-16 02:30:53
4366,2005-07-07 19:48:36,2961,524,2005-07-14 01:14:36,1,2006-02-16 02:30:53
4367,2005-07-07 19:52:01,4529,48,2005-07-13 19:41:01,2,2006-02-16 02:30:53
4368,2005-07-07 19:55:19,736,324,2005-07-09 00:11:19,1,2006-02-16 02:30:53
4369,2005-07-07 20:01:38,3552,517,2005-07-13 01:19:38,2,2006-02-16 02:30:53
4370,2005-07-07 20:05:36,1591,559,2005-07-16 23:58:36,1,2006-02-16 02:30:53
4371,2005-07-07 20:06:45,2533,90,2005-07-08 18:50:45,1,2006-02-16 02:30:53
4372,2005-07-07 20:09:01,2207,252,2005-07-09 18:24:01,1,2006-02-16 02:30:53
4373,2005-07-07 20:10:59,3593,470,2005-07-12 21:30:59,2,2006-02-16 02:30:53
4374,2005-07-07 20:13:58,4377,517,2005-07-11 18:11:58,2,2006-02-16 02:30:53
4375,2005-07-07 20:20:29,3035,560,2005-07-16 19:29:29,2,2006-02-16 02:30:53
4376,2005-07-07 20:24:33,1344,151,2005-07-11 18:32:33,1,2006-02-16 02:30:53
4377,2005-07-07 20:28:57,3294,205,2005-07-16 02:13:57,2,2006-02-16 02:30:53
4378,2005-07-07 20:29:08,1244,24,2005-07-12 19:17:08,2,2006-02-16 02:30:53
4379,2005-07-07 20:32:30,2773,316,2005-07-11 20:40:30,2,2006-02-16 02:30:53
4380,2005-07-07 20:35:00,3164,353,2005-07-14 17:06:00,1,2006-02-16 02:30:53
4381,2005-07-07 20:37:53,3727,486,2005-07-10 16:54:53,1,2006-02-16 02:30:53
4382,2005-07-07 20:41:03,657,26,2005-07-14 15:15:03,1,2006-02-16 02:30:53
4383,2005-07-07 20:45:51,2649,591,2005-07-17 00:52:51,2,2006-02-16 02:30:53
4384,2005-07-07 20:46:45,1178,59,2005-07-16 21:54:45,1,2006-02-16 02:30:53
4385,2005-07-07 20:48:38,849,564,2005-07-11 17:03:38,2,2006-02-16 02:30:53
4386,2005-07-07 20:55:19,499,314,2005-07-10 21:51:19,1,2006-02-16 02:30:53
4387,2005-07-07 20:56:47,591,335,2005-07-16 00:51:47,1,2006-02-16 02:30:53
4388,2005-07-07 20:58:03,3150,210,2005-07-16 20:05:03,2,2006-02-16 02:30:53
4389,2005-07-07 20:58:58,1672,166,2005-07-13 19:57:58,2,2006-02-16 02:30:53
4390,2005-07-07 20:59:06,6,44,2005-07-09 00:04:06,2,2006-02-16 02:30:53
4391,2005-07-07 21:09:38,2135,42,2005-07-09 17:35:38,1,2006-02-16 02:30:53
4392,2005-07-07 21:11:02,4236,491,2005-07-13 21:52:02,1,2006-02-16 02:30:53
4393,2005-07-07 21:12:36,4034,395,2005-07-09 22:41:36,2,2006-02-16 02:30:53
4394,2005-07-07 21:12:45,563,156,2005-07-16 18:24:45,2,2006-02-16 02:30:53
4395,2005-07-07 21:13:22,360,544,2005-07-08 22:59:22,2,2006-02-16 02:30:53
4396,2005-07-07 21:14:19,750,275,2005-07-10 19:22:19,1,2006-02-16 02:30:53
4397,2005-07-07 21:14:54,3085,494,2005-07-13 19:24:54,2,2006-02-16 02:30:53
4398,2005-07-07 21:18:44,3628,426,2005-07-10 22:45:44,1,2006-02-16 02:30:53
4399,2005-07-07 21:20:28,4515,402,2005-07-12 20:57:28,2,2006-02-16 02:30:53
4400,2005-07-07 21:22:26,49,370,2005-07-16 00:59:26,2,2006-02-16 02:30:53
4401,2005-07-07 21:26:27,2725,405,2005-07-12 17:18:27,2,2006-02-16 02:30:53
4402,2005-07-07 21:28:46,1198,26,2005-07-08 17:04:46,1,2006-02-16 02:30:53
4403,2005-07-07 21:29:40,3973,447,2005-07-09 17:58:40,1,2006-02-16 02:30:53
4404,2005-07-07 21:31:53,944,25,2005-07-13 19:00:53,1,2006-02-16 02:30:53
4405,2005-07-07 21:33:16,2102,145,2005-07-15 00:33:16,2,2006-02-16 02:30:53
4406,2005-07-07 21:35:16,438,448,2005-07-15 16:13:16,2,2006-02-16 02:30:53
4407,2005-07-07 21:39:45,267,20,2005-07-11 23:40:45,1,2006-02-16 02:30:53
4408,2005-07-07 21:41:06,2482,258,2005-07-11 00:32:06,1,2006-02-16 02:30:53
4409,2005-07-07 21:47:29,3153,8,2005-07-11 20:14:29,2,2006-02-16 02:30:53
4410,2005-07-07 21:48:16,2754,584,2005-07-09 03:15:16,1,2006-02-16 02:30:53
4411,2005-07-07 21:54:58,320,224,2005-07-14 16:14:58,2,2006-02-16 02:30:53
4412,2005-07-07 21:56:53,1181,282,2005-07-11 19:28:53,1,2006-02-16 02:30:53
4413,2005-07-07 22:00:04,1062,565,2005-07-10 18:20:04,2,2006-02-16 02:30:53
4414,2005-07-07 22:00:21,991,434,2005-07-12 02:51:21,1,2006-02-16 02:30:53
4415,2005-07-07 22:01:43,1403,329,2005-07-13 03:09:43,2,2006-02-16 02:30:53
4416,2005-07-07 22:04:36,1247,290,2005-07-09 02:44:36,2,2006-02-16 02:30:53
4417,2005-07-07 22:05:05,743,452,2005-07-09 16:16:05,2,2006-02-16 02:30:53
4418,2005-07-07 22:05:30,4368,417,2005-07-11 18:42:30,1,2006-02-16 02:30:53
4419,2005-07-07 22:06:24,783,39,2005-07-15 23:59:24,1,2006-02-16 02:30:53
4420,2005-07-07 22:07:31,4427,346,2005-07-12 19:14:31,2,2006-02-16 02:30:53
4421,2005-07-07 22:07:55,4103,417,2005-07-16 20:21:55,1,2006-02-16 02:30:53
4422,2005-07-07 22:09:45,1741,345,2005-07-10 01:43:45,1,2006-02-16 02:30:53
4423,2005-07-07 22:11:28,2721,526,2005-07-14 18:49:28,2,2006-02-16 02:30:53
4424,2005-07-07 22:14:43,662,384,2005-07-11 01:17:43,1,2006-02-16 02:30:53
4425,2005-07-07 22:22:44,877,345,2005-07-08 22:23:44,2,2006-02-16 02:30:53
4426,2005-07-07 22:28:32,364,242,2005-07-16 02:04:32,1,2006-02-16 02:30:53
4427,2005-07-07 22:28:51,1021,69,2005-07-11 21:37:51,2,2006-02-16 02:30:53
4428,2005-07-07 22:29:40,2575,181,2005-07-11 02:46:40,2,2006-02-16 02:30:53
4429,2005-07-07 22:32:47,2949,187,2005-07-15 03:10:47,2,2006-02-16 02:30:53
4430,2005-07-07 22:35:24,3436,278,2005-07-14 23:49:24,1,2006-02-16 02:30:53
4431,2005-07-07 22:39:02,936,26,2005-07-16 19:24:02,1,2006-02-16 02:30:53
4432,2005-07-07 22:40:02,2779,295,2005-07-15 01:46:02,1,2006-02-16 02:30:53
4433,2005-07-07 22:45:41,88,449,2005-07-16 23:30:41,2,2006-02-16 02:30:53
4434,2005-07-07 22:48:34,1801,32,2005-07-09 18:55:34,1,2006-02-16 02:30:53
4435,2005-07-07 22:51:04,3815,157,2005-07-14 23:15:04,2,2006-02-16 02:30:53
4436,2005-07-07 22:52:04,4326,563,2005-07-10 04:51:04,1,2006-02-16 02:30:53
4437,2005-07-07 22:55:41,3578,414,2005-07-13 19:40:41,1,2006-02-16 02:30:53
4438,2005-07-07 22:56:17,4371,104,2005-07-16 17:28:17,1,2006-02-16 02:30:53
4439,2005-07-07 22:57:30,2393,521,2005-07-10 18:28:30,1,2006-02-16 02:30:53
4440,2005-07-07 23:00:58,1236,507,2005-07-08 21:31:58,2,2006-02-16 02:30:53
4441,2005-07-07 23:04:23,3680,211,2005-07-13 19:07:23,1,2006-02-16 02:30:53
4442,2005-07-07 23:05:30,461,123,2005-07-13 22:20:30,2,2006-02-16 02:30:53
4443,2005-07-07 23:05:53,72,389,2005-07-16 01:46:53,1,2006-02-16 02:30:53
4444,2005-07-07 23:07:44,764,529,2005-07-14 02:51:44,2,2006-02-16 02:30:53
4445,2005-07-07 23:08:22,3328,327,2005-07-16 03:49:22,1,2006-02-16 02:30:53
4446,2005-07-07 23:12:16,2629,438,2005-07-13 19:42:16,1,2006-02-16 02:30:53
4447,2005-07-07 23:15:28,404,549,2005-07-14 22:53:28,2,2006-02-16 02:30:53
4448,2005-07-07 23:17:12,2768,536,2005-07-13 18:26:12,1,2006-02-16 02:30:53
4449,2005-07-07 23:18:58,2813,354,2005-07-15 20:40:58,2,2006-02-16 02:30:53
4450,2005-07-07 23:20:05,1252,345,2005-07-13 19:50:05,2,2006-02-16 02:30:53
4451,2005-07-07 23:29:54,179,85,2005-07-10 23:29:54,2,2006-02-16 02:30:53
4452,2005-07-07 23:31:54,2414,460,2005-07-14 04:05:54,1,2006-02-16 02:30:53
4453,2005-07-07 23:32:39,89,560,2005-07-12 01:38:39,2,2006-02-16 02:30:53
4454,2005-07-07 23:37:00,1395,9,2005-07-11 02:30:00,1,2006-02-16 02:30:53
4455,2005-07-07 23:43:46,1396,507,2005-07-08 21:34:46,2,2006-02-16 02:30:53
4456,2005-07-07 23:45:21,3395,421,2005-07-13 23:03:21,2,2006-02-16 02:30:53
4457,2005-07-07 23:45:38,407,567,2005-07-09 20:02:38,1,2006-02-16 02:30:53
4458,2005-07-07 23:47:47,1307,229,2005-07-09 19:17:47,2,2006-02-16 02:30:53
4459,2005-07-07 23:48:52,3987,227,2005-07-13 19:37:52,2,2006-02-16 02:30:53
4460,2005-07-07 23:50:14,4121,592,2005-07-09 21:55:14,1,2006-02-16 02:30:53
4461,2005-07-07 23:59:43,3656,286,2005-07-16 19:44:43,2,2006-02-16 02:30:53
4462,2005-07-08 00:02:49,4120,257,2005-07-15 20:48:49,2,2006-02-16 02:30:53
4463,2005-07-08 00:04:59,4356,422,2005-07-16 01:19:59,1,2006-02-16 02:30:53
4464,2005-07-08 00:07:18,4484,583,2005-07-08 22:14:18,2,2006-02-16 02:30:53
4465,2005-07-08 00:07:45,2877,329,2005-07-13 18:08:45,2,2006-02-16 02:30:53
4466,2005-07-08 00:12:53,3320,304,2005-07-17 03:49:53,2,2006-02-16 02:30:53
4467,2005-07-08 00:13:52,4466,339,2005-07-09 00:52:52,1,2006-02-16 02:30:53
4468,2005-07-08 00:17:59,3302,170,2005-07-12 05:51:59,2,2006-02-16 02:30:53
4469,2005-07-08 00:18:32,2173,192,2005-07-12 21:17:32,2,2006-02-16 02:30:53
4470,2005-07-08 00:20:57,3605,145,2005-07-10 02:31:57,1,2006-02-16 02:30:53
4471,2005-07-08 00:21:29,263,30,2005-07-11 18:48:29,2,2006-02-16 02:30:53
4472,2005-07-08 00:22:06,2089,343,2005-07-16 20:16:06,1,2006-02-16 02:30:53
4473,2005-07-08 00:22:10,1387,481,2005-07-09 21:11:10,1,2006-02-16 02:30:53
4474,2005-07-08 00:26:56,4474,137,2005-07-12 23:07:56,1,2006-02-16 02:30:53
4475,2005-07-08 00:27:30,3466,340,2005-07-09 05:39:30,1,2006-02-16 02:30:53
4476,2005-07-08 00:34:25,395,279,2005-07-08 22:55:25,1,2006-02-16 02:30:53
4477,2005-07-08 00:38:24,1602,552,2005-07-13 05:14:24,1,2006-02-16 02:30:53
4478,2005-07-08 00:39:08,1764,357,2005-07-11 21:57:08,2,2006-02-16 02:30:53
4479,2005-07-08 00:52:35,3516,211,2005-07-09 20:19:35,2,2006-02-16 02:30:53
4480,2005-07-08 00:56:30,4457,296,2005-07-10 20:52:30,2,2006-02-16 02:30:53
4481,2005-07-08 00:58:15,1669,474,2005-07-11 23:22:15,2,2006-02-16 02:30:53
4482,2005-07-08 01:01:18,3500,511,2005-07-11 01:18:18,1,2006-02-16 02:30:53
4483,2005-07-08 01:03:12,1222,425,2005-07-17 00:20:12,1,2006-02-16 02:30:53
4484,2005-07-08 01:05:57,2867,306,2005-07-16 00:41:57,2,2006-02-16 02:30:53
4485,2005-07-08 01:07:54,2614,130,2005-07-16 03:19:54,2,2006-02-16 02:30:53
4486,2005-07-08 01:09:09,837,197,2005-07-16 23:40:09,1,2006-02-16 02:30:53
4487,2005-07-08 01:20:22,2220,360,2005-07-16 21:23:22,2,2006-02-16 02:30:53
4488,2005-07-08 01:22:23,2108,89,2005-07-13 21:17:23,1,2006-02-16 02:30:53
4489,2005-07-08 01:23:58,4306,259,2005-07-09 01:35:58,2,2006-02-16 02:30:53
4490,2005-07-08 01:26:32,2690,161,2005-07-09 01:13:32,1,2006-02-16 02:30:53
4491,2005-07-08 01:30:46,1168,413,2005-07-11 03:12:46,1,2006-02-16 02:30:53
4492,2005-07-08 01:32:04,1152,247,2005-07-10 22:11:04,1,2006-02-16 02:30:53
4493,2005-07-08 01:40:24,1369,167,2005-07-09 02:17:24,2,2006-02-16 02:30:53
4494,2005-07-08 01:42:45,1655,349,2005-07-16 22:29:45,2,2006-02-16 02:30:53
4495,2005-07-08 01:43:46,3515,404,2005-07-10 07:38:46,1,2006-02-16 02:30:53
4496,2005-07-08 01:44:19,150,578,2005-07-08 20:34:19,2,2006-02-16 02:30:53
4497,2005-07-08 01:51:32,1995,142,2005-07-15 22:56:32,1,2006-02-16 02:30:53
4498,2005-07-08 02:07:50,4299,43,2005-07-12 23:54:50,2,2006-02-16 02:30:53
4499,2005-07-08 02:08:48,851,199,2005-07-10 07:06:48,2,2006-02-16 02:30:53
4500,2005-07-08 02:10:01,398,462,2005-07-15 05:49:01,2,2006-02-16 02:30:53
4501,2005-07-08 02:12:00,1412,262,2005-07-10 02:16:00,2,2006-02-16 02:30:53
4502,2005-07-08 02:12:04,225,470,2005-07-15 02:19:04,2,2006-02-16 02:30:53
4503,2005-07-08 02:17:12,1503,8,2005-07-13 08:12:12,1,2006-02-16 02:30:53
4504,2005-07-08 02:19:27,361,422,2005-07-12 21:15:27,1,2006-02-16 02:30:53
4505,2005-07-08 02:20:04,1864,481,2005-07-14 20:28:04,2,2006-02-16 02:30:53
4506,2005-07-08 02:22:18,1484,133,2005-07-13 04:54:18,2,2006-02-16 02:30:53
4507,2005-07-08 02:22:45,819,505,2005-07-14 20:53:45,1,2006-02-16 02:30:53
4508,2005-07-08 02:28:41,3996,97,2005-07-16 23:59:41,1,2006-02-16 02:30:53
4509,2005-07-08 02:32:38,1760,230,2005-07-14 01:05:38,2,2006-02-16 02:30:53
4510,2005-07-08 02:34:51,1085,27,2005-07-17 06:03:51,2,2006-02-16 02:30:53
4511,2005-07-08 02:36:21,4438,75,2005-07-15 06:01:21,1,2006-02-16 02:30:53
4512,2005-07-08 02:38:56,1569,424,2005-07-10 20:46:56,1,2006-02-16 02:30:53
4513,2005-07-08 02:39:59,3704,182,2005-07-14 07:48:59,2,2006-02-16 02:30:53
4514,2005-07-08 02:41:25,1938,576,2005-07-15 06:17:25,1,2006-02-16 02:30:53
4515,2005-07-08 02:42:03,1998,229,2005-07-10 07:22:03,2,2006-02-16 02:30:53
4516,2005-07-08 02:43:41,2314,497,2005-07-14 02:20:41,1,2006-02-16 02:30:53
4517,2005-07-08 02:45:19,453,16,2005-07-12 03:04:19,2,2006-02-16 02:30:53
4518,2005-07-08 02:48:36,697,592,2005-07-13 04:53:36,2,2006-02-16 02:30:53
4519,2005-07-08 02:51:23,4425,459,2005-07-12 06:52:23,2,2006-02-16 02:30:53
4520,2005-07-08 02:53:46,3505,104,2005-07-08 22:27:46,2,2006-02-16 02:30:53
4521,2005-07-08 02:57:56,2652,327,2005-07-11 22:49:56,2,2006-02-16 02:30:53
4522,2005-07-08 03:03:12,4114,307,2005-07-10 04:49:12,1,2006-02-16 02:30:53
4523,2005-07-08 03:06:59,2785,347,2005-07-17 04:44:59,1,2006-02-16 02:30:53
4524,2005-07-08 03:10:48,2218,185,2005-07-09 07:49:48,2,2006-02-16 02:30:53
4525,2005-07-08 03:15:00,3631,458,2005-07-11 04:53:00,1,2006-02-16 02:30:53
4526,2005-07-08 03:17:05,1443,1,2005-07-14 01:19:05,2,2006-02-16 02:30:53
4527,2005-07-08 03:20:10,2263,468,2005-07-15 02:21:10,1,2006-02-16 02:30:53
4528,2005-07-08 03:24:54,3209,439,2005-07-09 03:50:54,2,2006-02-16 02:30:53
4529,2005-07-08 03:26:20,1361,104,2005-07-16 05:04:20,1,2006-02-16 02:30:53
4530,2005-07-08 03:27:05,3775,79,2005-07-11 07:44:05,1,2006-02-16 02:30:53
4531,2005-07-08 03:27:59,3108,142,2005-07-10 22:48:59,1,2006-02-16 02:30:53
4532,2005-07-08 03:30:39,4012,481,2005-07-11 21:49:39,1,2006-02-16 02:30:53
4533,2005-07-08 03:32:01,1105,474,2005-07-10 21:57:01,1,2006-02-16 02:30:53
4534,2005-07-08 03:36:55,2518,132,2005-07-16 00:49:55,2,2006-02-16 02:30:53
4535,2005-07-08 03:40:46,561,29,2005-07-13 06:53:46,2,2006-02-16 02:30:53
4536,2005-07-08 03:43:22,220,26,2005-07-15 08:44:22,1,2006-02-16 02:30:53
4537,2005-07-08 03:48:40,1305,448,2005-07-13 22:54:40,2,2006-02-16 02:30:53
4538,2005-07-08 03:56:29,3638,451,2005-07-15 08:24:29,1,2006-02-16 02:30:53
4539,2005-07-08 04:01:02,2450,264,2005-07-14 22:32:02,1,2006-02-16 02:30:53
4540,2005-07-08 04:03:28,4160,309,2005-07-13 03:31:28,2,2006-02-16 02:30:53
4541,2005-07-08 04:04:19,1976,248,2005-07-13 07:27:19,2,2006-02-16 02:30:53
4542,2005-07-08 04:06:30,4169,293,2005-07-16 06:54:30,2,2006-02-16 02:30:53
4543,2005-07-08 04:06:55,913,41,2005-07-12 23:17:55,2,2006-02-16 02:30:53
4544,2005-07-08 04:11:04,4471,351,2005-07-09 22:48:04,1,2006-02-16 02:30:53
4545,2005-07-08 04:17:47,3658,271,2005-07-13 07:19:47,1,2006-02-16 02:30:53
4546,2005-07-08 04:18:36,4507,393,2005-07-17 08:23:36,1,2006-02-16 02:30:53
4547,2005-07-08 04:20:19,3386,255,2005-07-09 00:28:19,2,2006-02-16 02:30:53
4548,2005-07-08 04:21:54,765,164,2005-07-14 23:16:54,2,2006-02-16 02:30:53
4549,2005-07-08 04:25:03,2797,98,2005-07-10 09:01:03,2,2006-02-16 02:30:53
4550,2005-07-08 04:34:00,615,409,2005-07-14 23:45:00,2,2006-02-16 02:30:53
4551,2005-07-08 04:36:21,1160,494,2005-07-17 10:23:21,2,2006-02-16 02:30:53
4552,2005-07-08 04:36:35,2549,313,2005-07-14 05:48:35,2,2006-02-16 02:30:53
4553,2005-07-08 04:43:41,2114,529,2005-07-09 23:55:41,1,2006-02-16 02:30:53
4554,2005-07-08 04:48:03,3878,376,2005-07-16 04:34:03,1,2006-02-16 02:30:53
4555,2005-07-08 04:48:36,1757,68,2005-07-17 07:57:36,1,2006-02-16 02:30:53
4556,2005-07-08 04:48:41,4099,348,2005-07-16 08:51:41,2,2006-02-16 02:30:53
4557,2005-07-08 04:49:15,1191,132,2005-07-14 00:00:15,2,2006-02-16 02:30:53
4558,2005-07-08 04:55:26,828,448,2005-07-09 10:53:26,2,2006-02-16 02:30:53
4559,2005-07-08 04:56:49,1911,424,2005-07-12 08:56:49,2,2006-02-16 02:30:53
4560,2005-07-08 04:58:48,303,36,2005-07-10 04:27:48,1,2006-02-16 02:30:53
4561,2005-07-08 05:02:43,1643,500,2005-07-11 04:56:43,1,2006-02-16 02:30:53
4562,2005-07-08 05:08:32,963,454,2005-07-12 08:16:32,2,2006-02-16 02:30:53
4563,2005-07-08 05:08:55,287,522,2005-07-16 05:44:55,2,2006-02-16 02:30:53
4564,2005-07-08 05:09:38,2494,519,2005-07-11 05:37:38,2,2006-02-16 02:30:53
4565,2005-07-08 05:12:28,3755,563,2005-07-17 03:38:28,2,2006-02-16 02:30:53
4566,2005-07-08 05:18:50,4302,133,2005-07-15 01:53:50,1,2006-02-16 02:30:53
4567,2005-07-08 05:20:04,4073,202,2005-07-10 01:35:04,1,2006-02-16 02:30:53
4568,2005-07-08 05:23:59,2626,122,2005-07-09 06:07:59,1,2006-02-16 02:30:53
4569,2005-07-08 05:30:51,2925,366,2005-07-14 04:14:51,2,2006-02-16 02:30:53
4570,2005-07-08 05:33:59,2612,503,2005-07-14 09:27:59,1,2006-02-16 02:30:53
4571,2005-07-08 05:34:41,2416,86,2005-07-17 02:15:41,1,2006-02-16 02:30:53
4572,2005-07-08 05:36:59,1324,323,2005-07-12 04:46:59,2,2006-02-16 02:30:53
4573,2005-07-08 05:38:46,2478,400,2005-07-15 07:07:46,1,2006-02-16 02:30:53
4574,2005-07-08 05:39:42,536,257,2005-07-08 23:44:42,2,2006-02-16 02:30:53
4575,2005-07-08 05:49:14,231,41,2005-07-11 04:08:14,2,2006-02-16 02:30:53
4576,2005-07-08 05:51:19,1920,567,2005-07-10 11:36:19,1,2006-02-16 02:30:53
4577,2005-07-08 05:59:00,1688,442,2005-07-16 06:23:00,2,2006-02-16 02:30:53
4578,2005-07-08 06:00:17,1533,497,2005-07-10 06:58:17,2,2006-02-16 02:30:53
4579,2005-07-08 06:01:56,4290,585,2005-07-13 11:24:56,1,2006-02-16 02:30:53
4580,2005-07-08 06:04:23,3512,199,2005-07-15 05:42:23,2,2006-02-16 02:30:53
4581,2005-07-08 06:05:06,887,591,2005-07-16 00:54:06,1,2006-02-16 02:30:53
4582,2005-07-08 06:09:09,688,274,2005-07-14 02:23:09,1,2006-02-16 02:30:53
4583,2005-07-08 06:09:44,4151,365,2005-07-12 03:44:44,1,2006-02-16 02:30:53
4584,2005-07-08 06:11:02,2322,368,2005-07-11 05:14:02,1,2006-02-16 02:30:53
4585,2005-07-08 06:11:58,1622,143,2005-07-17 01:58:58,1,2006-02-16 02:30:53
4586,2005-07-08 06:12:33,1374,461,2005-07-13 11:06:33,2,2006-02-16 02:30:53
4587,2005-07-08 06:16:26,3502,63,2005-07-13 00:59:26,1,2006-02-16 02:30:53
4588,2005-07-08 06:18:01,3629,198,2005-07-10 08:59:01,1,2006-02-16 02:30:53
4589,2005-07-08 06:26:04,1192,99,2005-07-09 10:31:04,2,2006-02-16 02:30:53
4590,2005-07-08 06:27:48,4233,580,2005-07-14 07:46:48,1,2006-02-16 02:30:53
4591,2005-07-08 06:29:43,2276,182,2005-07-17 07:20:43,1,2006-02-16 02:30:53
4592,2005-07-08 06:31:28,2141,235,2005-07-10 06:08:28,2,2006-02-16 02:30:53
4593,2005-07-08 06:38:12,2897,528,2005-07-16 10:48:12,2,2006-02-16 02:30:53
4594,2005-07-08 06:40:06,26,506,2005-07-16 05:51:06,2,2006-02-16 02:30:53
4595,2005-07-08 06:40:25,760,336,2005-07-14 08:54:25,1,2006-02-16 02:30:53
4596,2005-07-08 06:41:25,2280,306,2005-07-14 01:36:25,1,2006-02-16 02:30:53
4597,2005-07-08 06:43:42,3767,545,2005-07-13 01:32:42,1,2006-02-16 02:30:53
4598,2005-07-08 06:46:26,258,82,2005-07-16 01:21:26,1,2006-02-16 02:30:53
4599,2005-07-08 06:48:26,2098,356,2005-07-11 07:06:26,1,2006-02-16 02:30:53
4600,2005-07-08 06:48:37,1526,457,2005-07-15 10:11:37,1,2006-02-16 02:30:53
4601,2005-07-08 06:49:10,3184,572,2005-07-09 07:43:10,1,2006-02-16 02:30:53
4602,2005-07-08 06:52:40,3616,129,2005-07-10 06:30:40,1,2006-02-16 02:30:53
4603,2005-07-08 06:57:07,755,334,2005-07-17 04:32:07,1,2006-02-16 02:30:53
4604,2005-07-08 06:58:43,4230,402,2005-07-14 06:41:43,1,2006-02-16 02:30:53
4605,2005-07-08 07:00:14,1139,523,2005-07-16 08:38:14,1,2006-02-16 02:30:53
4606,2005-07-08 07:05:50,1946,502,2005-07-16 09:11:50,2,2006-02-16 02:30:53
4607,2005-07-08 07:15:14,1193,281,2005-07-11 01:32:14,1,2006-02-16 02:30:53
4608,2005-07-08 07:19:11,758,11,2005-07-11 01:37:11,1,2006-02-16 02:30:53
4609,2005-07-08 07:22:29,3711,573,2005-07-10 08:06:29,1,2006-02-16 02:30:53
4610,2005-07-08 07:28:05,1279,265,2005-07-14 02:10:05,1,2006-02-16 02:30:53
4611,2005-07-08 07:33:56,3486,1,2005-07-12 13:25:56,2,2006-02-16 02:30:53
4612,2005-07-08 07:40:44,82,371,2005-07-12 03:48:44,1,2006-02-16 02:30:53
4613,2005-07-08 07:44:49,476,581,2005-07-09 04:47:49,1,2006-02-16 02:30:53
4614,2005-07-08 07:45:17,2579,71,2005-07-12 02:10:17,2,2006-02-16 02:30:53
4615,2005-07-08 07:46:53,1200,404,2005-07-16 12:43:53,2,2006-02-16 02:30:53
4616,2005-07-08 07:48:12,2580,280,2005-07-10 08:13:12,2,2006-02-16 02:30:53
4617,2005-07-08 07:55:08,3784,475,2005-07-17 02:49:08,2,2006-02-16 02:30:53
4618,2005-07-08 08:00:20,3691,179,2005-07-14 05:59:20,1,2006-02-16 02:30:53
4619,2005-07-08 08:01:09,2127,579,2005-07-16 05:52:09,2,2006-02-16 02:30:53
4620,2005-07-08 08:01:44,3467,210,2005-07-16 07:43:44,2,2006-02-16 02:30:53
4621,2005-07-08 08:02:18,1594,297,2005-07-12 08:53:18,2,2006-02-16 02:30:53
4622,2005-07-08 08:02:42,2710,289,2005-07-10 07:46:42,2,2006-02-16 02:30:53
4623,2005-07-08 08:03:22,4171,593,2005-07-12 09:11:22,2,2006-02-16 02:30:53
4624,2005-07-08 08:12:17,1548,341,2005-07-15 12:24:17,2,2006-02-16 02:30:53
4625,2005-07-08 08:14:26,318,473,2005-07-09 03:45:26,1,2006-02-16 02:30:53
4626,2005-07-08 08:18:21,37,268,2005-07-10 11:36:21,1,2006-02-16 02:30:53
4627,2005-07-08 08:24:39,2383,78,2005-07-13 11:04:39,2,2006-02-16 02:30:53
4628,2005-07-08 08:25:52,1888,540,2005-07-10 11:22:52,1,2006-02-16 02:30:53
4629,2005-07-08 08:31:26,228,563,2005-07-17 12:07:26,1,2006-02-16 02:30:53
4630,2005-07-08 08:33:38,3446,319,2005-07-09 13:09:38,2,2006-02-16 02:30:53
4631,2005-07-08 08:38:22,470,59,2005-07-11 03:33:22,2,2006-02-16 02:30:53
4632,2005-07-08 08:38:57,4330,393,2005-07-15 09:33:57,1,2006-02-16 02:30:53
4633,2005-07-08 08:39:39,3178,348,2005-07-15 10:23:39,1,2006-02-16 02:30:53
4634,2005-07-08 08:40:02,811,275,2005-07-12 04:45:02,2,2006-02-16 02:30:53
4635,2005-07-08 08:42:40,2434,65,2005-07-14 10:31:40,1,2006-02-16 02:30:53
4636,2005-07-08 08:44:32,1858,228,2005-07-10 08:59:32,2,2006-02-16 02:30:53
4637,2005-07-08 08:49:54,1917,263,2005-07-11 13:12:54,2,2006-02-16 02:30:53
4638,2005-07-08 08:57:20,2240,305,2005-07-10 05:08:20,2,2006-02-16 02:30:53
4639,2005-07-08 08:57:21,2459,75,2005-07-14 11:22:21,2,2006-02-16 02:30:53
4640,2005-07-08 08:59:34,1147,506,2005-07-15 03:31:34,1,2006-02-16 02:30:53
4641,2005-07-08 09:09:46,2436,26,2005-07-17 03:54:46,2,2006-02-16 02:30:53
4642,2005-07-08 09:13:28,1962,30,2005-07-10 06:17:28,2,2006-02-16 02:30:53
4643,2005-07-08 09:13:56,239,436,2005-07-10 12:09:56,2,2006-02-16 02:30:53
4644,2005-07-08 09:14:29,3239,38,2005-07-10 07:20:29,2,2006-02-16 02:30:53
4645,2005-07-08 09:20:09,687,400,2005-07-09 06:07:09,2,2006-02-16 02:30:53
4646,2005-07-08 09:23:26,618,362,2005-07-16 04:03:26,1,2006-02-16 02:30:53
4647,2005-07-08 09:27:36,674,312,2005-07-16 14:56:36,2,2006-02-16 02:30:53
4648,2005-07-08 09:31:27,3490,444,2005-07-13 03:55:27,2,2006-02-16 02:30:53
4649,2005-07-08 09:32:05,1116,221,2005-07-15 08:37:05,2,2006-02-16 02:30:53
4650,2005-07-08 09:32:08,2850,108,2005-07-15 15:20:08,1,2006-02-16 02:30:53
4651,2005-07-08 09:39:39,4064,557,2005-07-09 12:14:39,2,2006-02-16 02:30:53
4652,2005-07-08 09:47:51,4198,127,2005-07-16 04:09:51,2,2006-02-16 02:30:53
4653,2005-07-08 09:48:01,2511,404,2005-07-17 05:18:01,1,2006-02-16 02:30:53
4654,2005-07-08 09:48:03,4210,434,2005-07-17 13:17:03,1,2006-02-16 02:30:53
4655,2005-07-08 09:49:22,4078,213,2005-07-15 13:08:22,1,2006-02-16 02:30:53
4656,2005-07-08 09:50:10,839,141,2005-07-13 15:00:10,1,2006-02-16 02:30:53
4657,2005-07-08 09:51:02,1002,54,2005-07-09 09:29:02,2,2006-02-16 02:30:53
4658,2005-07-08 09:51:11,3131,166,2005-07-10 12:30:11,2,2006-02-16 02:30:53
4659,2005-07-08 09:53:28,4389,425,2005-07-14 14:56:28,2,2006-02-16 02:30:53
4660,2005-07-08 09:54:47,1208,139,2005-07-11 15:19:47,2,2006-02-16 02:30:53
4661,2005-07-08 09:55:06,2641,518,2005-07-11 08:26:06,1,2006-02-16 02:30:53
4662,2005-07-08 09:58:54,1370,553,2005-07-10 12:51:54,1,2006-02-16 02:30:53
4663,2005-07-08 09:59:18,2959,139,2005-07-10 11:25:18,1,2006-02-16 02:30:53
4664,2005-07-08 10:01:28,1318,546,2005-07-12 10:37:28,2,2006-02-16 02:30:53
4665,2005-07-08 10:04:24,575,106,2005-07-14 15:13:24,1,2006-02-16 02:30:53
4666,2005-07-08 10:05:02,4576,120,2005-07-16 07:28:02,1,2006-02-16 02:30:53
4667,2005-07-08 10:06:26,3348,485,2005-07-14 04:48:26,1,2006-02-16 02:30:53
4668,2005-07-08 10:11:45,3971,481,2005-07-17 13:01:45,2,2006-02-16 02:30:53
4669,2005-07-08 10:13:08,3494,581,2005-07-16 07:52:08,1,2006-02-16 02:30:53
4670,2005-07-08 10:14:18,3317,153,2005-07-16 15:10:18,2,2006-02-16 02:30:53
4671,2005-07-08 10:15:32,2139,55,2005-07-14 08:19:32,2,2006-02-16 02:30:53
4672,2005-07-08 10:15:38,1922,18,2005-07-16 05:06:38,1,2006-02-16 02:30:53
4673,2005-07-08 10:16:00,2792,91,2005-07-17 10:03:00,2,2006-02-16 02:30:53
4674,2005-07-08 10:19:28,1617,329,2005-07-12 12:54:28,2,2006-02-16 02:30:53
4675,2005-07-08 10:24:22,1309,380,2005-07-14 11:09:22,1,2006-02-16 02:30:53
4676,2005-07-08 10:26:02,2590,302,2005-07-10 13:38:02,2,2006-02-16 02:30:53
4677,2005-07-08 10:30:36,1226,258,2005-07-14 12:40:36,1,2006-02-16 02:30:53
4678,2005-07-08 10:30:40,241,219,2005-07-13 11:08:40,1,2006-02-16 02:30:53
4679,2005-07-08 10:33:14,3610,423,2005-07-15 14:30:14,2,2006-02-16 02:30:53
4680,2005-07-08 10:35:28,4043,227,2005-07-14 08:42:28,1,2006-02-16 02:30:53
4681,2005-07-08 10:36:03,1025,133,2005-07-16 09:21:03,2,2006-02-16 02:30:53
4682,2005-07-08 10:38:27,873,263,2005-07-11 06:29:27,2,2006-02-16 02:30:53
4683,2005-07-08 10:38:28,3464,283,2005-07-09 12:07:28,1,2006-02-16 02:30:53
4684,2005-07-08 10:41:06,503,585,2005-07-17 10:35:06,1,2006-02-16 02:30:53
4685,2005-07-08 10:45:13,602,590,2005-07-12 08:29:13,1,2006-02-16 02:30:53
4686,2005-07-08 10:53:39,1398,234,2005-07-10 05:34:39,2,2006-02-16 02:30:53
4687,2005-07-08 10:54:19,1156,169,2005-07-10 08:00:19,2,2006-02-16 02:30:53
4688,2005-07-08 11:03:29,3574,80,2005-07-17 15:41:29,2,2006-02-16 02:30:53
4689,2005-07-08 11:03:47,2519,364,2005-07-16 06:07:47,2,2006-02-16 02:30:53
4690,2005-07-08 11:04:02,3304,64,2005-07-15 10:27:02,2,2006-02-16 02:30:53
4691,2005-07-08 11:04:53,596,126,2005-07-09 07:48:53,1,2006-02-16 02:30:53
4692,2005-07-08 11:07:06,1490,288,2005-07-09 14:08:06,1,2006-02-16 02:30:53
4693,2005-07-08 11:07:36,1694,221,2005-07-14 08:40:36,1,2006-02-16 02:30:53
4694,2005-07-08 11:07:37,3637,229,2005-07-12 06:53:37,2,2006-02-16 02:30:53
4695,2005-07-08 11:07:59,805,39,2005-07-17 16:35:59,1,2006-02-16 02:30:53
4696,2005-07-08 11:12:27,1358,424,2005-07-14 05:41:27,1,2006-02-16 02:30:53
4697,2005-07-08 11:19:14,4143,224,2005-07-12 07:14:14,2,2006-02-16 02:30:53
4698,2005-07-08 11:19:31,3963,570,2005-07-13 13:45:31,2,2006-02-16 02:30:53
4699,2005-07-08 11:36:56,2462,348,2005-07-14 11:35:56,2,2006-02-16 02:30:53
4700,2005-07-08 11:37:21,3889,317,2005-07-12 15:41:21,1,2006-02-16 02:30:53
4701,2005-07-08 11:38:48,3012,522,2005-07-13 15:59:48,2,2006-02-16 02:30:53
4702,2005-07-08 11:41:36,2593,56,2005-07-10 06:55:36,1,2006-02-16 02:30:53
4703,2005-07-08 11:44:56,2859,544,2005-07-13 09:17:56,1,2006-02-16 02:30:53
4704,2005-07-08 11:45:35,2291,28,2005-07-10 09:46:35,1,2006-02-16 02:30:53
4705,2005-07-08 11:50:38,3709,85,2005-07-12 15:58:38,2,2006-02-16 02:30:53
4706,2005-07-08 11:51:41,2512,380,2005-07-17 12:58:41,1,2006-02-16 02:30:53
4707,2005-07-08 11:57:28,52,286,2005-07-10 17:47:28,1,2006-02-16 02:30:53
4708,2005-07-08 11:59:19,3249,212,2005-07-17 07:11:19,2,2006-02-16 02:30:53
4709,2005-07-08 12:04:34,3964,124,2005-07-15 06:48:34,1,2006-02-16 02:30:53
4710,2005-07-08 12:04:53,248,590,2005-07-13 11:28:53,2,2006-02-16 02:30:53
4711,2005-07-08 12:06:58,2327,563,2005-07-12 08:37:58,1,2006-02-16 02:30:53
4712,2005-07-08 12:10:50,2371,39,2005-07-17 14:54:50,2,2006-02-16 02:30:53
4713,2005-07-08 12:12:33,1399,207,2005-07-16 17:13:33,1,2006-02-16 02:30:53
4714,2005-07-08 12:12:48,1932,385,2005-07-17 08:43:48,2,2006-02-16 02:30:53
4715,2005-07-08 12:15:37,4010,276,2005-07-10 10:37:37,2,2006-02-16 02:30:53
4716,2005-07-08 12:18:51,1923,391,2005-07-11 11:06:51,2,2006-02-16 02:30:53
4717,2005-07-08 12:22:43,1491,453,2005-07-11 10:24:43,2,2006-02-16 02:30:53
4718,2005-07-08 12:32:08,1653,535,2005-07-17 17:34:08,2,2006-02-16 02:30:53
4719,2005-07-08 12:33:00,1315,556,2005-07-15 12:30:00,1,2006-02-16 02:30:53
4720,2005-07-08 12:34:34,2669,452,2005-07-09 10:28:34,1,2006-02-16 02:30:53
4721,2005-07-08 12:39:31,3105,234,2005-07-15 18:07:31,1,2006-02-16 02:30:53
4722,2005-07-08 12:42:27,3738,590,2005-07-09 09:14:27,2,2006-02-16 02:30:53
4723,2005-07-08 12:44:59,965,44,2005-07-17 07:22:59,2,2006-02-16 02:30:53
4724,2005-07-08 12:46:30,3375,18,2005-07-14 12:39:30,1,2006-02-16 02:30:53
4725,2005-07-08 12:47:11,2058,3,2005-07-15 09:08:11,2,2006-02-16 02:30:53
4726,2005-07-08 12:50:54,4369,144,2005-07-17 07:09:54,2,2006-02-16 02:30:53
4727,2005-07-08 12:54:15,1251,39,2005-07-17 14:32:15,2,2006-02-16 02:30:53
4728,2005-07-08 12:59:01,3687,462,2005-07-13 13:00:01,1,2006-02-16 02:30:53
4729,2005-07-08 12:59:40,1429,205,2005-07-10 13:35:40,2,2006-02-16 02:30:53
4730,2005-07-08 12:59:49,1619,126,2005-07-14 16:15:49,2,2006-02-16 02:30:53
4731,2005-07-08 13:08:18,4124,241,2005-07-09 13:16:18,2,2006-02-16 02:30:53
4732,2005-07-08 13:09:45,308,562,2005-07-14 10:10:45,1,2006-02-16 02:30:53
4733,2005-07-08 13:12:07,2230,93,2005-07-13 07:34:07,1,2006-02-16 02:30:53
4734,2005-07-08 13:12:12,1928,546,2005-07-10 09:01:12,2,2006-02-16 02:30:53
4735,2005-07-08 13:12:27,4324,381,2005-07-13 10:06:27,2,2006-02-16 02:30:53
4736,2005-07-08 13:22:55,3009,79,2005-07-17 07:27:55,1,2006-02-16 02:30:53
4737,2005-07-08 13:23:53,4286,116,2005-07-12 18:49:53,1,2006-02-16 02:30:53
4738,2005-07-08 13:24:58,2021,31,2005-07-17 17:44:58,2,2006-02-16 02:30:53
4739,2005-07-08 13:25:57,140,197,2005-07-11 17:36:57,1,2006-02-16 02:30:53
4740,2005-07-08 13:30:35,2559,379,2005-07-14 18:43:35,1,2006-02-16 02:30:53
4741,2005-07-08 13:31:23,516,260,2005-07-17 12:02:23,2,2006-02-16 02:30:53
4742,2005-07-08 13:35:23,3022,340,2005-07-11 10:24:23,2,2006-02-16 02:30:53
4743,2005-07-08 13:42:36,80,535,2005-07-11 18:54:36,2,2006-02-16 02:30:53
4744,2005-07-08 13:43:57,2948,507,2005-07-12 09:21:57,2,2006-02-16 02:30:53
4745,2005-07-08 13:45:09,1351,354,2005-07-12 18:54:09,1,2006-02-16 02:30:53
4746,2005-07-08 13:47:55,173,148,2005-07-11 09:06:55,2,2006-02-16 02:30:53
4747,2005-07-08 13:53:01,3942,383,2005-07-12 17:10:01,2,2006-02-16 02:30:53
4748,2005-07-08 13:59:38,4279,9,2005-07-15 16:51:38,1,2006-02-16 02:30:53
4749,2005-07-08 14:05:58,1190,236,2005-07-10 18:35:58,2,2006-02-16 02:30:53
4750,2005-07-08 14:07:03,3383,198,2005-07-13 18:05:03,1,2006-02-16 02:30:53
4751,2005-07-08 14:07:52,3469,436,2005-07-13 10:37:52,2,2006-02-16 02:30:53
4752,2005-07-08 14:15:20,3250,512,2005-07-12 13:22:20,1,2006-02-16 02:30:53
4753,2005-07-08 14:18:41,1642,391,2005-07-09 10:00:41,2,2006-02-16 02:30:53
4754,2005-07-08 14:20:01,3177,108,2005-07-11 11:50:01,1,2006-02-16 02:30:53
4755,2005-07-08 14:23:41,661,378,2005-07-10 19:35:41,1,2006-02-16 02:30:53
4756,2005-07-08 14:24:00,3068,351,2005-07-12 16:16:00,1,2006-02-16 02:30:53
4757,2005-07-08 14:36:51,1278,504,2005-07-12 15:28:51,1,2006-02-16 02:30:53
4758,2005-07-08 14:38:02,3698,288,2005-07-13 12:09:02,2,2006-02-16 02:30:53
4759,2005-07-08 14:39:22,3999,284,2005-07-17 15:02:22,2,2006-02-16 02:30:53
4760,2005-07-08 14:48:07,3718,177,2005-07-10 12:41:07,2,2006-02-16 02:30:53
4761,2005-07-08 14:51:45,3556,351,2005-07-14 20:28:45,1,2006-02-16 02:30:53
4762,2005-07-08 14:54:42,390,36,2005-07-12 18:08:42,1,2006-02-16 02:30:53
4763,2005-07-08 14:57:32,899,465,2005-07-15 10:00:32,2,2006-02-16 02:30:53
4764,2005-07-08 15:01:25,1188,89,2005-07-17 15:16:25,1,2006-02-16 02:30:53
4765,2005-07-08 15:08:45,469,437,2005-07-13 10:44:45,1,2006-02-16 02:30:53
4766,2005-07-08 15:16:04,1057,149,2005-07-15 11:04:04,2,2006-02-16 02:30:53
4767,2005-07-08 15:18:53,3744,350,2005-07-13 15:48:53,1,2006-02-16 02:30:53
4768,2005-07-08 15:28:20,2787,482,2005-07-09 11:46:20,1,2006-02-16 02:30:53
4769,2005-07-08 15:29:16,3462,501,2005-07-09 18:42:16,2,2006-02-16 02:30:53
4770,2005-07-08 15:29:46,2406,573,2005-07-14 13:31:46,1,2006-02-16 02:30:53
4771,2005-07-08 15:33:32,1060,32,2005-07-10 12:38:32,1,2006-02-16 02:30:53
4772,2005-07-08 15:41:11,2156,486,2005-07-17 15:25:11,1,2006-02-16 02:30:53
4773,2005-07-08 15:41:39,3025,519,2005-07-13 18:16:39,1,2006-02-16 02:30:53
4774,2005-07-08 15:42:28,673,489,2005-07-16 18:29:28,2,2006-02-16 02:30:53
4775,2005-07-08 15:44:05,4277,595,2005-07-11 20:39:05,2,2006-02-16 02:30:53
4776,2005-07-08 15:44:20,2598,563,2005-07-17 10:50:20,2,2006-02-16 02:30:53
4777,2005-07-08 15:48:34,449,102,2005-07-16 15:25:34,1,2006-02-16 02:30:53
4778,2005-07-08 15:51:51,611,78,2005-07-12 16:58:51,2,2006-02-16 02:30:53
4779,2005-07-08 15:53:41,1321,338,2005-07-15 20:30:41,1,2006-02-16 02:30:53
4780,2005-07-08 16:06:51,2740,115,2005-07-13 18:34:51,1,2006-02-16 02:30:53
4781,2005-07-08 16:06:55,1818,593,2005-07-16 11:22:55,2,2006-02-16 02:30:53
4782,2005-07-08 16:08:51,445,436,2005-07-17 17:56:51,1,2006-02-16 02:30:53
4783,2005-07-08 16:09:24,3952,214,2005-07-16 21:53:24,2,2006-02-16 02:30:53
4784,2005-07-08 16:09:56,549,182,2005-07-09 20:35:56,1,2006-02-16 02:30:53
4785,2005-07-08 16:10:19,58,474,2005-07-11 18:52:19,1,2006-02-16 02:30:53
4786,2005-07-08 16:13:05,2724,294,2005-07-16 15:29:05,1,2006-02-16 02:30:53
4787,2005-07-08 16:16:04,3929,7,2005-07-14 18:02:04,2,2006-02-16 02:30:53
4788,2005-07-08 16:17:35,691,533,2005-07-11 11:56:35,2,2006-02-16 02:30:53
4789,2005-07-08 16:22:01,20,73,2005-07-15 18:29:01,2,2006-02-16 02:30:53
4790,2005-07-08 16:25:27,100,500,2005-07-11 11:35:27,1,2006-02-16 02:30:53
4791,2005-07-08 16:27:24,2505,393,2005-07-14 21:50:24,2,2006-02-16 02:30:53
4792,2005-07-08 16:29:38,2132,147,2005-07-10 16:31:38,2,2006-02-16 02:30:53
4793,2005-07-08 16:30:01,3090,427,2005-07-15 17:56:01,1,2006-02-16 02:30:53
4794,2005-07-08 16:30:11,2497,451,2005-07-17 12:41:11,2,2006-02-16 02:30:53
4795,2005-07-08 16:32:54,3409,497,2005-07-09 14:15:54,1,2006-02-16 02:30:53
4796,2005-07-08 16:35:44,2484,9,2005-07-13 11:08:44,2,2006-02-16 02:30:53
4797,2005-07-08 16:39:05,1389,265,2005-07-09 11:41:05,1,2006-02-16 02:30:53
4798,2005-07-08 16:45:16,3874,212,2005-07-16 13:45:16,2,2006-02-16 02:30:53
4799,2005-07-08 16:49:27,4112,512,2005-07-12 19:58:27,2,2006-02-16 02:30:53
4800,2005-07-08 16:51:08,1940,99,2005-07-13 14:16:08,2,2006-02-16 02:30:53
4801,2005-07-08 16:51:36,761,431,2005-07-13 17:23:36,1,2006-02-16 02:30:53
4802,2005-07-08 16:55:17,22,562,2005-07-15 19:34:17,1,2006-02-16 02:30:53
4803,2005-07-08 16:56:34,1786,174,2005-07-14 20:16:34,1,2006-02-16 02:30:53
4804,2005-07-08 16:57:30,3756,269,2005-07-10 18:25:30,1,2006-02-16 02:30:53
4805,2005-07-08 16:59:12,377,453,2005-07-09 15:02:12,1,2006-02-16 02:30:53
4806,2005-07-08 17:01:02,214,506,2005-07-15 21:41:02,1,2006-02-16 02:30:53
4807,2005-07-08 17:01:48,4511,348,2005-07-16 22:33:48,2,2006-02-16 02:30:53
4808,2005-07-08 17:02:49,2544,563,2005-07-12 22:49:49,2,2006-02-16 02:30:53
4809,2005-07-08 17:03:22,4251,474,2005-07-17 22:39:22,1,2006-02-16 02:30:53
4810,2005-07-08 17:04:06,4056,209,2005-07-09 13:41:06,1,2006-02-16 02:30:53
4811,2005-07-08 17:04:24,4032,127,2005-07-12 16:41:24,2,2006-02-16 02:30:53
4812,2005-07-08 17:07:11,3281,304,2005-07-17 21:03:11,2,2006-02-16 02:30:53
4813,2005-07-08 17:09:56,2752,439,2005-07-09 22:29:56,1,2006-02-16 02:30:53
4814,2005-07-08 17:11:09,3497,244,2005-07-17 12:43:09,2,2006-02-16 02:30:53
4815,2005-07-08 17:12:51,840,581,2005-07-17 13:14:51,1,2006-02-16 02:30:53
4816,2005-07-08 17:14:14,2700,207,2005-07-11 15:03:14,1,2006-02-16 02:30:53
4817,2005-07-08 17:17:31,1608,145,2005-07-09 22:32:31,2,2006-02-16 02:30:53
4818,2005-07-08 17:18:22,115,144,2005-07-14 14:40:22,1,2006-02-16 02:30:53
4819,2005-07-08 17:19:15,1342,64,2005-07-16 14:32:15,1,2006-02-16 02:30:53
4820,2005-07-08 17:25:23,2672,172,2005-07-17 20:32:23,2,2006-02-16 02:30:53
4821,2005-07-08 17:28:08,1690,172,2005-07-11 17:44:08,1,2006-02-16 02:30:53
4822,2005-07-08 17:28:47,3970,185,2005-07-14 13:06:47,1,2006-02-16 02:30:53
4823,2005-07-08 17:28:54,155,206,2005-07-11 23:10:54,1,2006-02-16 02:30:53
4824,2005-07-08 17:37:39,1855,225,2005-07-16 18:27:39,1,2006-02-16 02:30:53
4825,2005-07-08 17:43:01,2419,563,2005-07-11 20:58:01,1,2006-02-16 02:30:53
4826,2005-07-08 17:44:25,911,180,2005-07-16 20:14:25,2,2006-02-16 02:30:53
4827,2005-07-08 17:46:30,4455,110,2005-07-11 14:12:30,2,2006-02-16 02:30:53
4828,2005-07-08 17:52:29,1100,92,2005-07-11 14:35:29,1,2006-02-16 02:30:53
4829,2005-07-08 17:54:18,2661,133,2005-07-11 23:41:18,1,2006-02-16 02:30:53
4830,2005-07-08 17:56:23,1150,359,2005-07-17 21:40:23,2,2006-02-16 02:30:53
4831,2005-07-08 18:00:14,2739,243,2005-07-12 15:54:14,2,2006-02-16 02:30:53
4832,2005-07-08 18:07:05,1838,509,2005-07-10 19:37:05,2,2006-02-16 02:30:53
4833,2005-07-08 18:07:35,2921,581,2005-07-13 15:29:35,2,2006-02-16 02:30:53
4834,2005-07-08 18:07:45,1288,301,2005-07-14 15:27:45,1,2006-02-16 02:30:53
4835,2005-07-08 18:08:13,2499,95,2005-07-17 16:51:13,2,2006-02-16 02:30:53
4836,2005-07-08 18:09:08,2756,311,2005-07-15 20:19:08,1,2006-02-16 02:30:53
4837,2005-07-08 18:09:12,1944,149,2005-07-11 16:40:12,1,2006-02-16 02:30:53
4838,2005-07-08 18:11:00,3733,84,2005-07-17 12:57:00,2,2006-02-16 02:30:53
4839,2005-07-08 18:13:10,1810,556,2005-07-15 12:49:10,1,2006-02-16 02:30:53
4840,2005-07-08 18:18:16,1670,119,2005-07-16 14:59:16,1,2006-02-16 02:30:53
4841,2005-07-08 18:18:23,518,248,2005-07-11 16:51:23,2,2006-02-16 02:30:53
4842,2005-07-08 18:21:30,1438,160,2005-07-10 22:25:30,2,2006-02-16 02:30:53
4843,2005-07-08 18:27:28,3640,45,2005-07-15 00:26:28,2,2006-02-16 02:30:53
4844,2005-07-08 18:28:13,4057,237,2005-07-09 21:17:13,2,2006-02-16 02:30:53
4845,2005-07-08 18:28:20,2337,553,2005-07-09 14:38:20,2,2006-02-16 02:30:53
4846,2005-07-08 18:29:05,417,556,2005-07-10 22:33:05,2,2006-02-16 02:30:53
4847,2005-07-08 18:29:13,3397,544,2005-07-15 18:12:13,2,2006-02-16 02:30:53
4848,2005-07-08 18:30:16,2962,251,2005-07-12 19:53:16,2,2006-02-16 02:30:53
4849,2005-07-08 18:34:34,4323,146,2005-07-14 20:27:34,2,2006-02-16 02:30:53
4850,2005-07-08 18:39:31,3039,154,2005-07-13 00:18:31,2,2006-02-16 02:30:53
4851,2005-07-08 18:40:05,134,557,2005-07-12 21:46:05,1,2006-02-16 02:30:53
4852,2005-07-08 18:43:15,3545,418,2005-07-15 18:48:15,2,2006-02-16 02:30:53
4853,2005-07-08 18:43:18,1454,23,2005-07-12 14:28:18,2,2006-02-16 02:30:53
4854,2005-07-08 18:44:44,3644,487,2005-07-13 13:37:44,1,2006-02-16 02:30:53
4855,2005-07-08 18:45:50,1146,337,2005-07-11 18:23:50,2,2006-02-16 02:30:53
4856,2005-07-08 18:47:38,2441,7,2005-07-13 15:02:38,2,2006-02-16 02:30:53
4857,2005-07-08 18:52:07,2069,211,2005-07-11 22:06:07,1,2006-02-16 02:30:53
4858,2005-07-08 18:53:24,3424,447,2005-07-17 20:32:24,2,2006-02-16 02:30:53
4859,2005-07-08 18:54:04,1939,369,2005-07-13 13:04:04,1,2006-02-16 02:30:53
4860,2005-07-08 18:54:07,428,123,2005-07-17 15:09:07,2,2006-02-16 02:30:53
4861,2005-07-08 18:57:30,2984,455,2005-07-16 15:12:30,2,2006-02-16 02:30:53
4862,2005-07-08 19:02:46,293,291,2005-07-17 20:17:46,1,2006-02-16 02:30:53
4863,2005-07-08 19:03:15,1,431,2005-07-11 21:29:15,2,2006-02-16 02:30:53
4864,2005-07-08 19:05:34,2974,281,2005-07-17 15:05:34,2,2006-02-16 02:30:53
4865,2005-07-08 19:09:04,1614,418,2005-07-13 21:25:04,2,2006-02-16 02:30:53
4866,2005-07-08 19:09:59,4036,278,2005-07-15 00:51:59,2,2006-02-16 02:30:53
4867,2005-07-08 19:10:52,4090,593,2005-07-09 21:43:52,2,2006-02-16 02:30:53
4868,2005-07-08 19:13:50,1157,307,2005-07-14 20:59:50,2,2006-02-16 02:30:53
4869,2005-07-08 19:14:05,2860,376,2005-07-15 22:27:05,1,2006-02-16 02:30:53
4870,2005-07-08 19:14:45,3089,260,2005-07-12 18:58:45,2,2006-02-16 02:30:53
4871,2005-07-08 19:19:52,2509,210,2005-07-13 20:27:52,2,2006-02-16 02:30:53
4872,2005-07-08 19:23:16,1836,103,2005-07-10 14:17:16,2,2006-02-16 02:30:53
4873,2005-07-08 19:23:32,4500,473,2005-07-11 15:24:32,1,2006-02-16 02:30:53
4874,2005-07-08 19:23:38,2386,223,2005-07-13 14:39:38,2,2006-02-16 02:30:53
4875,2005-07-08 19:24:17,843,555,2005-07-11 19:15:17,2,2006-02-16 02:30:53
4876,2005-07-08 19:27:50,1959,283,2005-07-14 15:42:50,1,2006-02-16 02:30:53
4877,2005-07-08 19:31:02,1846,287,2005-07-15 19:05:02,1,2006-02-16 02:30:53
4878,2005-07-08 19:33:49,4009,172,2005-07-17 17:47:49,1,2006-02-16 02:30:53
4879,2005-07-08 19:34:55,1406,196,2005-07-09 15:53:55,1,2006-02-16 02:30:53
4880,2005-07-08 19:36:17,4178,269,2005-07-13 00:01:17,1,2006-02-16 02:30:53
4881,2005-07-08 19:40:34,4346,349,2005-07-09 17:08:34,2,2006-02-16 02:30:53
4882,2005-07-08 19:42:03,4540,184,2005-07-16 22:24:03,1,2006-02-16 02:30:53
4883,2005-07-08 19:46:58,1366,563,2005-07-10 15:48:58,1,2006-02-16 02:30:53
4884,2005-07-08 19:49:17,3543,425,2005-07-15 23:14:17,2,2006-02-16 02:30:53
4885,2005-07-08 19:51:17,442,233,2005-07-12 16:02:17,2,2006-02-16 02:30:53
4886,2005-07-08 19:53:22,3393,474,2005-07-09 17:05:22,1,2006-02-16 02:30:53
4887,2005-07-08 19:59:14,3613,543,2005-07-15 22:53:14,1,2006-02-16 02:30:53
4888,2005-07-08 20:04:27,1220,527,2005-07-10 14:53:27,2,2006-02-16 02:30:53
4889,2005-07-08 20:04:43,4463,5,2005-07-13 17:57:43,2,2006-02-16 02:30:53
4890,2005-07-08 20:05:38,3576,574,2005-07-14 14:55:38,2,2006-02-16 02:30:53
4891,2005-07-08 20:06:19,1787,59,2005-07-16 18:52:19,1,2006-02-16 02:30:53
4892,2005-07-08 20:06:25,3566,193,2005-07-14 20:04:25,1,2006-02-16 02:30:53
4893,2005-07-08 20:19:55,2060,210,2005-07-15 21:28:55,2,2006-02-16 02:30:53
4894,2005-07-08 20:21:31,1028,286,2005-07-11 01:59:31,1,2006-02-16 02:30:53
4895,2005-07-08 20:22:05,2620,242,2005-07-12 20:49:05,1,2006-02-16 02:30:53
4896,2005-07-08 20:23:15,3006,129,2005-07-10 15:38:15,1,2006-02-16 02:30:53
4897,2005-07-08 20:25:11,2950,258,2005-07-09 17:16:11,1,2006-02-16 02:30:53
4898,2005-07-08 20:31:43,3212,218,2005-07-15 15:58:43,2,2006-02-16 02:30:53
4899,2005-07-08 20:37:11,414,32,2005-07-10 21:53:11,1,2006-02-16 02:30:53
4900,2005-07-08 20:38:06,3487,426,2005-07-09 22:45:06,2,2006-02-16 02:30:53
4901,2005-07-08 20:44:51,2187,507,2005-07-10 01:04:51,1,2006-02-16 02:30:53
4902,2005-07-08 20:49:30,2238,554,2005-07-13 16:54:30,2,2006-02-16 02:30:53
4903,2005-07-08 20:50:05,1769,132,2005-07-13 15:27:05,1,2006-02-16 02:30:53
4904,2005-07-08 20:53:27,2051,173,2005-07-18 01:16:27,1,2006-02-16 02:30:53
4905,2005-07-08 20:56:00,4101,246,2005-07-12 00:19:00,2,2006-02-16 02:30:53
4906,2005-07-08 20:59:13,1527,490,2005-07-15 01:12:13,2,2006-02-16 02:30:53
4907,2005-07-08 21:01:41,1206,209,2005-07-13 02:23:41,2,2006-02-16 02:30:53
4908,2005-07-08 21:05:44,1963,160,2005-07-17 21:33:44,2,2006-02-16 02:30:53
4909,2005-07-08 21:07:24,1451,228,2005-07-10 22:34:24,1,2006-02-16 02:30:53
4910,2005-07-08 21:13:56,3675,219,2005-07-18 02:39:56,2,2006-02-16 02:30:53
4911,2005-07-08 21:20:26,4479,66,2005-07-15 03:11:26,1,2006-02-16 02:30:53
4912,2005-07-08 21:26:11,2012,275,2005-07-18 02:19:11,1,2006-02-16 02:30:53
4913,2005-07-08 21:27:48,982,368,2005-07-18 02:51:48,1,2006-02-16 02:30:53
4914,2005-07-08 21:30:53,298,535,2005-07-17 01:29:53,1,2006-02-16 02:30:53
4915,2005-07-08 21:31:22,2772,178,2005-07-13 16:45:22,2,2006-02-16 02:30:53
4916,2005-07-08 21:32:17,2680,212,2005-07-14 20:55:17,2,2006-02-16 02:30:53
4917,2005-07-08 21:32:30,3231,104,2005-07-09 15:34:30,1,2006-02-16 02:30:53
4918,2005-07-08 21:37:31,3819,220,2005-07-11 20:16:31,2,2006-02-16 02:30:53
4919,2005-07-08 21:41:54,2106,157,2005-07-11 23:14:54,1,2006-02-16 02:30:53
4920,2005-07-08 21:42:10,4285,239,2005-07-15 03:08:10,1,2006-02-16 02:30:53
4921,2005-07-08 21:43:21,425,109,2005-07-10 16:06:21,2,2006-02-16 02:30:53
4922,2005-07-08 21:44:00,2928,577,2005-07-10 02:58:00,2,2006-02-16 02:30:53
4923,2005-07-08 21:44:39,932,18,2005-07-17 15:50:39,2,2006-02-16 02:30:53
4924,2005-07-08 21:55:25,4344,180,2005-07-16 16:52:25,1,2006-02-16 02:30:53
4925,2005-07-08 21:56:00,2169,68,2005-07-14 17:17:00,2,2006-02-16 02:30:53
4926,2005-07-08 22:01:48,4155,415,2005-07-18 03:27:48,1,2006-02-16 02:30:53
4927,2005-07-08 22:05:35,2566,136,2005-07-14 23:22:35,2,2006-02-16 02:30:53
4928,2005-07-08 22:05:41,4363,77,2005-07-09 23:09:41,2,2006-02-16 02:30:53
4929,2005-07-08 22:06:18,734,297,2005-07-17 18:17:18,2,2006-02-16 02:30:53
4930,2005-07-08 22:15:48,2057,451,2005-07-15 21:02:48,2,2006-02-16 02:30:53
4931,2005-07-08 22:16:18,2750,284,2005-07-17 03:42:18,1,2006-02-16 02:30:53
4932,2005-07-08 22:17:40,4237,558,2005-07-15 22:13:40,2,2006-02-16 02:30:53
4933,2005-07-08 22:18:29,322,579,2005-07-13 03:47:29,2,2006-02-16 02:30:53
4934,2005-07-08 22:18:42,1744,517,2005-07-10 20:44:42,2,2006-02-16 02:30:53
4935,2005-07-08 22:20:56,2708,230,2005-07-12 01:01:56,2,2006-02-16 02:30:53
4936,2005-07-08 22:24:50,2033,298,2005-07-15 03:14:50,2,2006-02-16 02:30:53
4937,2005-07-08 22:29:59,33,273,2005-07-15 21:51:59,2,2006-02-16 02:30:53
4938,2005-07-08 22:32:53,2164,418,2005-07-14 16:48:53,2,2006-02-16 02:30:53
4939,2005-07-08 22:35:30,3201,425,2005-07-17 22:05:30,1,2006-02-16 02:30:53
4940,2005-07-08 22:36:06,971,215,2005-07-15 04:28:06,1,2006-02-16 02:30:53
4941,2005-07-08 22:39:10,3816,553,2005-07-15 17:49:10,2,2006-02-16 02:30:53
4942,2005-07-08 22:42:47,4467,120,2005-07-15 04:36:47,2,2006-02-16 02:30:53
4943,2005-07-08 22:43:05,2732,11,2005-07-15 18:17:05,2,2006-02-16 02:30:53
4944,2005-07-08 22:44:28,3648,293,2005-07-17 21:51:28,2,2006-02-16 02:30:53
4945,2005-07-08 22:45:02,2079,165,2005-07-11 23:59:02,2,2006-02-16 02:30:53
4946,2005-07-08 22:46:23,272,440,2005-07-16 17:19:23,1,2006-02-16 02:30:53
4947,2005-07-08 22:49:37,3905,388,2005-07-17 21:03:37,1,2006-02-16 02:30:53
4948,2005-07-08 22:54:21,2972,518,2005-07-17 03:52:21,2,2006-02-16 02:30:53
4949,2005-07-08 22:57:10,1184,567,2005-07-11 01:26:10,2,2006-02-16 02:30:53
4950,2005-07-08 22:58:07,3291,148,2005-07-09 20:41:07,2,2006-02-16 02:30:53
4951,2005-07-08 22:58:21,2766,28,2005-07-16 18:58:21,1,2006-02-16 02:30:53
4952,2005-07-08 23:00:07,459,14,2005-07-09 21:47:07,1,2006-02-16 02:30:53
4953,2005-07-08 23:09:48,2460,168,2005-07-11 02:08:48,2,2006-02-16 02:30:53
4954,2005-07-08 23:14:16,627,99,2005-07-14 23:23:16,2,2006-02-16 02:30:53
4955,2005-07-08 23:16:21,1103,225,2005-07-14 02:09:21,2,2006-02-16 02:30:53
4956,2005-07-08 23:17:10,1512,477,2005-07-18 00:14:10,1,2006-02-16 02:30:53
4957,2005-07-08 23:18:48,4082,399,2005-07-09 23:13:48,1,2006-02-16 02:30:53
4958,2005-07-08 23:19:52,2354,346,2005-07-17 20:31:52,1,2006-02-16 02:30:53
4959,2005-07-08 23:22:23,3898,236,2005-07-10 03:17:23,2,2006-02-16 02:30:53
4960,2005-07-08 23:27:16,2176,434,2005-07-18 02:01:16,1,2006-02-16 02:30:53
4961,2005-07-08 23:35:53,3668,96,2005-07-14 22:46:53,2,2006-02-16 02:30:53
4962,2005-07-08 23:36:13,4399,532,2005-07-15 03:39:13,1,2006-02-16 02:30:53
4963,2005-07-08 23:38:40,737,404,2005-07-12 05:33:40,2,2006-02-16 02:30:53
4964,2005-07-08 23:46:38,1033,455,2005-07-09 22:19:38,2,2006-02-16 02:30:53
4965,2005-07-08 23:46:57,535,432,2005-07-15 18:47:57,1,2006-02-16 02:30:53
4966,2005-07-08 23:47:25,4360,118,2005-07-14 03:35:25,1,2006-02-16 02:30:53
4967,2005-07-08 23:48:03,108,339,2005-07-15 23:51:03,2,2006-02-16 02:30:53
4968,2005-07-08 23:49:19,3204,390,2005-07-14 02:46:19,1,2006-02-16 02:30:53
4969,2005-07-08 23:51:26,4563,231,2005-07-12 03:21:26,2,2006-02-16 02:30:53
4970,2005-07-08 23:54:29,2983,100,2005-07-16 22:47:29,1,2006-02-16 02:30:53
4971,2005-07-08 23:54:49,460,64,2005-07-16 00:15:49,1,2006-02-16 02:30:53
4972,2005-07-08 23:56:09,2451,498,2005-07-16 19:15:09,1,2006-02-16 02:30:53
4973,2005-07-08 23:58:18,391,432,2005-07-14 21:42:18,1,2006-02-16 02:30:53
4974,2005-07-09 00:00:36,1071,152,2005-07-13 21:03:36,1,2006-02-16 02:30:53
4975,2005-07-09 00:02:46,3730,101,2005-07-14 18:05:46,2,2006-02-16 02:30:53
4976,2005-07-09 00:03:30,617,199,2005-07-10 19:05:30,1,2006-02-16 02:30:53
4977,2005-07-09 00:15:50,3310,584,2005-07-10 00:34:50,2,2006-02-16 02:30:53
4978,2005-07-09 00:22:02,2578,279,2005-07-18 04:37:02,1,2006-02-16 02:30:53
4979,2005-07-09 00:24:34,3447,204,2005-07-12 20:04:34,1,2006-02-16 02:30:53
4980,2005-07-09 00:26:59,2638,100,2005-07-14 19:42:59,1,2006-02-16 02:30:53
4981,2005-07-09 00:29:29,3363,399,2005-07-16 19:06:29,2,2006-02-16 02:30:53
4982,2005-07-09 00:30:52,249,162,2005-07-15 23:50:52,1,2006-02-16 02:30:53
4983,2005-07-09 00:34:16,1469,81,2005-07-17 03:21:16,2,2006-02-16 02:30:53
4984,2005-07-09 00:35:31,1303,214,2005-07-17 03:44:31,1,2006-02-16 02:30:53
4985,2005-07-09 00:36:02,2146,208,2005-07-14 04:06:02,2,2006-02-16 02:30:53
4986,2005-07-09 00:44:33,3517,589,2005-07-09 19:45:33,2,2006-02-16 02:30:53
4987,2005-07-09 00:45:41,996,277,2005-07-14 03:32:41,2,2006-02-16 02:30:53
4988,2005-07-09 00:46:14,2718,433,2005-07-16 01:45:14,2,2006-02-16 02:30:53
4989,2005-07-09 00:46:56,3326,210,2005-07-17 06:24:56,1,2006-02-16 02:30:53
4990,2005-07-09 00:48:49,3305,35,2005-07-10 06:36:49,2,2006-02-16 02:30:53
4991,2005-07-09 00:49:03,1856,540,2005-07-13 05:02:03,1,2006-02-16 02:30:53
4992,2005-07-09 00:49:37,2081,315,2005-07-16 02:05:37,1,2006-02-16 02:30:53
4993,2005-07-09 00:49:47,1740,517,2005-07-11 21:19:47,1,2006-02-16 02:30:53
4994,2005-07-09 00:54:13,2546,246,2005-07-09 21:02:13,1,2006-02-16 02:30:53
4995,2005-07-09 00:57:46,2063,247,2005-07-13 03:32:46,1,2006-02-16 02:30:53
4996,2005-07-09 00:59:46,4440,129,2005-07-16 01:30:46,2,2006-02-16 02:30:53
4997,2005-07-09 01:06:03,186,102,2005-07-18 04:21:03,2,2006-02-16 02:30:53
4998,2005-07-09 01:07:21,202,534,2005-07-10 05:48:21,2,2006-02-16 02:30:53
4999,2005-07-09 01:12:57,1797,196,2005-07-17 00:12:57,1,2006-02-16 02:30:53
5000,2005-07-09 01:16:13,668,146,2005-07-14 21:55:13,1,2006-02-16 02:30:53
5001,2005-07-09 01:17:04,2025,40,2005-07-16 03:25:04,2,2006-02-16 02:30:53
5002,2005-07-09 01:17:08,2388,430,2005-07-15 21:53:08,1,2006-02-16 02:30:53
5003,2005-07-09 01:19:03,3438,569,2005-07-10 04:28:03,2,2006-02-16 02:30:53
5004,2005-07-09 01:20:50,2637,382,2005-07-09 19:56:50,1,2006-02-16 02:30:53
5005,2005-07-09 01:21:44,3034,451,2005-07-14 20:27:44,1,2006-02-16 02:30:53
5006,2005-07-09 01:24:07,1277,486,2005-07-18 03:56:07,1,2006-02-16 02:30:53
5007,2005-07-09 01:26:22,3079,207,2005-07-12 20:48:22,1,2006-02-16 02:30:53
5008,2005-07-09 01:31:42,824,509,2005-07-11 22:34:42,2,2006-02-16 02:30:53
5009,2005-07-09 01:32:17,1539,102,2005-07-18 03:39:17,2,2006-02-16 02:30:53
5010,2005-07-09 01:33:23,1999,574,2005-07-14 04:00:23,2,2006-02-16 02:30:53
5011,2005-07-09 01:44:40,463,249,2005-07-11 00:58:40,2,2006-02-16 02:30:53
5012,2005-07-09 01:45:04,1456,251,2005-07-12 02:13:04,1,2006-02-16 02:30:53
5013,2005-07-09 01:46:45,3000,35,2005-07-16 06:57:45,1,2006-02-16 02:30:53
5014,2005-07-09 01:51:49,4095,334,2005-07-10 04:48:49,1,2006-02-16 02:30:53
5015,2005-07-09 01:54:24,1564,178,2005-07-12 20:07:24,1,2006-02-16 02:30:53
5016,2005-07-09 01:57:57,1871,5,2005-07-09 22:07:57,1,2006-02-16 02:30:53
5017,2005-07-09 02:00:16,3745,241,2005-07-14 06:28:16,1,2006-02-16 02:30:53
5018,2005-07-09 02:01:05,2317,541,2005-07-10 04:09:05,1,2006-02-16 02:30:53
5019,2005-07-09 02:04:32,3534,295,2005-07-15 07:01:32,2,2006-02-16 02:30:53
5020,2005-07-09 02:07:56,4113,565,2005-07-09 23:59:56,1,2006-02-16 02:30:53
5021,2005-07-09 02:09:41,3445,73,2005-07-13 05:47:41,1,2006-02-16 02:30:53
5022,2005-07-09 02:10:54,928,499,2005-07-17 08:07:54,2,2006-02-16 02:30:53
5023,2005-07-09 02:23:16,3206,358,2005-07-15 20:37:16,1,2006-02-16 02:30:53
5024,2005-07-09 02:25:12,2987,335,2005-07-12 03:15:12,1,2006-02-16 02:30:53
5025,2005-07-09 02:28:24,153,91,2005-07-12 04:43:24,2,2006-02-16 02:30:53
5026,2005-07-09 02:32:34,989,463,2005-07-13 04:39:34,2,2006-02-16 02:30:53
5027,2005-07-09 02:32:37,2179,109,2005-07-16 23:13:37,1,2006-02-16 02:30:53
5028,2005-07-09 02:34:45,4531,30,2005-07-14 20:45:45,2,2006-02-16 02:30:53
5029,2005-07-09 02:35:32,3938,265,2005-07-17 22:46:32,1,2006-02-16 02:30:53
5030,2005-07-09 02:35:43,25,497,2005-07-17 02:05:43,1,2006-02-16 02:30:53
5031,2005-07-09 02:36:37,4224,312,2005-07-14 03:09:37,2,2006-02-16 02:30:53
5032,2005-07-09 02:39:47,2257,333,2005-07-10 07:45:47,1,2006-02-16 02:30:53
5033,2005-07-09 02:42:01,2841,299,2005-07-14 00:29:01,1,2006-02-16 02:30:53
5034,2005-07-09 02:48:15,340,148,2005-07-11 23:13:15,2,2006-02-16 02:30:53
5035,2005-07-09 02:51:34,3699,99,2005-07-16 21:38:34,1,2006-02-16 02:30:53
5036,2005-07-09 02:58:41,75,573,2005-07-17 04:09:41,1,2006-02-16 02:30:53
5037,2005-07-09 02:59:10,435,524,2005-07-15 07:54:10,2,2006-02-16 02:30:53
5038,2005-07-09 03:12:52,3086,10,2005-07-17 22:27:52,2,2006-02-16 02:30:53
5039,2005-07-09 03:14:45,2020,268,2005-07-16 06:57:45,2,2006-02-16 02:30:53
5040,2005-07-09 03:16:34,2479,405,2005-07-17 01:13:34,2,2006-02-16 02:30:53
5041,2005-07-09 03:18:51,2711,305,2005-07-13 03:08:51,1,2006-02-16 02:30:53
5042,2005-07-09 03:20:30,3609,254,2005-07-15 07:22:30,1,2006-02-16 02:30:53
5043,2005-07-09 03:25:18,2979,369,2005-07-13 00:57:18,2,2006-02-16 02:30:53
5044,2005-07-09 03:30:25,1625,147,2005-07-11 02:32:25,2,2006-02-16 02:30:53
5045,2005-07-09 03:33:32,1041,230,2005-07-18 06:15:32,1,2006-02-16 02:30:53
5046,2005-07-09 03:34:57,1639,227,2005-07-17 22:36:57,2,2006-02-16 02:30:53
5047,2005-07-09 03:44:15,230,272,2005-07-15 09:07:15,2,2006-02-16 02:30:53
5048,2005-07-09 03:46:33,1271,466,2005-07-15 01:14:33,1,2006-02-16 02:30:53
5049,2005-07-09 03:54:12,3336,144,2005-07-11 22:39:12,2,2006-02-16 02:30:53
5050,2005-07-09 03:54:38,3876,337,2005-07-10 02:23:38,2,2006-02-16 02:30:53
5051,2005-07-09 03:57:53,4091,85,2005-07-16 08:22:53,2,2006-02-16 02:30:53
5052,2005-07-09 03:59:43,1884,305,2005-07-12 05:48:43,1,2006-02-16 02:30:53
5053,2005-07-09 03:59:46,570,295,2005-07-09 23:53:46,2,2006-02-16 02:30:53
5054,2005-07-09 04:01:02,4001,135,2005-07-18 05:16:02,2,2006-02-16 02:30:53
5055,2005-07-09 04:05:28,751,54,2005-07-14 04:26:28,2,2006-02-16 02:30:53
5056,2005-07-09 04:13:45,2599,526,2005-07-10 06:17:45,2,2006-02-16 02:30:53
5057,2005-07-09 04:20:29,1076,178,2005-07-14 23:59:29,1,2006-02-16 02:30:53
5058,2005-07-09 04:20:35,917,221,2005-07-18 08:09:35,2,2006-02-16 02:30:53
5059,2005-07-09 04:28:01,3951,396,2005-07-15 22:57:01,1,2006-02-16 02:30:53
5060,2005-07-09 04:28:03,4317,57,2005-07-12 07:41:03,2,2006-02-16 02:30:53
5061,2005-07-09 04:30:50,3893,230,2005-07-12 03:24:50,1,2006-02-16 02:30:53
5062,2005-07-09 04:36:49,2190,141,2005-07-10 06:26:49,1,2006-02-16 02:30:53
5063,2005-07-09 04:37:31,1027,133,2005-07-13 09:56:31,2,2006-02-16 02:30:53
5064,2005-07-09 04:38:51,373,512,2005-07-18 00:33:51,2,2006-02-16 02:30:53
5065,2005-07-09 04:42:00,1788,599,2005-07-12 08:55:00,1,2006-02-16 02:30:53
5066,2005-07-09 04:48:50,1702,169,2005-07-12 22:54:50,2,2006-02-16 02:30:53
5067,2005-07-09 04:52:35,1480,225,2005-07-11 23:33:35,2,2006-02-16 02:30:53
5068,2005-07-09 04:53:18,2937,10,2005-07-13 09:21:18,1,2006-02-16 02:30:53
5069,2005-07-09 04:56:30,4417,183,2005-07-13 23:53:30,2,2006-02-16 02:30:53
5070,2005-07-09 04:58:26,2305,407,2005-07-09 23:00:26,2,2006-02-16 02:30:53
5071,2005-07-09 05:00:39,4358,12,2005-07-09 23:08:39,1,2006-02-16 02:30:53
5072,2005-07-09 05:01:58,94,254,2005-07-18 08:17:58,2,2006-02-16 02:30:53
5073,2005-07-09 05:02:35,546,408,2005-07-15 01:22:35,2,2006-02-16 02:30:53
5074,2005-07-09 05:06:24,1379,12,2005-07-12 04:37:24,1,2006-02-16 02:30:53
5075,2005-07-09 05:12:07,903,170,2005-07-12 08:29:07,1,2006-02-16 02:30:53
5076,2005-07-09 05:13:22,4388,574,2005-07-16 09:11:22,1,2006-02-16 02:30:53
5077,2005-07-09 05:18:01,686,574,2005-07-17 10:39:01,2,2006-02-16 02:30:53
5078,2005-07-09 05:20:24,1994,78,2005-07-13 06:41:24,2,2006-02-16 02:30:53
5079,2005-07-09 05:20:40,3948,566,2005-07-17 00:06:40,1,2006-02-16 02:30:53
5080,2005-07-09 05:23:55,635,254,2005-07-11 05:56:55,2,2006-02-16 02:30:53
5081,2005-07-09 05:25:20,1953,420,2005-07-13 23:45:20,1,2006-02-16 02:30:53
5082,2005-07-09 05:28:38,1584,470,2005-07-10 02:46:38,2,2006-02-16 02:30:53
5083,2005-07-09 05:30:32,148,494,2005-07-11 02:20:32,1,2006-02-16 02:30:53
5084,2005-07-09 05:33:27,3113,87,2005-07-17 08:54:27,2,2006-02-16 02:30:53
5085,2005-07-09 05:36:49,4164,437,2005-07-13 09:26:49,1,2006-02-16 02:30:53
5086,2005-07-09 05:40:04,3072,539,2005-07-16 07:51:04,1,2006-02-16 02:30:53
5087,2005-07-09 05:44:28,3716,395,2005-07-10 02:25:28,2,2006-02-16 02:30:53
5088,2005-07-09 05:45:16,3324,454,2005-07-15 00:41:16,2,2006-02-16 02:30:53
5089,2005-07-09 05:45:40,451,289,2005-07-15 05:31:40,1,2006-02-16 02:30:53
5090,2005-07-09 05:48:22,1728,296,2005-07-11 06:50:22,2,2006-02-16 02:30:53
5091,2005-07-09 05:52:54,4572,149,2005-07-10 02:49:54,1,2006-02-16 02:30:53
5092,2005-07-09 05:57:39,3256,139,2005-07-12 00:45:39,2,2006-02-16 02:30:53
5093,2005-07-09 05:59:12,2734,597,2005-07-10 11:45:12,2,2006-02-16 02:30:53
5094,2005-07-09 05:59:47,4451,178,2005-07-18 05:34:47,2,2006-02-16 02:30:53
5095,2005-07-09 06:08:22,2788,292,2005-07-11 10:52:22,1,2006-02-16 02:30:53
5096,2005-07-09 06:08:23,490,231,2005-07-14 11:36:23,1,2006-02-16 02:30:53
5097,2005-07-09 06:09:51,3252,343,2005-07-10 03:55:51,2,2006-02-16 02:30:53
5098,2005-07-09 06:13:54,1772,406,2005-07-10 04:27:54,1,2006-02-16 02:30:53
5099,2005-07-09 06:14:30,768,393,2005-07-12 08:23:30,2,2006-02-16 02:30:53
5100,2005-07-09 06:16:03,3193,101,2005-07-10 10:21:03,1,2006-02-16 02:30:53
5101,2005-07-09 06:21:29,2737,154,2005-07-11 02:58:29,1,2006-02-16 02:30:53
5102,2005-07-09 06:25:48,242,316,2005-07-16 11:32:48,2,2006-02-16 02:30:53
5103,2005-07-09 06:34:40,2390,397,2005-07-10 03:44:40,2,2006-02-16 02:30:53
5104,2005-07-09 06:37:07,2109,14,2005-07-14 12:32:07,1,2006-02-16 02:30:53
5105,2005-07-09 06:38:59,2555,290,2005-07-17 03:06:59,2,2006-02-16 02:30:53
5106,2005-07-09 06:40:24,110,137,2005-07-13 10:28:24,1,2006-02-16 02:30:53
5107,2005-07-09 06:42:32,1697,21,2005-07-10 08:21:32,2,2006-02-16 02:30:53
5108,2005-07-09 06:44:30,4229,30,2005-07-17 04:24:30,1,2006-02-16 02:30:53
5109,2005-07-09 06:48:49,2373,102,2005-07-14 01:17:49,1,2006-02-16 02:30:53
5110,2005-07-09 06:57:25,195,200,2005-07-12 05:39:25,2,2006-02-16 02:30:53
5111,2005-07-09 07:02:19,2875,12,2005-07-10 06:27:19,2,2006-02-16 02:30:53
5112,2005-07-09 07:04:04,3529,285,2005-07-13 08:42:04,1,2006-02-16 02:30:53
5113,2005-07-09 07:06:18,3618,282,2005-07-13 07:10:18,2,2006-02-16 02:30:53
5114,2005-07-09 07:07:05,3734,64,2005-07-15 03:06:05,1,2006-02-16 02:30:53
5115,2005-07-09 07:07:18,2296,212,2005-07-16 03:28:18,2,2006-02-16 02:30:53
5116,2005-07-09 07:10:12,2491,332,2005-07-14 09:16:12,2,2006-02-16 02:30:53
5117,2005-07-09 07:11:22,2284,208,2005-07-15 08:44:22,1,2006-02-16 02:30:53
5118,2005-07-09 07:13:52,957,5,2005-07-18 05:18:52,2,2006-02-16 02:30:53
5119,2005-07-09 07:14:18,2996,301,2005-07-18 04:07:18,1,2006-02-16 02:30:53
5120,2005-07-09 07:14:23,4431,373,2005-07-14 04:00:23,2,2006-02-16 02:30:53
5121,2005-07-09 07:18:31,3321,526,2005-07-15 01:48:31,1,2006-02-16 02:30:53
5122,2005-07-09 07:19:35,1423,261,2005-07-16 03:04:35,2,2006-02-16 02:30:53
5123,2005-07-09 07:20:30,4278,219,2005-07-14 05:24:30,1,2006-02-16 02:30:53
5124,2005-07-09 07:25:19,1857,565,2005-07-15 01:51:19,1,2006-02-16 02:30:53
5125,2005-07-09 07:25:28,990,263,2005-07-12 12:34:28,1,2006-02-16 02:30:53
5126,2005-07-09 07:25:35,3312,315,2005-07-18 05:05:35,1,2006-02-16 02:30:53
5127,2005-07-09 07:25:47,3649,129,2005-07-13 11:44:47,2,2006-02-16 02:30:53
5128,2005-07-09 07:25:54,3757,155,2005-07-16 04:04:54,2,2006-02-16 02:30:53
5129,2005-07-09 07:28:33,4516,441,2005-07-14 05:12:33,2,2006-02-16 02:30:53
5130,2005-07-09 07:29:45,3264,93,2005-07-13 05:56:45,1,2006-02-16 02:30:53
5131,2005-07-09 07:35:03,3179,167,2005-07-10 06:05:03,1,2006-02-16 02:30:53
5132,2005-07-09 07:40:32,4158,101,2005-07-16 02:16:32,2,2006-02-16 02:30:53
5133,2005-07-09 07:43:22,3403,469,2005-07-12 04:52:22,1,2006-02-16 02:30:53
5134,2005-07-09 07:53:12,149,491,2005-07-16 05:30:12,1,2006-02-16 02:30:53
5135,2005-07-09 07:53:22,3005,538,2005-07-16 04:50:22,2,2006-02-16 02:30:53
5136,2005-07-09 07:55:01,3498,395,2005-07-11 05:26:01,2,2006-02-16 02:30:53
5137,2005-07-09 08:00:34,409,126,2005-07-12 05:34:34,1,2006-02-16 02:30:53
5138,2005-07-09 08:00:46,1283,548,2005-07-12 09:31:46,2,2006-02-16 02:30:53
5139,2005-07-09 08:01:51,51,539,2005-07-18 09:16:51,2,2006-02-16 02:30:53
5140,2005-07-09 08:04:59,947,303,2005-07-11 08:28:59,2,2006-02-16 02:30:53
5141,2005-07-09 08:05:14,590,488,2005-07-18 04:36:14,1,2006-02-16 02:30:53
5142,2005-07-09 08:05:23,369,56,2005-07-13 12:37:23,2,2006-02-16 02:30:53
5143,2005-07-09 08:07:07,3803,196,2005-07-18 10:17:07,1,2006-02-16 02:30:53
5144,2005-07-09 08:09:53,3530,89,2005-07-18 07:11:53,2,2006-02-16 02:30:53
5145,2005-07-09 08:13:25,2397,204,2005-07-10 03:56:25,2,2006-02-16 02:30:53
5146,2005-07-09 08:14:58,776,194,2005-07-11 07:04:58,1,2006-02-16 02:30:53
5147,2005-07-09 08:17:41,2270,326,2005-07-18 09:45:41,2,2006-02-16 02:30:53
5148,2005-07-09 08:22:46,456,48,2005-07-18 04:36:46,1,2006-02-16 02:30:53
5149,2005-07-09 08:28:23,1500,330,2005-07-16 06:19:23,2,2006-02-16 02:30:53
5150,2005-07-09 08:28:40,1961,410,2005-07-16 04:47:40,1,2006-02-16 02:30:53
5151,2005-07-09 08:31:03,224,228,2005-07-10 08:18:03,2,2006-02-16 02:30:53
5152,2005-07-09 08:34:44,4005,331,2005-07-10 05:26:44,1,2006-02-16 02:30:53
5153,2005-07-09 08:35:05,2826,504,2005-07-18 14:21:05,1,2006-02-16 02:30:53
5154,2005-07-09 08:46:18,3785,361,2005-07-14 03:19:18,1,2006-02-16 02:30:53
5155,2005-07-09 08:46:54,988,523,2005-07-14 04:13:54,1,2006-02-16 02:30:53
5156,2005-07-09 08:51:42,416,5,2005-07-15 03:59:42,2,2006-02-16 02:30:53
5157,2005-07-09 08:52:12,637,463,2005-07-12 04:32:12,2,2006-02-16 02:30:53
5158,2005-07-09 08:53:09,2825,272,2005-07-10 11:05:09,1,2006-02-16 02:30:53
5159,2005-07-09 08:55:52,3479,213,2005-07-10 04:32:52,1,2006-02-16 02:30:53
5160,2005-07-09 08:57:07,1925,467,2005-07-18 06:01:07,1,2006-02-16 02:30:53
5161,2005-07-09 08:57:56,2617,284,2005-07-18 07:41:56,2,2006-02-16 02:30:53
5162,2005-07-09 09:00:11,2765,43,2005-07-17 07:26:11,1,2006-02-16 02:30:53
5163,2005-07-09 09:00:28,1486,103,2005-07-17 08:07:28,2,2006-02-16 02:30:53
5164,2005-07-09 09:03:14,1170,511,2005-07-14 04:20:14,1,2006-02-16 02:30:53
5165,2005-07-09 09:08:53,280,590,2005-07-14 06:01:53,1,2006-02-16 02:30:53
5166,2005-07-09 09:15:48,2771,298,2005-07-16 06:04:48,1,2006-02-16 02:30:53
5167,2005-07-09 09:18:43,2485,437,2005-07-14 12:59:43,2,2006-02-16 02:30:53
5168,2005-07-09 09:20:01,4096,420,2005-07-11 14:42:01,1,2006-02-16 02:30:53
5169,2005-07-09 09:22:25,2608,116,2005-07-10 03:48:25,1,2006-02-16 02:30:53
5170,2005-07-09 09:24:19,66,209,2005-07-18 04:02:19,1,2006-02-16 02:30:53
5171,2005-07-09 09:26:55,2099,371,2005-07-10 10:34:55,1,2006-02-16 02:30:53
5172,2005-07-09 09:31:27,4046,214,2005-07-13 04:03:27,1,2006-02-16 02:30:53
5173,2005-07-09 09:31:44,2848,490,2005-07-15 04:20:44,2,2006-02-16 02:30:53
5174,2005-07-09 09:31:59,3621,47,2005-07-15 03:49:59,1,2006-02-16 02:30:53
5175,2005-07-09 09:34:28,1003,409,2005-07-15 15:19:28,2,2006-02-16 02:30:53
5176,2005-07-09 09:39:31,328,119,2005-07-17 11:56:31,2,2006-02-16 02:30:53
5177,2005-07-09 09:43:21,1675,452,2005-07-13 07:29:21,1,2006-02-16 02:30:53
5178,2005-07-09 09:59:52,1750,167,2005-07-18 13:01:52,2,2006-02-16 02:30:53
5179,2005-07-09 10:00:44,2995,256,2005-07-11 06:52:44,1,2006-02-16 02:30:53
5180,2005-07-09 10:06:53,3684,494,2005-07-12 15:25:53,1,2006-02-16 02:30:53
5181,2005-07-09 10:07:27,2569,45,2005-07-17 10:18:27,2,2006-02-16 02:30:53
5182,2005-07-09 10:08:10,725,197,2005-07-16 14:36:10,2,2006-02-16 02:30:53
5183,2005-07-09 10:13:45,2866,394,2005-07-16 15:55:45,2,2006-02-16 02:30:53
5184,2005-07-09 10:14:34,1101,166,2005-07-14 16:05:34,2,2006-02-16 02:30:53
5185,2005-07-09 10:14:39,357,53,2005-07-10 13:31:39,1,2006-02-16 02:30:53
5186,2005-07-09 10:18:40,2415,276,2005-07-13 05:05:40,2,2006-02-16 02:30:53
5187,2005-07-09 10:19:51,2631,91,2005-07-14 10:35:51,1,2006-02-16 02:30:53
5188,2005-07-09 10:22:31,3265,34,2005-07-13 04:41:31,1,2006-02-16 02:30:53
5189,2005-07-09 10:23:21,2539,113,2005-07-14 08:06:21,1,2006-02-16 02:30:53
5190,2005-07-09 10:25:24,2213,532,2005-07-18 04:33:24,1,2006-02-16 02:30:53
5191,2005-07-09 10:26:48,2131,167,2005-07-10 15:52:48,2,2006-02-16 02:30:53
5192,2005-07-09 10:27:09,1225,410,2005-07-10 12:04:09,1,2006-02-16 02:30:53
5193,2005-07-09 10:28:18,2166,485,2005-07-12 12:18:18,1,2006-02-16 02:30:53
5194,2005-07-09 10:31:34,3809,202,2005-07-15 08:50:34,2,2006-02-16 02:30:53
5195,2005-07-09 10:39:31,3399,59,2005-07-18 13:54:31,1,2006-02-16 02:30:53
5196,2005-07-09 10:43:34,2278,536,2005-07-13 12:10:34,2,2006-02-16 02:30:53
5197,2005-07-09 10:43:54,1571,541,2005-07-16 10:19:54,1,2006-02-16 02:30:53
5198,2005-07-09 10:49:10,218,101,2005-07-13 04:52:10,1,2006-02-16 02:30:53
5199,2005-07-09 10:50:56,349,42,2005-07-10 06:43:56,1,2006-02-16 02:30:53
5200,2005-07-09 10:52:09,4528,125,2005-07-13 15:12:09,1,2006-02-16 02:30:53
5201,2005-07-09 10:52:53,2453,551,2005-07-16 12:41:53,2,2006-02-16 02:30:53
5202,2005-07-09 10:53:48,3417,321,2005-07-15 13:31:48,1,2006-02-16 02:30:53
5203,2005-07-09 10:53:59,3661,588,2005-07-15 09:45:59,2,2006-02-16 02:30:53
5204,2005-07-09 10:54:14,1791,432,2005-07-12 14:29:14,2,2006-02-16 02:30:53
5205,2005-07-09 10:56:37,161,79,2005-07-13 05:45:37,1,2006-02-16 02:30:53
5206,2005-07-09 11:11:01,692,517,2005-07-17 07:23:01,2,2006-02-16 02:30:53
5207,2005-07-09 11:15:44,3496,59,2005-07-17 06:00:44,1,2006-02-16 02:30:53
5208,2005-07-09 11:16:56,1881,560,2005-07-10 07:21:56,2,2006-02-16 02:30:53
5209,2005-07-09 11:22:39,4441,222,2005-07-17 09:31:39,1,2006-02-16 02:30:53
5210,2005-07-09 11:24:19,4514,355,2005-07-11 06:27:19,1,2006-02-16 02:30:53
5211,2005-07-09 11:26:50,2216,241,2005-07-16 15:30:50,1,2006-02-16 02:30:53
5212,2005-07-09 11:37:47,3240,400,2005-07-15 14:42:47,1,2006-02-16 02:30:53
5213,2005-07-09 11:39:43,3708,552,2005-07-18 16:20:43,2,2006-02-16 02:30:53
5214,2005-07-09 11:43:08,1657,290,2005-07-17 08:58:08,2,2006-02-16 02:30:53
5215,2005-07-09 11:47:58,3888,528,2005-07-18 09:58:58,1,2006-02-16 02:30:53
5216,2005-07-09 11:54:58,1644,515,2005-07-12 09:46:58,2,2006-02-16 02:30:53
5217,2005-07-09 11:56:50,4150,430,2005-07-17 07:10:50,1,2006-02-16 02:30:53
5218,2005-07-09 11:57:12,1121,83,2005-07-13 06:34:12,2,2006-02-16 02:30:53
5219,2005-07-09 11:57:55,3933,209,2005-07-15 09:43:55,2,2006-02-16 02:30:53
5220,2005-07-09 11:59:04,2577,435,2005-07-15 06:20:04,1,2006-02-16 02:30:53
5221,2005-07-09 12:02:23,2339,84,2005-07-16 15:43:23,1,2006-02-16 02:30:53
5222,2005-07-09 12:05:45,2508,400,2005-07-13 12:11:45,1,2006-02-16 02:30:53
5223,2005-07-09 12:06:03,2335,72,2005-07-17 15:50:03,1,2006-02-16 02:30:53
5224,2005-07-09 12:07:27,279,311,2005-07-17 08:59:27,1,2006-02-16 02:30:53
5225,2005-07-09 12:10:16,703,445,2005-07-12 09:55:16,2,2006-02-16 02:30:53
5226,2005-07-09 12:10:44,3128,218,2005-07-11 17:32:44,2,2006-02-16 02:30:53
5227,2005-07-09 12:16:39,1862,362,2005-07-18 15:38:39,2,2006-02-16 02:30:53
5228,2005-07-09 12:26:01,622,195,2005-07-14 13:31:01,2,2006-02-16 02:30:53
5229,2005-07-09 12:30:18,4472,372,2005-07-14 15:31:18,2,2006-02-16 02:30:53
5230,2005-07-09 12:30:23,3707,51,2005-07-13 08:41:23,1,2006-02-16 02:30:53
5231,2005-07-09 12:35:02,1275,405,2005-07-10 09:22:02,1,2006-02-16 02:30:53
5232,2005-07-09 12:35:08,3353,175,2005-07-14 14:55:08,1,2006-02-16 02:30:53
5233,2005-07-09 12:44:26,1401,131,2005-07-15 12:31:26,1,2006-02-16 02:30:53
5234,2005-07-09 12:44:47,4182,398,2005-07-17 10:02:47,1,2006-02-16 02:30:53
5235,2005-07-09 12:54:25,1044,122,2005-07-18 16:28:25,1,2006-02-16 02:30:53
5236,2005-07-09 12:56:29,1215,519,2005-07-13 08:26:29,1,2006-02-16 02:30:53
5237,2005-07-09 12:56:58,2341,84,2005-07-11 15:41:58,1,2006-02-16 02:30:53
5238,2005-07-09 13:11:14,3297,100,2005-07-10 07:27:14,2,2006-02-16 02:30:53
5239,2005-07-09 13:12:35,380,497,2005-07-10 13:37:35,1,2006-02-16 02:30:53
5240,2005-07-09 13:14:48,1378,350,2005-07-10 18:47:48,2,2006-02-16 02:30:53
5241,2005-07-09 13:19:14,4079,314,2005-07-11 14:32:14,1,2006-02-16 02:30:53
5242,2005-07-09 13:20:25,848,12,2005-07-18 07:38:25,1,2006-02-16 02:30:53
5243,2005-07-09 13:22:08,122,587,2005-07-16 09:25:08,1,2006-02-16 02:30:53
5244,2005-07-09 13:24:07,3726,1,2005-07-14 14:01:07,2,2006-02-16 02:30:53
5245,2005-07-09 13:24:14,3547,115,2005-07-12 11:16:14,1,2006-02-16 02:30:53
5246,2005-07-09 13:25:18,3548,276,2005-07-13 18:38:18,1,2006-02-16 02:30:53
5247,2005-07-09 13:26:28,1186,298,2005-07-12 14:00:28,2,2006-02-16 02:30:53
5248,2005-07-09 13:29:44,246,279,2005-07-12 18:12:44,1,2006-02-16 02:30:53
5249,2005-07-09 13:33:53,1950,389,2005-07-11 12:55:53,2,2006-02-16 02:30:53
5250,2005-07-09 13:35:32,2162,384,2005-07-13 12:19:32,1,2006-02-16 02:30:53
5251,2005-07-09 13:36:10,478,474,2005-07-15 11:40:10,1,2006-02-16 02:30:53
5252,2005-07-09 13:40:44,2581,335,2005-07-14 09:41:44,1,2006-02-16 02:30:53
5253,2005-07-09 13:41:17,2241,532,2005-07-17 17:09:17,1,2006-02-16 02:30:53
5254,2005-07-09 13:50:11,654,263,2005-07-13 09:07:11,1,2006-02-16 02:30:53
5255,2005-07-09 13:51:08,4418,313,2005-07-17 13:58:08,2,2006-02-16 02:30:53
5256,2005-07-09 13:55:45,4226,273,2005-07-15 17:02:45,1,2006-02-16 02:30:53
5257,2005-07-09 13:56:43,286,292,2005-07-10 14:26:43,2,2006-02-16 02:30:53
5258,2005-07-09 13:56:56,3125,207,2005-07-11 16:01:56,2,2006-02-16 02:30:53
5259,2005-07-09 14:02:50,1310,207,2005-07-11 19:13:50,2,2006-02-16 02:30:53
5260,2005-07-09 14:05:45,3143,75,2005-07-14 08:41:45,2,2006-02-16 02:30:53
5261,2005-07-09 14:06:56,2899,105,2005-07-11 14:21:56,2,2006-02-16 02:30:53
5262,2005-07-09 14:08:01,1092,240,2005-07-12 16:48:01,1,2006-02-16 02:30:53
5263,2005-07-09 14:10:36,119,406,2005-07-12 15:07:36,1,2006-02-16 02:30:53
5264,2005-07-09 14:11:28,3307,545,2005-07-12 18:24:28,2,2006-02-16 02:30:53
5265,2005-07-09 14:15:01,4482,139,2005-07-18 14:43:01,2,2006-02-16 02:30:53
5266,2005-07-09 14:17:40,2409,222,2005-07-16 10:42:40,1,2006-02-16 02:30:53
5267,2005-07-09 14:21:10,2242,233,2005-07-15 12:02:10,1,2006-02-16 02:30:53
5268,2005-07-09 14:22:43,1083,119,2005-07-12 08:27:43,1,2006-02-16 02:30:53
5269,2005-07-09 14:23:05,3886,230,2005-07-17 14:03:05,1,2006-02-16 02:30:53
5270,2005-07-09 14:23:46,1523,128,2005-07-13 15:04:46,1,2006-02-16 02:30:53
5271,2005-07-09 14:25:01,2691,522,2005-07-16 17:28:01,1,2006-02-16 02:30:53
5272,2005-07-09 14:26:01,1547,90,2005-07-12 20:20:01,1,2006-02-16 02:30:53
5273,2005-07-09 14:31:24,4570,38,2005-07-14 13:27:24,2,2006-02-16 02:30:53
5274,2005-07-09 14:34:09,4579,108,2005-07-14 13:02:09,1,2006-02-16 02:30:53
5275,2005-07-09 14:34:18,729,249,2005-07-13 12:56:18,2,2006-02-16 02:30:53
5276,2005-07-09 14:35:13,2524,521,2005-07-12 14:24:13,2,2006-02-16 02:30:53
5277,2005-07-09 14:40:42,2026,332,2005-07-16 14:18:42,2,2006-02-16 02:30:53
5278,2005-07-09 14:44:23,2573,532,2005-07-15 10:48:23,1,2006-02-16 02:30:53
5279,2005-07-09 14:46:36,709,64,2005-07-17 10:04:36,2,2006-02-16 02:30:53
5280,2005-07-09 14:55:07,1177,351,2005-07-12 10:05:07,2,2006-02-16 02:30:53
5281,2005-07-09 14:55:07,1966,71,2005-07-13 15:24:07,2,2006-02-16 02:30:53
5282,2005-07-09 15:01:23,4386,226,2005-07-13 11:06:23,2,2006-02-16 02:30:53
5283,2005-07-09 15:07:17,644,295,2005-07-17 09:52:17,2,2006-02-16 02:30:53
5284,2005-07-09 15:08:21,1036,585,2005-07-16 09:53:21,2,2006-02-16 02:30:53
5285,2005-07-09 15:10:44,676,468,2005-07-16 13:02:44,2,2006-02-16 02:30:53
5286,2005-07-09 15:11:41,483,498,2005-07-10 19:19:41,2,2006-02-16 02:30:53
5287,2005-07-09 15:11:54,3110,523,2005-07-16 16:05:54,2,2006-02-16 02:30:53
5288,2005-07-09 15:13:07,850,120,2005-07-16 12:39:07,1,2006-02-16 02:30:53
5289,2005-07-09 15:14:08,4336,30,2005-07-12 12:51:08,2,2006-02-16 02:30:53
5290,2005-07-09 15:14:47,277,50,2005-07-11 20:30:47,2,2006-02-16 02:30:53
5291,2005-07-09 15:15:02,1367,194,2005-07-15 10:22:02,2,2006-02-16 02:30:53
5292,2005-07-09 15:16:54,3195,62,2005-07-11 15:21:54,1,2006-02-16 02:30:53
5293,2005-07-09 15:17:23,2880,542,2005-07-11 11:23:23,2,2006-02-16 02:30:53
5294,2005-07-09 15:23:42,3237,22,2005-07-15 15:28:42,2,2006-02-16 02:30:53
5295,2005-07-09 15:25:06,4460,86,2005-07-10 12:40:06,1,2006-02-16 02:30:53
5296,2005-07-09 15:26:27,495,109,2005-07-15 10:03:27,2,2006-02-16 02:30:53
5297,2005-07-09 15:32:29,3434,202,2005-07-14 14:58:29,1,2006-02-16 02:30:53
5298,2005-07-09 15:36:17,3491,149,2005-07-18 19:07:17,2,2006-02-16 02:30:53
5299,2005-07-09 15:38:09,4416,469,2005-07-15 16:39:09,2,2006-02-16 02:30:53
5300,2005-07-09 15:40:46,2520,8,2005-07-15 13:46:46,1,2006-02-16 02:30:53
5301,2005-07-09 15:42:10,245,459,2005-07-16 21:27:10,2,2006-02-16 02:30:53
5302,2005-07-09 15:42:36,4270,72,2005-07-10 21:04:36,2,2006-02-16 02:30:53
5303,2005-07-09 15:44:09,3572,350,2005-07-15 18:09:09,2,2006-02-16 02:30:53
5304,2005-07-09 15:48:06,4411,51,2005-07-14 19:29:06,1,2006-02-16 02:30:53
5305,2005-07-09 15:55:36,625,309,2005-07-18 15:59:36,1,2006-02-16 02:30:53
5306,2005-07-09 15:56:45,2221,409,2005-07-15 19:02:45,2,2006-02-16 02:30:53
5307,2005-07-09 15:57:15,2847,32,2005-07-17 13:42:15,2,2006-02-16 02:30:53
5308,2005-07-09 15:58:38,1684,52,2005-07-15 13:55:38,2,2006-02-16 02:30:53
5309,2005-07-09 16:00:16,4026,338,2005-07-17 17:56:16,1,2006-02-16 02:30:53
5310,2005-07-09 16:00:34,1565,24,2005-07-12 12:45:34,2,2006-02-16 02:30:53
5311,2005-07-09 16:02:54,986,107,2005-07-18 10:44:54,1,2006-02-16 02:30:53
5312,2005-07-09 16:03:09,2123,258,2005-07-13 16:41:09,2,2006-02-16 02:30:53
5313,2005-07-09 16:04:45,1885,52,2005-07-17 18:53:45,2,2006-02-16 02:30:53
5314,2005-07-09 16:05:28,3770,372,2005-07-10 18:18:28,1,2006-02-16 02:30:53
5315,2005-07-09 16:09:19,585,134,2005-07-14 21:10:19,1,2006-02-16 02:30:53
5316,2005-07-09 16:09:42,3856,438,2005-07-11 15:20:42,1,2006-02-16 02:30:53
5317,2005-07-09 16:10:25,2693,14,2005-07-18 17:10:25,2,2006-02-16 02:30:53
5318,2005-07-09 16:11:33,1738,472,2005-07-14 12:49:33,2,2006-02-16 02:30:53
5319,2005-07-09 16:17:44,1899,282,2005-07-18 16:35:44,1,2006-02-16 02:30:53
5320,2005-07-09 16:23:32,3140,228,2005-07-18 18:16:32,1,2006-02-16 02:30:53
5321,2005-07-09 16:26:33,3347,245,2005-07-15 15:05:33,2,2006-02-16 02:30:53
5322,2005-07-09 16:28:13,4420,432,2005-07-18 14:53:13,1,2006-02-16 02:30:53
5323,2005-07-09 16:34:07,1302,35,2005-07-13 21:37:07,1,2006-02-16 02:30:53
5324,2005-07-09 16:34:18,4024,113,2005-07-15 12:35:18,2,2006-02-16 02:30:53
5325,2005-07-09 16:35:47,2703,492,2005-07-10 11:52:47,1,2006-02-16 02:30:53
5326,2005-07-09 16:38:01,797,1,2005-07-13 18:02:01,1,2006-02-16 02:30:53
5327,2005-07-09 16:39:49,3657,547,2005-07-12 18:47:49,2,2006-02-16 02:30:53
5328,2005-07-09 16:48:29,2444,247,2005-07-17 20:20:29,2,2006-02-16 02:30:53
5329,2005-07-09 16:49:46,1628,402,2005-07-16 19:05:46,1,2006-02-16 02:30:53
5330,2005-07-09 16:53:57,3812,410,2005-07-18 19:54:57,1,2006-02-16 02:30:53
5331,2005-07-09 16:54:06,4181,447,2005-07-10 19:04:06,1,2006-02-16 02:30:53
5332,2005-07-09 16:59:23,3269,568,2005-07-10 16:01:23,2,2006-02-16 02:30:53
5333,2005-07-09 16:59:38,2142,419,2005-07-16 17:23:38,2,2006-02-16 02:30:53
5334,2005-07-09 17:00:13,3852,482,2005-07-11 15:50:13,1,2006-02-16 02:30:53
5335,2005-07-09 17:00:49,2353,588,2005-07-12 12:21:49,2,2006-02-16 02:30:53
5336,2005-07-09 17:01:08,4144,410,2005-07-11 19:22:08,2,2006-02-16 02:30:53
5337,2005-07-09 17:03:50,4168,343,2005-07-16 22:25:50,2,2006-02-16 02:30:53
5338,2005-07-09 17:07:07,3449,191,2005-07-14 11:15:07,1,2006-02-16 02:30:53
5339,2005-07-09 17:09:17,698,380,2005-07-10 21:07:17,2,2006-02-16 02:30:53
5340,2005-07-09 17:11:35,650,267,2005-07-17 17:59:35,2,2006-02-16 02:30:53
5341,2005-07-09 17:13:23,2522,8,2005-07-14 18:11:23,2,2006-02-16 02:30:53
5342,2005-07-09 17:20:03,3828,289,2005-07-18 12:44:03,2,2006-02-16 02:30:53
5343,2005-07-09 17:23:43,92,485,2005-07-18 22:14:43,1,2006-02-16 02:30:53
5344,2005-07-09 17:27:05,159,197,2005-07-10 15:51:05,2,2006-02-16 02:30:53
5345,2005-07-09 17:28:18,3055,348,2005-07-11 14:30:18,2,2006-02-16 02:30:53
5346,2005-07-09 17:29:01,2488,287,2005-07-14 12:47:01,2,2006-02-16 02:30:53
5347,2005-07-09 17:31:32,1293,246,2005-07-10 21:06:32,2,2006-02-16 02:30:53
5348,2005-07-09 17:34:11,3495,597,2005-07-15 18:32:11,2,2006-02-16 02:30:53
5349,2005-07-09 17:35:35,3139,161,2005-07-18 14:05:35,1,2006-02-16 02:30:53
5350,2005-07-09 17:39:30,724,129,2005-07-11 16:43:30,2,2006-02-16 02:30:53
5351,2005-07-09 17:40:52,3722,112,2005-07-14 16:55:52,2,2006-02-16 02:30:53
5352,2005-07-09 17:54:58,908,372,2005-07-15 16:20:58,1,2006-02-16 02:30:53
5353,2005-07-09 18:04:29,2994,196,2005-07-15 17:46:29,2,2006-02-16 02:30:53
5354,2005-07-09 18:04:33,951,354,2005-07-15 18:19:33,1,2006-02-16 02:30:53
5355,2005-07-09 18:07:17,2458,100,2005-07-16 20:33:17,2,2006-02-16 02:30:53
5356,2005-07-09 18:08:28,2905,188,2005-07-14 14:11:28,2,2006-02-16 02:30:53
5357,2005-07-09 18:08:59,1988,411,2005-07-16 17:28:59,2,2006-02-16 02:30:53
5358,2005-07-09 18:09:21,3764,71,2005-07-14 23:59:21,2,2006-02-16 02:30:53
5359,2005-07-09 18:10:52,4392,453,2005-07-18 13:34:52,2,2006-02-16 02:30:53
5360,2005-07-09 18:14:03,679,562,2005-07-10 15:17:03,2,2006-02-16 02:30:53
5361,2005-07-09 18:15:32,2045,279,2005-07-17 23:32:32,2,2006-02-16 02:30:53
5362,2005-07-09 18:16:08,24,266,2005-07-18 18:27:08,1,2006-02-16 02:30:53
5363,2005-07-09 18:18:49,2180,425,2005-07-14 22:16:49,1,2006-02-16 02:30:53
5364,2005-07-09 18:24:48,2746,366,2005-07-10 12:30:48,1,2006-02-16 02:30:53
5365,2005-07-09 18:27:00,4469,527,2005-07-11 14:18:00,1,2006-02-16 02:30:53
5366,2005-07-09 18:28:37,886,187,2005-07-13 20:45:37,1,2006-02-16 02:30:53
5367,2005-07-09 18:39:15,1446,485,2005-07-16 14:19:15,2,2006-02-16 02:30:53
5368,2005-07-09 18:41:59,4429,502,2005-07-16 00:32:59,2,2006-02-16 02:30:53
5369,2005-07-09 18:42:16,1550,538,2005-07-12 18:16:16,2,2006-02-16 02:30:53
5370,2005-07-09 18:43:19,2193,248,2005-07-15 19:59:19,1,2006-02-16 02:30:53
5371,2005-07-09 18:47:48,789,425,2005-07-14 14:39:48,2,2006-02-16 02:30:53
5372,2005-07-09 18:48:39,3551,148,2005-07-11 17:40:39,1,2006-02-16 02:30:53
5373,2005-07-09 18:48:57,950,428,2005-07-10 16:34:57,1,2006-02-16 02:30:53
5374,2005-07-09 18:52:08,946,144,2005-07-16 16:34:08,1,2006-02-16 02:30:53
5375,2005-07-09 18:52:55,1407,558,2005-07-16 15:32:55,2,2006-02-16 02:30:53
5376,2005-07-09 18:54:08,1730,104,2005-07-17 22:01:08,1,2006-02-16 02:30:53
5377,2005-07-09 19:04:30,3118,578,2005-07-11 14:42:30,1,2006-02-16 02:30:53
5378,2005-07-09 19:05:56,1570,138,2005-07-10 18:03:56,2,2006-02-16 02:30:53
5379,2005-07-09 19:08:03,2110,475,2005-07-10 17:58:03,1,2006-02-16 02:30:53
5380,2005-07-09 19:08:44,3047,166,2005-07-11 20:09:44,1,2006-02-16 02:30:53
5381,2005-07-09 19:11:11,3033,332,2005-07-13 17:10:11,2,2006-02-16 02:30:53
5382,2005-07-09 19:12:57,78,586,2005-07-14 15:44:57,1,2006-02-16 02:30:53
5383,2005-07-09 19:14:32,573,14,2005-07-11 19:57:32,1,2006-02-16 02:30:53
5384,2005-07-09 19:17:46,1729,180,2005-07-12 13:50:46,1,2006-02-16 02:30:53
5385,2005-07-09 19:18:11,4291,112,2005-07-16 18:50:11,2,2006-02-16 02:30:53
5386,2005-07-09 19:19:09,721,594,2005-07-13 00:13:09,2,2006-02-16 02:30:53
5387,2005-07-09 19:25:14,4452,244,2005-07-11 21:00:14,1,2006-02-16 02:30:53
5388,2005-07-09 19:25:25,1546,332,2005-07-14 19:51:25,2,2006-02-16 02:30:53
5389,2005-07-09 19:25:45,3882,484,2005-07-17 13:31:45,1,2006-02-16 02:30:53
5390,2005-07-09 19:26:22,715,139,2005-07-14 22:46:22,1,2006-02-16 02:30:53
5391,2005-07-09 19:28:34,402,132,2005-07-18 01:07:34,1,2006-02-16 02:30:53
5392,2005-07-09 19:32:30,2552,499,2005-07-16 15:01:30,1,2006-02-16 02:30:53
5393,2005-07-09 19:35:12,1417,446,2005-07-11 14:00:12,1,2006-02-16 02:30:53
5394,2005-07-09 19:36:15,1828,83,2005-07-18 18:10:15,2,2006-02-16 02:30:53
5395,2005-07-09 19:42:37,4428,131,2005-07-10 15:39:37,1,2006-02-16 02:30:53
5396,2005-07-09 19:42:52,3795,559,2005-07-15 21:45:52,1,2006-02-16 02:30:53
5397,2005-07-09 19:43:51,4376,191,2005-07-17 00:11:51,1,2006-02-16 02:30:53
5398,2005-07-09 19:44:58,4352,199,2005-07-17 00:56:58,1,2006-02-16 02:30:53
5399,2005-07-09 19:52:44,261,67,2005-07-10 18:31:44,2,2006-02-16 02:30:53
5400,2005-07-09 19:56:40,3435,192,2005-07-14 20:43:40,2,2006-02-16 02:30:53
5401,2005-07-09 19:59:10,431,43,2005-07-11 23:21:10,2,2006-02-16 02:30:53
5402,2005-07-09 20:01:58,4450,379,2005-07-10 14:07:58,1,2006-02-16 02:30:53
5403,2005-07-09 20:07:09,3991,36,2005-07-12 18:33:09,1,2006-02-16 02:30:53
5404,2005-07-09 20:10:43,3685,236,2005-07-13 15:16:43,1,2006-02-16 02:30:53
5405,2005-07-09 20:11:49,799,45,2005-07-18 18:37:49,2,2006-02-16 02:30:53
5406,2005-07-09 20:13:23,1322,563,2005-07-11 22:05:23,2,2006-02-16 02:30:53
5407,2005-07-09 20:16:07,3641,475,2005-07-14 21:41:07,2,2006-02-16 02:30:53
5408,2005-07-09 20:16:51,3162,144,2005-07-18 22:19:51,1,2006-02-16 02:30:53
5409,2005-07-09 20:17:19,3538,446,2005-07-13 23:30:19,1,2006-02-16 02:30:53
5410,2005-07-09 20:21:10,2261,281,2005-07-18 21:43:10,2,2006-02-16 02:30:53
5411,2005-07-09 20:23:38,4292,304,2005-07-16 01:17:38,2,2006-02-16 02:30:53
5412,2005-07-09 20:23:52,3174,458,2005-07-18 18:40:52,1,2006-02-16 02:30:53
5413,2005-07-09 20:28:42,2056,167,2005-07-10 19:23:42,2,2006-02-16 02:30:53
5414,2005-07-09 20:29:36,1201,174,2005-07-13 01:55:36,2,2006-02-16 02:30:53
5415,2005-07-09 20:30:03,4413,475,2005-07-18 00:20:03,1,2006-02-16 02:30:53
5416,2005-07-09 20:33:50,568,219,2005-07-14 01:50:50,2,2006-02-16 02:30:53
5417,2005-07-09 20:34:09,3569,265,2005-07-14 00:36:09,2,2006-02-16 02:30:53
5418,2005-07-09 20:41:35,55,114,2005-07-14 00:15:35,1,2006-02-16 02:30:53
5419,2005-07-09 20:47:36,1516,226,2005-07-12 01:36:36,1,2006-02-16 02:30:53
5420,2005-07-09 20:48:42,1739,80,2005-07-15 21:35:42,2,2006-02-16 02:30:53
5421,2005-07-09 20:49:12,2437,33,2005-07-10 16:30:12,1,2006-02-16 02:30:53
5422,2005-07-09 20:55:47,436,409,2005-07-15 15:15:47,2,2006-02-16 02:30:53
5423,2005-07-09 20:56:48,1952,440,2005-07-17 14:58:48,2,2006-02-16 02:30:53
5424,2005-07-09 20:59:09,3694,72,2005-07-12 00:05:09,2,2006-02-16 02:30:53
5425,2005-07-09 21:02:26,531,37,2005-07-16 23:38:26,2,2006-02-16 02:30:53
5426,2005-07-09 21:04:47,251,438,2005-07-17 00:55:47,1,2006-02-16 02:30:53
5427,2005-07-09 21:12:26,3197,499,2005-07-14 01:02:26,1,2006-02-16 02:30:53
5428,2005-07-09 21:12:50,3109,346,2005-07-14 16:25:50,2,2006-02-16 02:30:53
5429,2005-07-09 21:14:03,2467,105,2005-07-18 01:33:03,1,2006-02-16 02:30:53
5430,2005-07-09 21:19:54,1441,173,2005-07-15 22:53:54,1,2006-02-16 02:30:53
5431,2005-07-09 21:21:11,2780,213,2005-07-10 21:16:11,1,2006-02-16 02:30:53
5432,2005-07-09 21:21:25,1958,64,2005-07-14 21:34:25,2,2006-02-16 02:30:53
5433,2005-07-09 21:22:00,2679,349,2005-07-10 21:18:00,2,2006-02-16 02:30:53
5434,2005-07-09 21:25:20,3790,334,2005-07-15 03:12:20,2,2006-02-16 02:30:53
5435,2005-07-09 21:28:07,2884,273,2005-07-18 21:16:07,2,2006-02-16 02:30:53
5436,2005-07-09 21:31:11,2364,89,2005-07-13 16:59:11,2,2006-02-16 02:30:53
5437,2005-07-09 21:32:29,3532,26,2005-07-15 00:27:29,2,2006-02-16 02:30:53
5438,2005-07-09 21:34:32,487,241,2005-07-16 02:21:32,2,2006-02-16 02:30:53
5439,2005-07-09 21:39:35,1993,58,2005-07-13 17:45:35,2,2006-02-16 02:30:53
5440,2005-07-09 21:45:17,138,332,2005-07-11 22:43:17,2,2006-02-16 02:30:53
5441,2005-07-09 21:52:05,3913,7,2005-07-17 02:54:05,1,2006-02-16 02:30:53
5442,2005-07-09 21:55:19,3093,29,2005-07-19 01:18:19,2,2006-02-16 02:30:53
5443,2005-07-09 21:56:09,2951,137,2005-07-16 00:33:09,2,2006-02-16 02:30:53
5444,2005-07-09 21:58:57,2968,10,2005-07-11 03:09:57,2,2006-02-16 02:30:53
5445,2005-07-09 21:59:41,565,578,2005-07-15 00:40:41,1,2006-02-16 02:30:53
5446,2005-07-09 21:59:55,2769,454,2005-07-11 01:45:55,2,2006-02-16 02:30:53
5447,2005-07-09 22:09:28,2530,473,2005-07-18 20:03:28,2,2006-02-16 02:30:53
5448,2005-07-09 22:11:14,646,463,2005-07-15 21:08:14,2,2006-02-16 02:30:53
5449,2005-07-09 22:12:01,921,261,2005-07-18 01:18:01,2,2006-02-16 02:30:53
5450,2005-07-09 22:13:25,2356,328,2005-07-13 23:28:25,1,2006-02-16 02:30:53
5451,2005-07-09 22:22:10,3484,39,2005-07-11 02:43:10,1,2006-02-16 02:30:53
5452,2005-07-09 22:23:21,2036,80,2005-07-17 00:20:21,1,2006-02-16 02:30:53
5453,2005-07-09 22:24:11,1780,106,2005-07-19 04:08:11,1,2006-02-16 02:30:53
5454,2005-07-09 22:24:25,3049,97,2005-07-11 01:52:25,1,2006-02-16 02:30:53
5455,2005-07-09 22:28:45,1955,464,2005-07-18 02:50:45,2,2006-02-16 02:30:53
5456,2005-07-09 22:31:45,3003,360,2005-07-12 03:53:45,1,2006-02-16 02:30:53
5457,2005-07-09 22:33:14,4179,433,2005-07-12 02:30:14,1,2006-02-16 02:30:53
5458,2005-07-09 22:35:49,2203,521,2005-07-16 22:55:49,1,2006-02-16 02:30:53
5459,2005-07-09 22:43:56,1847,168,2005-07-12 18:05:56,1,2006-02-16 02:30:53
5460,2005-07-09 22:46:14,2410,38,2005-07-12 21:26:14,2,2006-02-16 02:30:53
5461,2005-07-09 22:48:04,53,244,2005-07-10 17:56:04,2,2006-02-16 02:30:53
5462,2005-07-09 22:56:53,871,583,2005-07-11 21:50:53,2,2006-02-16 02:30:53
5463,2005-07-09 22:57:02,601,374,2005-07-11 03:10:02,1,2006-02-16 02:30:53
5464,2005-07-09 22:58:14,3692,434,2005-07-15 02:48:14,1,2006-02-16 02:30:53
5465,2005-07-09 23:01:13,723,503,2005-07-13 01:03:13,1,2006-02-16 02:30:53
5466,2005-07-09 23:03:21,2302,482,2005-07-10 20:11:21,2,2006-02-16 02:30:53
5467,2005-07-09 23:05:47,374,543,2005-07-16 17:06:47,2,2006-02-16 02:30:53
5468,2005-07-09 23:06:09,2196,81,2005-07-13 00:48:09,1,2006-02-16 02:30:53
5469,2005-07-09 23:08:07,2201,475,2005-07-13 19:13:07,1,2006-02-16 02:30:53
5470,2005-07-09 23:10:49,3254,325,2005-07-18 04:30:49,1,2006-02-16 02:30:53
5471,2005-07-09 23:11:52,4086,347,2005-07-13 02:08:52,2,2006-02-16 02:30:53
5472,2005-07-09 23:16:40,865,165,2005-07-10 18:43:40,2,2006-02-16 02:30:53
5473,2005-07-09 23:19:11,4283,51,2005-07-19 02:30:11,2,2006-02-16 02:30:53
5474,2005-07-09 23:23:57,3608,375,2005-07-15 03:11:57,1,2006-02-16 02:30:53
5475,2005-07-09 23:31:38,726,219,2005-07-12 03:51:38,1,2006-02-16 02:30:53
5476,2005-07-09 23:37:09,1199,427,2005-07-15 23:57:09,1,2006-02-16 02:30:53
5477,2005-07-09 23:43:49,994,542,2005-07-15 05:03:49,2,2006-02-16 02:30:53
5478,2005-07-09 23:45:15,3213,583,2005-07-15 22:48:15,1,2006-02-16 02:30:53
5479,2005-07-09 23:47:33,216,250,2005-07-13 01:09:33,1,2006-02-16 02:30:53
5480,2005-07-09 23:49:07,847,452,2005-07-12 00:15:07,1,2006-02-16 02:30:53
5481,2005-07-09 23:51:57,562,479,2005-07-11 05:28:57,2,2006-02-16 02:30:53
5482,2005-07-09 23:53:04,2136,460,2005-07-15 04:59:04,1,2006-02-16 02:30:53
5483,2005-07-09 23:54:09,4362,89,2005-07-17 23:36:09,1,2006-02-16 02:30:53
5484,2005-07-09 23:54:37,3248,495,2005-07-15 02:05:37,1,2006-02-16 02:30:53
5485,2005-07-09 23:55:25,3930,173,2005-07-14 04:08:25,1,2006-02-16 02:30:53
5486,2005-07-09 23:57:44,2864,538,2005-07-14 00:23:44,1,2006-02-16 02:30:53
5487,2005-07-10 00:01:50,1144,341,2005-07-10 20:43:50,1,2006-02-16 02:30:53
5488,2005-07-10 00:02:06,4262,173,2005-07-15 01:45:06,2,2006-02-16 02:30:53
5489,2005-07-10 00:07:03,2319,490,2005-07-15 19:52:03,1,2006-02-16 02:30:53
5490,2005-07-10 00:09:11,3044,367,2005-07-14 21:23:11,1,2006-02-16 02:30:53
5491,2005-07-10 00:09:45,2007,49,2005-07-11 02:25:45,1,2006-02-16 02:30:53
5492,2005-07-10 00:11:09,4524,558,2005-07-14 01:27:09,1,2006-02-16 02:30:53
5493,2005-07-10 00:11:44,2037,539,2005-07-15 19:24:44,2,2006-02-16 02:30:53
5494,2005-07-10 00:15:00,3087,139,2005-07-17 01:12:00,2,2006-02-16 02:30:53
5495,2005-07-10 00:16:54,2199,257,2005-07-19 01:22:54,2,2006-02-16 02:30:53
5496,2005-07-10 00:20:23,3182,369,2005-07-18 21:10:23,2,2006-02-16 02:30:53
5497,2005-07-10 00:23:23,4473,92,2005-07-16 03:54:23,1,2006-02-16 02:30:53
5498,2005-07-10 00:27:21,63,302,2005-07-13 20:11:21,2,2006-02-16 02:30:53
5499,2005-07-10 00:27:45,1525,127,2005-07-17 06:11:45,1,2006-02-16 02:30:53
5500,2005-07-10 00:28:17,3380,457,2005-07-15 19:09:17,1,2006-02-16 02:30:53
5501,2005-07-10 00:33:48,3979,372,2005-07-17 02:58:48,1,2006-02-16 02:30:53
5502,2005-07-10 00:34:15,3712,243,2005-07-11 21:44:15,1,2006-02-16 02:30:53
5503,2005-07-10 00:35:37,3892,262,2005-07-12 20:29:37,1,2006-02-16 02:30:53
5504,2005-07-10 00:36:38,3053,455,2005-07-16 19:36:38,1,2006-02-16 02:30:53
5505,2005-07-10 00:38:48,896,253,2005-07-12 03:12:48,2,2006-02-16 02:30:53
5506,2005-07-10 00:45:48,2432,117,2005-07-18 20:35:48,2,2006-02-16 02:30:53
5507,2005-07-10 00:49:04,716,399,2005-07-15 22:06:04,2,2006-02-16 02:30:53
5508,2005-07-10 00:50:01,2977,345,2005-07-16 19:07:01,1,2006-02-16 02:30:53
5509,2005-07-10 00:54:46,1142,102,2005-07-16 05:10:46,1,2006-02-16 02:30:53
5510,2005-07-10 00:58:37,1298,67,2005-07-17 22:02:37,2,2006-02-16 02:30:53
5511,2005-07-10 01:00:00,3678,301,2005-07-12 20:44:00,1,2006-02-16 02:30:53
5512,2005-07-10 01:05:38,4470,405,2005-07-17 20:47:38,1,2006-02-16 02:30:53
5513,2005-07-10 01:05:41,2558,356,2005-07-11 02:05:41,2,2006-02-16 02:30:53
5514,2005-07-10 01:09:42,1824,522,2005-07-17 05:47:42,1,2006-02-16 02:30:53
5515,2005-07-10 01:12:44,3772,39,2005-07-13 00:39:44,1,2006-02-16 02:30:53
5516,2005-07-10 01:13:52,1902,581,2005-07-15 22:56:52,1,2006-02-16 02:30:53
5517,2005-07-10 01:15:00,3689,42,2005-07-19 01:59:00,1,2006-02-16 02:30:53
5518,2005-07-10 01:15:11,3340,451,2005-07-18 19:28:11,2,2006-02-16 02:30:53
5519,2005-07-10 01:18:32,1312,85,2005-07-11 20:39:32,1,2006-02-16 02:30:53
5520,2005-07-10 01:30:41,2527,501,2005-07-15 21:37:41,2,2006-02-16 02:30:53
5521,2005-07-10 01:31:22,1956,182,2005-07-17 05:42:22,2,2006-02-16 02:30:53
5522,2005-07-10 01:46:29,2622,573,2005-07-18 00:41:29,2,2006-02-16 02:30:53
5523,2005-07-10 01:47:55,2233,125,2005-07-18 22:25:55,1,2006-02-16 02:30:53
5524,2005-07-10 01:49:24,3596,386,2005-07-14 22:55:24,1,2006-02-16 02:30:53
5525,2005-07-10 02:03:08,3141,241,2005-07-18 07:32:08,1,2006-02-16 02:30:53
5526,2005-07-10 02:04:03,3909,144,2005-07-16 22:15:03,2,2006-02-16 02:30:53
5527,2005-07-10 02:06:01,4462,554,2005-07-15 00:55:01,2,2006-02-16 02:30:53
5528,2005-07-10 02:09:21,680,551,2005-07-17 06:22:21,2,2006-02-16 02:30:53
5529,2005-07-10 02:11:13,1652,590,2005-07-15 06:56:13,2,2006-02-16 02:30:53
5530,2005-07-10 02:13:49,2701,74,2005-07-18 08:01:49,2,2006-02-16 02:30:53
5531,2005-07-10 02:13:59,2992,173,2005-07-15 00:01:59,2,2006-02-16 02:30:53
5532,2005-07-10 02:17:31,983,522,2005-07-16 02:57:31,2,2006-02-16 02:30:53
5533,2005-07-10 02:19:28,2567,270,2005-07-11 01:37:28,1,2006-02-16 02:30:53
5534,2005-07-10 02:26:49,3251,156,2005-07-11 07:13:49,1,2006-02-16 02:30:53
5535,2005-07-10 02:27:42,1623,394,2005-07-12 21:13:42,1,2006-02-16 02:30:53
5536,2005-07-10 02:29:42,1919,195,2005-07-13 04:06:42,2,2006-02-16 02:30:53
5537,2005-07-10 02:35:41,1781,254,2005-07-13 07:11:41,2,2006-02-16 02:30:53
5538,2005-07-10 02:39:40,2119,367,2005-07-12 01:39:40,2,2006-02-16 02:30:53
5539,2005-07-10 02:42:58,3217,90,2005-07-16 02:27:58,2,2006-02-16 02:30:53
5540,2005-07-10 02:44:21,132,250,2005-07-11 07:13:21,1,2006-02-16 02:30:53
5541,2005-07-10 02:44:27,1211,135,2005-07-13 04:13:27,2,2006-02-16 02:30:53
5542,2005-07-10 02:45:53,1713,105,2005-07-15 23:23:53,2,2006-02-16 02:30:53
5543,2005-07-10 02:48:03,1496,71,2005-07-17 05:49:03,2,2006-02-16 02:30:53
5544,2005-07-10 02:48:07,1014,316,2005-07-17 01:08:07,1,2006-02-16 02:30:53
5545,2005-07-10 02:50:29,118,236,2005-07-16 02:11:29,1,2006-02-16 02:30:53
5546,2005-07-10 02:50:37,2918,515,2005-07-16 08:22:37,1,2006-02-16 02:30:53
5547,2005-07-10 02:52:47,1432,519,2005-07-16 02:10:47,1,2006-02-16 02:30:53
5548,2005-07-10 02:56:45,2973,317,2005-07-13 01:33:45,2,2006-02-16 02:30:53
5549,2005-07-10 02:58:29,2685,163,2005-07-17 05:24:29,2,2006-02-16 02:30:53
5550,2005-07-10 02:58:35,1905,254,2005-07-16 02:38:35,2,2006-02-16 02:30:53
5551,2005-07-10 03:01:09,4238,44,2005-07-18 02:04:09,2,2006-02-16 02:30:53
5552,2005-07-10 03:01:19,2879,27,2005-07-13 06:53:19,2,2006-02-16 02:30:53
5553,2005-07-10 03:03:35,1686,6,2005-07-14 07:49:35,2,2006-02-16 02:30:53
5554,2005-07-10 03:03:38,4084,252,2005-07-17 00:00:38,2,2006-02-16 02:30:53
5555,2005-07-10 03:08:55,2551,79,2005-07-11 01:36:55,2,2006-02-16 02:30:53
5556,2005-07-10 03:10:17,4483,354,2005-07-14 02:47:17,1,2006-02-16 02:30:53
5557,2005-07-10 03:10:21,1433,346,2005-07-11 21:34:21,1,2006-02-16 02:30:53
5558,2005-07-10 03:12:08,1123,96,2005-07-14 03:09:08,2,2006-02-16 02:30:53
5559,2005-07-10 03:13:07,4122,496,2005-07-18 08:33:07,1,2006-02-16 02:30:53
5560,2005-07-10 03:13:24,720,231,2005-07-19 06:03:24,2,2006-02-16 02:30:53
5561,2005-07-10 03:15:24,1048,369,2005-07-15 06:46:24,1,2006-02-16 02:30:53
5562,2005-07-10 03:17:42,3604,300,2005-07-12 03:26:42,1,2006-02-16 02:30:53
5563,2005-07-10 03:21:02,2258,362,2005-07-14 07:40:02,1,2006-02-16 02:30:53
5564,2005-07-10 03:23:05,196,355,2005-07-16 07:46:05,2,2006-02-16 02:30:53
5565,2005-07-10 03:29:48,3368,14,2005-07-17 04:43:48,1,2006-02-16 02:30:53
5566,2005-07-10 03:30:17,1343,124,2005-07-13 06:32:17,1,2006-02-16 02:30:53
5567,2005-07-10 03:36:46,1616,147,2005-07-15 23:22:46,2,2006-02-16 02:30:53
5568,2005-07-10 03:36:56,1130,424,2005-07-11 08:35:56,2,2006-02-16 02:30:53
5569,2005-07-10 03:38:32,2835,69,2005-07-16 00:02:32,2,2006-02-16 02:30:53
5570,2005-07-10 03:46:47,2013,374,2005-07-17 09:28:47,1,2006-02-16 02:30:53
5571,2005-07-10 03:48:20,1084,76,2005-07-11 02:09:20,2,2006-02-16 02:30:53
5572,2005-07-10 03:49:00,2709,458,2005-07-14 01:25:00,1,2006-02-16 02:30:53
5573,2005-07-10 03:50:47,2957,170,2005-07-17 06:40:47,2,2006-02-16 02:30:53
5574,2005-07-10 03:54:38,2307,163,2005-07-19 07:20:38,2,2006-02-16 02:30:53
5575,2005-07-10 03:55:50,2316,107,2005-07-12 08:40:50,1,2006-02-16 02:30:53
5576,2005-07-10 03:57:05,1453,217,2005-07-13 02:16:05,2,2006-02-16 02:30:53
5577,2005-07-10 03:58:40,3779,266,2005-07-14 03:36:40,1,2006-02-16 02:30:53
5578,2005-07-10 04:00:31,4543,378,2005-07-16 08:06:31,2,2006-02-16 02:30:53
5579,2005-07-10 04:04:29,945,203,2005-07-14 04:31:29,1,2006-02-16 02:30:53
5580,2005-07-10 04:05:49,2753,521,2005-07-18 22:36:49,2,2006-02-16 02:30:53
5581,2005-07-10 04:06:06,3450,306,2005-07-15 08:31:06,2,2006-02-16 02:30:53
5582,2005-07-10 04:08:25,3341,305,2005-07-13 06:04:25,1,2006-02-16 02:30:53
5583,2005-07-10 04:08:48,1242,391,2005-07-19 07:59:48,1,2006-02-16 02:30:53
5584,2005-07-10 04:15:25,2606,289,2005-07-16 22:54:25,2,2006-02-16 02:30:53
5585,2005-07-10 04:15:43,3524,63,2005-07-15 08:24:43,1,2006-02-16 02:30:53
5586,2005-07-10 04:17:06,2965,427,2005-07-18 07:11:06,1,2006-02-16 02:30:53
5587,2005-07-10 04:17:25,4485,531,2005-07-15 01:41:25,1,2006-02-16 02:30:53
5588,2005-07-10 04:21:10,1166,535,2005-07-16 02:58:10,2,2006-02-16 02:30:53
5589,2005-07-10 04:22:58,3673,296,2005-07-10 23:13:58,1,2006-02-16 02:30:53
5590,2005-07-10 04:23:11,4442,407,2005-07-19 09:03:11,1,2006-02-16 02:30:53
5591,2005-07-10 04:25:03,378,374,2005-07-16 04:21:03,1,2006-02-16 02:30:53
5592,2005-07-10 04:26:13,2471,222,2005-07-19 02:32:13,2,2006-02-16 02:30:53
5593,2005-07-10 04:33:13,702,287,2005-07-17 08:44:13,2,2006-02-16 02:30:53
5594,2005-07-10 04:33:36,61,440,2005-07-12 08:13:36,2,2006-02-16 02:30:53
5595,2005-07-10 04:33:45,264,572,2005-07-16 04:04:45,1,2006-02-16 02:30:53
5596,2005-07-10 04:43:14,1662,240,2005-07-11 22:58:14,2,2006-02-16 02:30:53
5597,2005-07-10 04:47:57,4264,576,2005-07-17 01:54:57,2,2006-02-16 02:30:53
5598,2005-07-10 04:48:29,3412,397,2005-07-18 10:33:29,2,2006-02-16 02:30:53
5599,2005-07-10 04:52:04,3054,391,2005-07-13 05:19:04,1,2006-02-16 02:30:53
5600,2005-07-10 04:55:45,3713,138,2005-07-18 03:10:45,2,2006-02-16 02:30:53
5601,2005-07-10 04:56:55,3062,511,2005-07-11 00:14:55,1,2006-02-16 02:30:53
5602,2005-07-10 05:02:22,3544,253,2005-07-14 23:40:22,2,2006-02-16 02:30:53
5603,2005-07-10 05:04:54,1308,74,2005-07-12 01:54:54,2,2006-02-16 02:30:53
5604,2005-07-10 05:05:00,3702,78,2005-07-12 08:04:00,1,2006-02-16 02:30:53
5605,2005-07-10 05:06:45,2964,273,2005-07-15 02:51:45,2,2006-02-16 02:30:53
5606,2005-07-10 05:07:55,2896,51,2005-07-15 00:14:55,2,2006-02-16 02:30:53
5607,2005-07-10 05:08:10,4257,52,2005-07-15 00:40:10,2,2006-02-16 02:30:53
5608,2005-07-10 05:08:26,3854,384,2005-07-10 23:24:26,1,2006-02-16 02:30:53
5609,2005-07-10 05:09:46,1553,492,2005-07-12 10:38:46,1,2006-02-16 02:30:53
5610,2005-07-10 05:09:52,481,131,2005-07-13 07:08:52,2,2006-02-16 02:30:53
5611,2005-07-10 05:13:43,2832,424,2005-07-16 05:56:43,1,2006-02-16 02:30:53
5612,2005-07-10 05:15:12,2363,472,2005-07-17 09:50:12,2,2006-02-16 02:30:53
5613,2005-07-10 05:15:43,4517,220,2005-07-13 05:17:43,2,2006-02-16 02:30:53
5614,2005-07-10 05:16:56,133,371,2005-07-13 02:03:56,1,2006-02-16 02:30:53
5615,2005-07-10 05:18:51,1521,173,2005-07-17 11:05:51,2,2006-02-16 02:30:53
5616,2005-07-10 05:21:11,4014,238,2005-07-18 08:42:11,2,2006-02-16 02:30:53
5617,2005-07-10 05:28:50,2324,342,2005-07-12 00:02:50,2,2006-02-16 02:30:53
5618,2005-07-10 05:28:58,757,316,2005-07-18 01:38:58,1,2006-02-16 02:30:53
5619,2005-07-10 05:29:33,113,204,2005-07-15 00:40:33,1,2006-02-16 02:30:53
5620,2005-07-10 05:30:52,2980,92,2005-07-16 04:13:52,1,2006-02-16 02:30:53
5621,2005-07-10 05:34:10,552,310,2005-07-14 02:49:10,1,2006-02-16 02:30:53
5622,2005-07-10 05:39:37,1783,568,2005-07-15 00:48:37,2,2006-02-16 02:30:53
5623,2005-07-10 05:41:38,4464,229,2005-07-14 01:01:38,2,2006-02-16 02:30:53
5624,2005-07-10 05:43:16,1015,114,2005-07-12 05:33:16,1,2006-02-16 02:30:53
5625,2005-07-10 05:44:02,1751,114,2005-07-12 00:03:02,2,2006-02-16 02:30:53
5626,2005-07-10 05:49:35,3029,389,2005-07-15 08:05:35,1,2006-02-16 02:30:53
5627,2005-07-10 05:51:12,244,136,2005-07-17 09:56:12,2,2006-02-16 02:30:53
5628,2005-07-10 05:56:40,4040,87,2005-07-17 11:13:40,1,2006-02-16 02:30:53
5629,2005-07-10 06:02:25,400,546,2005-07-16 07:33:25,1,2006-02-16 02:30:53
5630,2005-07-10 06:08:14,1151,537,2005-07-14 03:37:14,2,2006-02-16 02:30:53
5631,2005-07-10 06:15:45,2095,595,2005-07-17 09:53:45,2,2006-02-16 02:30:53
5632,2005-07-10 06:17:06,2632,404,2005-07-17 02:32:06,2,2006-02-16 02:30:53
5633,2005-07-10 06:22:24,1056,480,2005-07-11 05:59:24,2,2006-02-16 02:30:53
5634,2005-07-10 06:25:48,323,487,2005-07-17 09:07:48,2,2006-02-16 02:30:53
5635,2005-07-10 06:28:39,1457,222,2005-07-17 08:35:39,2,2006-02-16 02:30:53
5636,2005-07-10 06:31:24,4116,2,2005-07-13 02:36:24,1,2006-02-16 02:30:53
5637,2005-07-10 06:31:37,4436,45,2005-07-17 01:16:37,1,2006-02-16 02:30:53
5638,2005-07-10 06:32:49,1528,570,2005-07-13 04:32:49,2,2006-02-16 02:30:53
5639,2005-07-10 06:33:39,2452,249,2005-07-19 07:47:39,1,2006-02-16 02:30:53
5640,2005-07-10 06:38:00,2706,574,2005-07-18 08:56:00,2,2006-02-16 02:30:53
5641,2005-07-10 06:43:43,3568,50,2005-07-15 06:33:43,1,2006-02-16 02:30:53
5642,2005-07-10 06:46:08,3630,299,2005-07-13 10:03:08,1,2006-02-16 02:30:53
5643,2005-07-10 06:49:00,796,34,2005-07-14 01:53:00,1,2006-02-16 02:30:53
5644,2005-07-10 06:57:44,4069,476,2005-07-15 03:52:44,2,2006-02-16 02:30:53
5645,2005-07-10 06:58:21,1586,333,2005-07-18 04:19:21,2,2006-02-16 02:30:53
5646,2005-07-10 07:08:09,1471,166,2005-07-14 03:48:09,2,2006-02-16 02:30:53
5647,2005-07-10 07:08:40,1466,128,2005-07-13 05:19:40,2,2006-02-16 02:30:53
5648,2005-07-10 07:09:21,4359,24,2005-07-16 07:23:21,2,2006-02-16 02:30:53
5649,2005-07-10 07:15:07,1349,336,2005-07-12 11:57:07,2,2006-02-16 02:30:53
5650,2005-07-10 07:17:01,2793,461,2005-07-15 11:59:01,1,2006-02-16 02:30:53
5651,2005-07-10 07:17:13,301,239,2005-07-15 12:13:13,2,2006-02-16 02:30:53
5652,2005-07-10 07:18:58,927,42,2005-07-19 07:52:58,1,2006-02-16 02:30:53
5653,2005-07-10 07:21:27,919,28,2005-07-16 01:58:27,1,2006-02-16 02:30:53
5654,2005-07-10 07:24:46,3419,490,2005-07-14 07:39:46,2,2006-02-16 02:30:53
5655,2005-07-10 07:31:06,3470,113,2005-07-17 08:22:06,1,2006-02-16 02:30:53
5656,2005-07-10 07:31:07,4138,159,2005-07-15 04:44:07,1,2006-02-16 02:30:53
5657,2005-07-10 07:33:43,4342,508,2005-07-18 01:55:43,2,2006-02-16 02:30:53
5658,2005-07-10 07:34:08,4402,165,2005-07-19 04:21:08,2,2006-02-16 02:30:53
5659,2005-07-10 07:45:40,4265,9,2005-07-15 05:20:40,1,2006-02-16 02:30:53
5660,2005-07-10 07:46:12,1404,171,2005-07-17 07:48:12,1,2006-02-16 02:30:53
5661,2005-07-10 07:53:51,1878,108,2005-07-14 12:57:51,2,2006-02-16 02:30:53
5662,2005-07-10 07:59:24,219,502,2005-07-14 13:06:24,1,2006-02-16 02:30:53
5663,2005-07-10 08:01:33,3078,530,2005-07-15 03:36:33,2,2006-02-16 02:30:53
5664,2005-07-10 08:04:41,2375,469,2005-07-17 10:29:41,1,2006-02-16 02:30:53
5665,2005-07-10 08:10:08,1175,415,2005-07-11 05:22:08,2,2006-02-16 02:30:53
5666,2005-07-10 08:10:29,2225,242,2005-07-17 04:54:29,2,2006-02-16 02:30:53
5667,2005-07-10 08:11:03,683,336,2005-07-15 08:23:03,2,2006-02-16 02:30:53
5668,2005-07-10 08:11:05,309,211,2005-07-16 13:15:05,1,2006-02-16 02:30:53
5669,2005-07-10 08:12:53,1173,323,2005-07-11 05:48:53,2,2006-02-16 02:30:53
5670,2005-07-10 08:14:52,610,121,2005-07-14 04:13:52,2,2006-02-16 02:30:53
5671,2005-07-10 08:18:22,1304,268,2005-07-11 07:03:22,2,2006-02-16 02:30:53
5672,2005-07-10 08:19:38,2326,158,2005-07-16 06:28:38,2,2006-02-16 02:30:53
5673,2005-07-10 08:21:54,4018,117,2005-07-11 05:54:54,2,2006-02-16 02:30:53
5674,2005-07-10 08:26:26,548,258,2005-07-16 02:43:26,1,2006-02-16 02:30:53
5675,2005-07-10 08:31:06,2134,376,2005-07-17 11:48:06,1,2006-02-16 02:30:53
5676,2005-07-10 08:38:32,3595,153,2005-07-13 10:11:32,1,2006-02-16 02:30:53
5677,2005-07-10 08:41:28,2647,105,2005-07-12 09:05:28,2,2006-02-16 02:30:53
5678,2005-07-10 08:42:42,4366,96,2005-07-19 03:48:42,1,2006-02-16 02:30:53
5679,2005-07-10 08:44:02,389,138,2005-07-14 05:30:02,1,2006-02-16 02:30:53
5680,2005-07-10 08:47:36,3503,199,2005-07-17 06:10:36,1,2006-02-16 02:30:53
5681,2005-07-10 08:48:39,4176,50,2005-07-18 07:17:39,1,2006-02-16 02:30:53
5682,2005-07-10 08:51:39,17,302,2005-07-12 14:44:39,2,2006-02-16 02:30:53
5683,2005-07-10 08:52:13,4433,285,2005-07-19 10:25:13,1,2006-02-16 02:30:53
5684,2005-07-10 08:59:03,99,132,2005-07-15 07:21:03,1,2006-02-16 02:30:53
5685,2005-07-10 09:01:38,1462,170,2005-07-17 10:58:38,1,2006-02-16 02:30:53
5686,2005-07-10 09:06:03,717,521,2005-07-11 10:59:03,2,2006-02-16 02:30:53
5687,2005-07-10 09:07:19,2170,363,2005-07-16 11:17:19,2,2006-02-16 02:30:53
5688,2005-07-10 09:16:08,3036,598,2005-07-15 09:44:08,1,2006-02-16 02:30:53
5689,2005-07-10 09:24:17,1731,381,2005-07-15 05:36:17,1,2006-02-16 02:30:53
5690,2005-07-10 09:26:49,1326,362,2005-07-19 07:17:49,2,2006-02-16 02:30:53
5691,2005-07-10 09:29:49,3526,466,2005-07-16 13:37:49,1,2006-02-16 02:30:53
5692,2005-07-10 09:32:22,59,244,2005-07-15 15:20:22,2,2006-02-16 02:30:53
5693,2005-07-10 09:35:43,2167,208,2005-07-12 08:05:43,2,2006-02-16 02:30:53
5694,2005-07-10 09:40:38,3476,57,2005-07-14 09:16:38,1,2006-02-16 02:30:53
5695,2005-07-10 09:43:40,440,459,2005-07-13 15:04:40,2,2006-02-16 02:30:53
5696,2005-07-10 09:44:32,128,96,2005-07-12 13:38:32,2,2006-02-16 02:30:53
5697,2005-07-10 09:44:44,934,515,2005-07-12 12:13:44,2,2006-02-16 02:30:53
5698,2005-07-10 09:47:00,639,46,2005-07-16 06:26:00,1,2006-02-16 02:30:53
5699,2005-07-10 09:48:04,958,211,2005-07-17 09:07:04,1,2006-02-16 02:30:53
5700,2005-07-10 09:49:42,3961,87,2005-07-19 04:20:42,1,2006-02-16 02:30:53
5701,2005-07-10 09:56:24,2395,91,2005-07-16 15:11:24,2,2006-02-16 02:30:53
5702,2005-07-10 10:00:01,3349,324,2005-07-11 15:29:01,1,2006-02-16 02:30:53
5703,2005-07-10 10:04:15,1585,132,2005-07-16 07:43:15,1,2006-02-16 02:30:53
5704,2005-07-10 10:06:29,2104,591,2005-07-17 10:48:29,1,2006-02-16 02:30:53
5705,2005-07-10 10:09:17,4030,300,2005-07-19 07:24:17,2,2006-02-16 02:30:53
5706,2005-07-10 10:21:46,3701,255,2005-07-16 04:37:46,2,2006-02-16 02:30:53
5707,2005-07-10 10:26:14,708,581,2005-07-18 06:19:14,1,2006-02-16 02:30:53
5708,2005-07-10 10:29:19,571,484,2005-07-18 06:50:19,1,2006-02-16 02:30:53
5709,2005-07-10 10:31:52,732,302,2005-07-12 10:47:52,1,2006-02-16 02:30:53
5710,2005-07-10 10:32:52,2843,265,2005-07-18 06:28:52,1,2006-02-16 02:30:53
5711,2005-07-10 10:37:20,3988,481,2005-07-13 11:20:20,1,2006-02-16 02:30:53
5712,2005-07-10 10:40:32,3480,304,2005-07-12 11:45:32,1,2006-02-16 02:30:53
5713,2005-07-10 10:46:15,1213,572,2005-07-19 14:34:15,1,2006-02-16 02:30:53
5714,2005-07-10 10:46:57,3706,17,2005-07-18 14:07:57,1,2006-02-16 02:30:53
5715,2005-07-10 10:48:03,1638,132,2005-07-18 11:27:03,1,2006-02-16 02:30:53
5716,2005-07-10 10:59:23,3416,102,2005-07-16 12:25:23,2,2006-02-16 02:30:53
5717,2005-07-10 11:02:03,529,15,2005-07-13 13:00:03,1,2006-02-16 02:30:53
5718,2005-07-10 11:03:20,3719,20,2005-07-19 15:38:20,2,2006-02-16 02:30:53
5719,2005-07-10 11:07:40,2100,94,2005-07-15 14:14:40,2,2006-02-16 02:30:53
5720,2005-07-10 11:09:12,576,339,2005-07-16 07:31:12,1,2006-02-16 02:30:53
5721,2005-07-10 11:09:35,2348,5,2005-07-17 16:41:35,2,2006-02-16 02:30:53
5722,2005-07-10 11:10:04,2890,556,2005-07-12 16:31:04,2,2006-02-16 02:30:53
5723,2005-07-10 11:14:48,605,33,2005-07-11 15:46:48,2,2006-02-16 02:30:53
5724,2005-07-10 11:18:12,3597,289,2005-07-16 14:53:12,2,2006-02-16 02:30:53
5725,2005-07-10 11:21:21,4293,426,2005-07-14 05:34:21,2,2006-02-16 02:30:53
5726,2005-07-10 11:22:08,3582,131,2005-07-13 05:55:08,1,2006-02-16 02:30:53
5727,2005-07-10 11:25:28,3338,550,2005-07-11 11:03:28,2,2006-02-16 02:30:53
5728,2005-07-10 11:26:14,636,335,2005-07-15 12:55:14,1,2006-02-16 02:30:53
5729,2005-07-10 11:27:25,4137,188,2005-07-15 06:13:25,2,2006-02-16 02:30:53
5730,2005-07-10 11:28:32,1903,301,2005-07-11 11:45:32,2,2006-02-16 02:30:53
5731,2005-07-10 11:31:52,2960,440,2005-07-14 11:44:52,1,2006-02-16 02:30:53
5732,2005-07-10 11:36:32,2833,597,2005-07-12 13:09:32,2,2006-02-16 02:30:53
5733,2005-07-10 11:37:24,3806,415,2005-07-11 12:34:24,2,2006-02-16 02:30:53
5734,2005-07-10 11:37:28,399,447,2005-07-16 11:10:28,1,2006-02-16 02:30:53
5735,2005-07-10 11:39:15,3259,65,2005-07-19 09:52:15,1,2006-02-16 02:30:53
5736,2005-07-10 11:45:48,1172,27,2005-07-13 16:40:48,1,2006-02-16 02:30:53
5737,2005-07-10 11:50:04,1118,218,2005-07-13 10:37:04,1,2006-02-16 02:30:53
5738,2005-07-10 11:50:51,200,187,2005-07-19 17:46:51,1,2006-02-16 02:30:53
5739,2005-07-10 11:51:50,163,219,2005-07-19 17:40:50,1,2006-02-16 02:30:53
5740,2005-07-10 11:51:58,2147,325,2005-07-12 07:53:58,2,2006-02-16 02:30:53
5741,2005-07-10 11:55:40,2041,513,2005-07-16 15:02:40,2,2006-02-16 02:30:53
5742,2005-07-10 11:56:18,3975,596,2005-07-19 06:59:18,2,2006-02-16 02:30:53
5743,2005-07-10 11:57:38,593,297,2005-07-19 15:38:38,2,2006-02-16 02:30:53
5744,2005-07-10 12:08:33,1372,437,2005-07-14 12:34:33,2,2006-02-16 02:30:53
5745,2005-07-10 12:10:11,41,305,2005-07-19 06:56:11,1,2006-02-16 02:30:53
5746,2005-07-10 12:15:12,3071,82,2005-07-16 07:02:12,1,2006-02-16 02:30:53
5747,2005-07-10 12:15:33,4562,583,2005-07-18 10:11:33,1,2006-02-16 02:30:53
5748,2005-07-10 12:19:59,1618,99,2005-07-12 12:59:59,1,2006-02-16 02:30:53
5749,2005-07-10 12:20:36,1768,304,2005-07-19 10:39:36,1,2006-02-16 02:30:53
5750,2005-07-10 12:20:41,3855,330,2005-07-17 08:25:41,2,2006-02-16 02:30:53
5751,2005-07-10 12:25:11,387,479,2005-07-11 15:23:11,1,2006-02-16 02:30:53
5752,2005-07-10 12:27:38,4444,86,2005-07-18 09:22:38,2,2006-02-16 02:30:53
5753,2005-07-10 12:29:43,3639,444,2005-07-17 12:50:43,2,2006-02-16 02:30:53
5754,2005-07-10 12:32:43,162,291,2005-07-12 13:11:43,2,2006-02-16 02:30:53
5755,2005-07-10 12:38:56,2760,2,2005-07-19 17:02:56,1,2006-02-16 02:30:53
5756,2005-07-10 12:39:28,130,183,2005-07-11 14:08:28,2,2006-02-16 02:30:53
5757,2005-07-10 12:40:17,1827,101,2005-07-12 14:02:17,1,2006-02-16 02:30:53
5758,2005-07-10 12:42:43,502,363,2005-07-16 10:18:43,2,2006-02-16 02:30:53
5759,2005-07-10 12:43:22,816,591,2005-07-16 16:42:22,1,2006-02-16 02:30:53
5760,2005-07-10 12:44:48,1050,154,2005-07-14 12:25:48,1,2006-02-16 02:30:53
5761,2005-07-10 12:45:36,1763,287,2005-07-13 10:05:36,2,2006-02-16 02:30:53
5762,2005-07-10 12:48:01,1815,217,2005-07-18 16:43:01,1,2006-02-16 02:30:53
5763,2005-07-10 12:58:12,753,397,2005-07-14 08:52:12,1,2006-02-16 02:30:53
5764,2005-07-10 12:58:16,1556,245,2005-07-19 07:28:16,1,2006-02-16 02:30:53
5765,2005-07-10 13:03:02,2619,293,2005-07-16 09:31:02,1,2006-02-16 02:30:53
5766,2005-07-10 13:07:31,7,406,2005-07-16 13:03:31,1,2006-02-16 02:30:53
5767,2005-07-10 13:13:18,2871,32,2005-07-17 14:41:18,2,2006-02-16 02:30:53
5768,2005-07-10 13:15:26,345,196,2005-07-15 09:42:26,1,2006-02-16 02:30:53
5769,2005-07-10 13:17:58,4052,141,2005-07-11 11:32:58,1,2006-02-16 02:30:53
5770,2005-07-10 13:21:28,914,71,2005-07-11 08:59:28,2,2006-02-16 02:30:53
5771,2005-07-10 13:26:45,3275,153,2005-07-14 15:43:45,1,2006-02-16 02:30:53
5772,2005-07-10 13:27:40,3635,21,2005-07-17 08:24:40,1,2006-02-16 02:30:53
5773,2005-07-10 13:31:09,3277,180,2005-07-15 08:21:09,2,2006-02-16 02:30:53
5774,2005-07-10 13:31:56,326,113,2005-07-18 07:32:56,1,2006-02-16 02:30:53
5775,2005-07-10 13:34:26,2175,325,2005-07-15 10:01:26,1,2006-02-16 02:30:53
5776,2005-07-10 13:35:22,3592,568,2005-07-12 17:58:22,1,2006-02-16 02:30:53
5777,2005-07-10 13:38:41,3959,40,2005-07-17 15:48:41,2,2006-02-16 02:30:53
5778,2005-07-10 13:41:37,4435,324,2005-07-14 16:26:37,1,2006-02-16 02:30:53
5779,2005-07-10 13:45:54,3266,244,2005-07-15 18:13:54,1,2006-02-16 02:30:53
5780,2005-07-10 13:46:23,168,516,2005-07-14 17:19:23,2,2006-02-16 02:30:53
5781,2005-07-10 13:49:30,3191,167,2005-07-11 12:11:30,2,2006-02-16 02:30:53
5782,2005-07-10 13:52:56,2514,440,2005-07-15 09:32:56,2,2006-02-16 02:30:53
5783,2005-07-10 13:55:33,3331,385,2005-07-16 12:13:33,1,2006-02-16 02:30:53
5784,2005-07-10 14:03:28,2323,422,2005-07-16 16:22:28,1,2006-02-16 02:30:53
5785,2005-07-10 14:06:03,142,211,2005-07-17 17:59:03,2,2006-02-16 02:30:53
5786,2005-07-10 14:06:44,2290,350,2005-07-14 19:55:44,2,2006-02-16 02:30:53
5787,2005-07-10 14:08:49,1075,44,2005-07-19 18:29:49,1,2006-02-16 02:30:53
5788,2005-07-10 14:10:22,1707,63,2005-07-14 19:46:22,2,2006-02-16 02:30:53
5789,2005-07-10 14:11:26,2601,571,2005-07-18 16:19:26,1,2006-02-16 02:30:53
5790,2005-07-10 14:15:21,1696,235,2005-07-14 08:53:21,2,2006-02-16 02:30:53
5791,2005-07-10 14:16:22,2795,319,2005-07-19 13:38:22,2,2006-02-16 02:30:53
5792,2005-07-10 14:22:19,4234,92,2005-07-19 09:08:19,1,2006-02-16 02:30:53
5793,2005-07-10 14:33:00,2927,268,2005-07-13 19:27:00,1,2006-02-16 02:30:53
5794,2005-07-10 14:34:53,1164,198,2005-07-17 11:50:53,2,2006-02-16 02:30:53
5795,2005-07-10 14:36:29,3958,304,2005-07-14 13:26:29,1,2006-02-16 02:30:53
5796,2005-07-10 14:42:54,1631,286,2005-07-17 08:47:54,2,2006-02-16 02:30:53
5797,2005-07-10 14:43:52,1880,384,2005-07-13 16:12:52,2,2006-02-16 02:30:53
5798,2005-07-10 14:45:09,331,107,2005-07-16 13:43:09,1,2006-02-16 02:30:53
5799,2005-07-10 14:53:35,3045,520,2005-07-14 16:18:35,2,2006-02-16 02:30:53
5800,2005-07-10 14:58:36,2466,411,2005-07-11 19:50:36,2,2006-02-16 02:30:53
5801,2005-07-10 14:59:05,3511,439,2005-07-14 17:55:05,2,2006-02-16 02:30:53
5802,2005-07-10 15:02:17,2295,520,2005-07-19 15:43:17,2,2006-02-16 02:30:53
5803,2005-07-10 15:05:42,1982,244,2005-07-15 10:19:42,1,2006-02-16 02:30:53
5804,2005-07-10 15:06:31,2168,137,2005-07-14 11:00:31,1,2006-02-16 02:30:53
5805,2005-07-10 15:08:41,3553,532,2005-07-19 16:35:41,2,2006-02-16 02:30:53
5806,2005-07-10 15:11:54,29,108,2005-07-15 11:51:54,2,2006-02-16 02:30:53
5807,2005-07-10 15:16:30,2092,301,2005-07-11 14:02:30,2,2006-02-16 02:30:53
5808,2005-07-10 15:17:33,2310,170,2005-07-14 12:14:33,2,2006-02-16 02:30:53
5809,2005-07-10 15:19:30,1748,461,2005-07-13 12:31:30,2,2006-02-16 02:30:53
5810,2005-07-10 15:22:04,1426,482,2005-07-18 21:05:04,2,2006-02-16 02:30:53
5811,2005-07-10 15:27:04,4007,441,2005-07-12 17:20:04,1,2006-02-16 02:30:53
5812,2005-07-10 15:27:56,1681,581,2005-07-18 15:37:56,2,2006-02-16 02:30:53
5813,2005-07-10 15:34:37,942,512,2005-07-17 16:14:37,2,2006-02-16 02:30:53
5814,2005-07-10 15:46:50,2537,71,2005-07-13 15:28:50,2,2006-02-16 02:30:53
5815,2005-07-10 15:48:19,2934,22,2005-07-13 12:09:19,1,2006-02-16 02:30:53
5816,2005-07-10 15:48:47,1746,382,2005-07-13 11:51:47,2,2006-02-16 02:30:53
5817,2005-07-10 15:49:12,2993,28,2005-07-18 19:30:12,2,2006-02-16 02:30:53
5818,2005-07-10 15:51:12,3940,334,2005-07-14 14:10:12,2,2006-02-16 02:30:53
5819,2005-07-10 15:56:20,3439,347,2005-07-12 19:59:20,2,2006-02-16 02:30:53
5820,2005-07-10 16:04:59,1511,485,2005-07-16 12:10:59,1,2006-02-16 02:30:53
5821,2005-07-10 16:07:16,147,302,2005-07-14 19:48:16,1,2006-02-16 02:30:53
5822,2005-07-10 16:10:39,1385,38,2005-07-13 19:05:39,2,2006-02-16 02:30:53
5823,2005-07-10 16:19:52,1879,483,2005-07-11 12:33:52,2,2006-02-16 02:30:53
5824,2005-07-10 16:19:53,1980,449,2005-07-12 11:17:53,2,2006-02-16 02:30:53
5825,2005-07-10 16:20:30,3843,444,2005-07-11 18:58:30,1,2006-02-16 02:30:53
5826,2005-07-10 16:21:02,4104,254,2005-07-17 21:08:02,1,2006-02-16 02:30:53
5827,2005-07-10 16:22:20,1296,290,2005-07-15 21:13:20,2,2006-02-16 02:30:53
5828,2005-07-10 16:27:25,2999,156,2005-07-11 18:42:25,1,2006-02-16 02:30:53
5829,2005-07-10 16:29:41,3405,118,2005-07-14 22:03:41,1,2006-02-16 02:30:53
5830,2005-07-10 16:34:00,2358,59,2005-07-18 16:42:00,1,2006-02-16 02:30:53
5831,2005-07-10 16:34:02,830,43,2005-07-11 14:27:02,2,2006-02-16 02:30:53
5832,2005-07-10 16:34:48,2387,63,2005-07-17 17:25:48,1,2006-02-16 02:30:53
5833,2005-07-10 16:39:24,3829,187,2005-07-17 12:52:24,1,2006-02-16 02:30:53
5834,2005-07-10 16:44:12,85,360,2005-07-14 11:34:12,2,2006-02-16 02:30:53
5835,2005-07-10 16:44:58,800,11,2005-07-17 16:03:58,2,2006-02-16 02:30:53
5836,2005-07-10 16:49:02,1842,310,2005-07-11 22:35:02,2,2006-02-16 02:30:53
5837,2005-07-10 16:57:50,1648,478,2005-07-18 14:07:50,2,2006-02-16 02:30:53
5838,2005-07-10 17:04:56,1627,202,2005-07-11 15:15:56,1,2006-02-16 02:30:53
5839,2005-07-10 17:08:30,252,367,2005-07-13 21:21:30,2,2006-02-16 02:30:53
5840,2005-07-10 17:09:09,1073,72,2005-07-15 22:52:09,1,2006-02-16 02:30:53
5841,2005-07-10 17:11:31,1230,525,2005-07-18 15:50:31,2,2006-02-16 02:30:53
5842,2005-07-10 17:11:37,139,247,2005-07-14 21:43:37,1,2006-02-16 02:30:53
5843,2005-07-10 17:14:27,1615,599,2005-07-15 21:18:27,2,2006-02-16 02:30:53
5844,2005-07-10 17:14:43,609,147,2005-07-12 19:27:43,1,2006-02-16 02:30:53
5845,2005-07-10 17:23:14,2882,334,2005-07-12 16:29:14,2,2006-02-16 02:30:53
5846,2005-07-10 17:25:24,938,233,2005-07-12 13:41:24,2,2006-02-16 02:30:53
5847,2005-07-10 17:27:42,4403,220,2005-07-12 14:51:42,2,2006-02-16 02:30:53
5848,2005-07-10 17:28:14,4549,409,2005-07-14 11:54:14,1,2006-02-16 02:30:53
5849,2005-07-10 17:32:33,1632,44,2005-07-19 22:39:33,1,2006-02-16 02:30:53
5850,2005-07-10 17:36:27,4015,531,2005-07-15 16:44:27,2,2006-02-16 02:30:53
5851,2005-07-10 17:40:47,3944,510,2005-07-11 19:24:47,2,2006-02-16 02:30:53
5852,2005-07-10 17:43:30,3890,484,2005-07-15 15:05:30,2,2006-02-16 02:30:53
5853,2005-07-10 17:45:13,3026,520,2005-07-17 21:37:13,1,2006-02-16 02:30:53
5854,2005-07-10 17:47:34,997,547,2005-07-13 20:14:34,2,2006-02-16 02:30:53
5855,2005-07-10 17:54:06,2457,166,2005-07-18 15:41:06,2,2006-02-16 02:30:53
5856,2005-07-10 17:57:32,497,314,2005-07-11 13:57:32,1,2006-02-16 02:30:53
5857,2005-07-10 17:59:29,1265,29,2005-07-18 18:13:29,1,2006-02-16 02:30:53
5858,2005-07-10 18:00:07,2913,257,2005-07-11 20:01:07,2,2006-02-16 02:30:53
5859,2005-07-10 18:02:02,131,220,2005-07-11 23:24:02,1,2006-02-16 02:30:53
5860,2005-07-10 18:08:49,3897,180,2005-07-16 16:43:49,2,2006-02-16 02:30:53
5861,2005-07-10 18:14:22,3881,277,2005-07-14 15:32:22,1,2006-02-16 02:30:53
5862,2005-07-10 18:20:48,2075,157,2005-07-17 00:09:48,1,2006-02-16 02:30:53
5863,2005-07-10 18:25:23,2557,419,2005-07-15 23:49:23,1,2006-02-16 02:30:53
5864,2005-07-10 18:29:57,4380,437,2005-07-19 14:27:57,2,2006-02-16 02:30:53
5865,2005-07-10 18:31:05,1382,126,2005-07-12 18:29:05,2,2006-02-16 02:30:53
5866,2005-07-10 18:35:14,457,484,2005-07-19 19:41:14,2,2006-02-16 02:30:53
5867,2005-07-10 18:39:01,730,321,2005-07-19 21:56:01,2,2006-02-16 02:30:53
5868,2005-07-10 18:39:16,452,429,2005-07-15 21:19:16,1,2006-02-16 02:30:53
5869,2005-07-10 18:40:09,2157,40,2005-07-17 18:42:09,1,2006-02-16 02:30:53
5870,2005-07-10 18:40:25,1524,438,2005-07-12 15:39:25,2,2006-02-16 02:30:53
5871,2005-07-10 18:46:08,3288,307,2005-07-16 17:32:08,1,2006-02-16 02:30:53
5872,2005-07-10 18:54:05,270,364,2005-07-19 15:41:05,1,2006-02-16 02:30:53
5873,2005-07-10 19:02:10,3151,354,2005-07-14 19:13:10,2,2006-02-16 02:30:53
5874,2005-07-10 19:02:51,2255,131,2005-07-16 13:14:51,1,2006-02-16 02:30:53
5875,2005-07-10 19:06:47,964,575,2005-07-18 17:33:47,2,2006-02-16 02:30:53
5876,2005-07-10 19:07:15,4445,578,2005-07-14 17:29:15,2,2006-02-16 02:30:53
5877,2005-07-10 19:08:51,1520,537,2005-07-19 19:48:51,1,2006-02-16 02:30:53
5878,2005-07-10 19:09:57,3805,271,2005-07-16 17:22:57,1,2006-02-16 02:30:53
5879,2005-07-10 19:12:47,3851,430,2005-07-16 16:32:47,1,2006-02-16 02:30:53
5880,2005-07-10 19:14:58,359,482,2005-07-17 01:13:58,1,2006-02-16 02:30:53
5881,2005-07-10 19:19:43,236,25,2005-07-12 20:11:43,1,2006-02-16 02:30:53
5882,2005-07-10 19:20:34,2830,319,2005-07-11 18:39:34,2,2006-02-16 02:30:53
5883,2005-07-10 19:25:21,2820,17,2005-07-16 20:50:21,2,2006-02-16 02:30:53
5884,2005-07-10 19:31:38,916,498,2005-07-11 20:30:38,1,2006-02-16 02:30:53
5885,2005-07-10 19:33:50,3129,331,2005-07-17 00:26:50,2,2006-02-16 02:30:53
5886,2005-07-10 19:36:25,907,215,2005-07-11 22:24:25,2,2006-02-16 02:30:53
5887,2005-07-10 19:45:47,2602,532,2005-07-15 22:15:47,1,2006-02-16 02:30:53
5888,2005-07-10 19:52:17,1620,268,2005-07-18 20:32:17,2,2006-02-16 02:30:53
5889,2005-07-10 19:54:41,1706,491,2005-07-12 20:08:41,2,2006-02-16 02:30:53
5890,2005-07-10 20:00:25,1463,535,2005-07-18 17:57:25,2,2006-02-16 02:30:53
5891,2005-07-10 20:01:17,4355,184,2005-07-12 00:15:17,1,2006-02-16 02:30:53
5892,2005-07-10 20:02:42,4322,333,2005-07-11 20:02:42,1,2006-02-16 02:30:53
5893,2005-07-10 20:05:30,1689,439,2005-07-14 23:05:30,1,2006-02-16 02:30:53
5894,2005-07-10 20:09:34,2264,194,2005-07-17 15:39:34,1,2006-02-16 02:30:53
5895,2005-07-10 20:13:19,2272,164,2005-07-17 17:51:19,1,2006-02-16 02:30:53
5896,2005-07-10 20:15:56,731,357,2005-07-12 00:39:56,1,2006-02-16 02:30:53
5897,2005-07-10 20:16:14,740,413,2005-07-19 15:49:14,2,2006-02-16 02:30:53
5898,2005-07-10 20:18:09,3257,538,2005-07-16 14:44:09,1,2006-02-16 02:30:53
5899,2005-07-10 20:21:52,1391,388,2005-07-13 00:46:52,1,2006-02-16 02:30:53
5900,2005-07-10 20:21:54,1081,419,2005-07-17 00:26:54,1,2006-02-16 02:30:53
5901,2005-07-10 20:22:12,86,165,2005-07-19 16:43:12,2,2006-02-16 02:30:53
5902,2005-07-10 20:31:24,2727,228,2005-07-11 20:50:24,1,2006-02-16 02:30:53
5903,2005-07-10 20:39:04,1388,573,2005-07-11 17:41:04,1,2006-02-16 02:30:53
5904,2005-07-10 20:39:44,350,531,2005-07-13 17:57:44,2,2006-02-16 02:30:53
5905,2005-07-10 20:41:09,3891,10,2005-07-19 14:49:09,1,2006-02-16 02:30:53
5906,2005-07-10 20:41:41,514,323,2005-07-14 00:12:41,2,2006-02-16 02:30:53
5907,2005-07-10 20:41:41,4432,168,2005-07-15 21:18:41,2,2006-02-16 02:30:53
5908,2005-07-10 20:44:14,810,156,2005-07-13 15:05:14,2,2006-02-16 02:30:53
5909,2005-07-10 20:46:13,2333,44,2005-07-14 18:01:13,2,2006-02-16 02:30:53
5910,2005-07-10 20:51:34,1039,464,2005-07-19 14:54:34,1,2006-02-16 02:30:53
5911,2005-07-10 20:51:42,4140,420,2005-07-14 21:58:42,2,2006-02-16 02:30:53
5912,2005-07-10 20:58:22,1187,351,2005-07-17 01:15:22,2,2006-02-16 02:30:53
5913,2005-07-10 20:58:55,2767,277,2005-07-13 15:18:55,1,2006-02-16 02:30:53
5914,2005-07-10 21:01:12,2639,372,2005-07-16 18:27:12,2,2006-02-16 02:30:53
5915,2005-07-10 21:12:16,2464,66,2005-07-15 16:59:16,2,2006-02-16 02:30:53
5916,2005-07-10 21:26:31,2267,35,2005-07-19 20:23:31,1,2006-02-16 02:30:53
5917,2005-07-10 21:30:22,2910,74,2005-07-12 18:54:22,2,2006-02-16 02:30:53
5918,2005-07-10 21:32:06,120,34,2005-07-19 21:35:06,1,2006-02-16 02:30:53
5919,2005-07-10 21:32:14,164,92,2005-07-12 16:47:14,1,2006-02-16 02:30:53
5920,2005-07-10 21:33:58,1893,221,2005-07-17 19:41:58,2,2006-02-16 02:30:53
5921,2005-07-10 21:35:12,3920,7,2005-07-18 19:59:12,1,2006-02-16 02:30:53
5922,2005-07-10 21:36:53,1392,271,2005-07-16 02:51:53,1,2006-02-16 02:30:53
5923,2005-07-10 21:40:06,1817,401,2005-07-13 00:01:06,1,2006-02-16 02:30:53
5924,2005-07-10 21:41:23,629,191,2005-07-16 21:33:23,1,2006-02-16 02:30:53
5925,2005-07-10 21:41:27,3724,503,2005-07-18 18:35:27,2,2006-02-16 02:30:53
5926,2005-07-10 21:53:42,2840,282,2005-07-20 01:04:42,1,2006-02-16 02:30:53
5927,2005-07-10 21:57:14,807,70,2005-07-16 19:32:14,1,2006-02-16 02:30:53
5928,2005-07-10 21:58:30,4132,50,2005-07-15 19:41:30,1,2006-02-16 02:30:53
5929,2005-07-10 21:59:29,4303,54,2005-07-14 20:20:29,2,2006-02-16 02:30:53
5930,2005-07-10 21:59:32,2338,254,2005-07-11 18:40:32,2,2006-02-16 02:30:53
5931,2005-07-10 22:04:19,2259,341,2005-07-13 00:45:19,2,2006-02-16 02:30:53
5932,2005-07-10 22:05:15,2269,523,2005-07-12 17:04:15,2,2006-02-16 02:30:53
5933,2005-07-10 22:06:48,4372,419,2005-07-12 23:58:48,2,2006-02-16 02:30:53
5934,2005-07-10 22:07:59,3825,576,2005-07-15 21:07:59,2,2006-02-16 02:30:53
5935,2005-07-10 22:11:04,3371,258,2005-07-19 18:12:04,2,2006-02-16 02:30:53
5936,2005-07-10 22:14:30,1951,522,2005-07-15 01:32:30,1,2006-02-16 02:30:53
5937,2005-07-10 22:16:08,1579,580,2005-07-16 03:08:08,2,2006-02-16 02:30:53
5938,2005-07-10 22:17:42,2834,236,2005-07-16 22:38:42,2,2006-02-16 02:30:53
5939,2005-07-10 22:30:05,4491,207,2005-07-14 00:02:05,2,2006-02-16 02:30:53
5940,2005-07-10 22:31:01,3295,292,2005-07-14 00:52:01,1,2006-02-16 02:30:53
5941,2005-07-10 22:40:47,492,43,2005-07-17 00:19:47,2,2006-02-16 02:30:53
5942,2005-07-10 22:47:17,2861,317,2005-07-17 01:54:17,2,2006-02-16 02:30:53
5943,2005-07-10 22:48:13,3019,255,2005-07-16 01:33:13,1,2006-02-16 02:30:53
5944,2005-07-10 22:51:44,3904,432,2005-07-18 17:54:44,2,2006-02-16 02:30:53
5945,2005-07-10 22:52:42,427,374,2005-07-11 21:52:42,1,2006-02-16 02:30:53
5946,2005-07-10 22:57:29,1629,308,2005-07-12 00:08:29,1,2006-02-16 02:30:53
5947,2005-07-10 23:07:42,327,331,2005-07-18 23:13:42,1,2006-02-16 02:30:53
5948,2005-07-10 23:12:08,3260,57,2005-07-18 19:06:08,2,2006-02-16 02:30:53
5949,2005-07-10 23:13:00,4397,496,2005-07-14 01:10:00,2,2006-02-16 02:30:53
5950,2005-07-10 23:13:45,4319,585,2005-07-13 02:35:45,1,2006-02-16 02:30:53
5951,2005-07-10 23:14:29,2501,589,2005-07-13 01:01:29,1,2006-02-16 02:30:53
5952,2005-07-10 23:18:20,3406,595,2005-07-16 17:42:20,1,2006-02-16 02:30:53
5953,2005-07-10 23:21:35,992,386,2005-07-14 20:48:35,2,2006-02-16 02:30:53
5954,2005-07-10 23:22:01,2627,32,2005-07-14 04:42:01,2,2006-02-16 02:30:53
5955,2005-07-10 23:22:10,834,409,2005-07-17 17:55:10,2,2006-02-16 02:30:53
5956,2005-07-10 23:23:08,2536,499,2005-07-13 17:36:08,1,2006-02-16 02:30:53
5957,2005-07-10 23:24:02,2517,210,2005-07-12 20:28:02,1,2006-02-16 02:30:53
5958,2005-07-10 23:31:51,3468,430,2005-07-19 00:36:51,2,2006-02-16 02:30:53
5959,2005-07-10 23:35:36,3169,436,2005-07-13 02:19:36,1,2006-02-16 02:30:53
5960,2005-07-10 23:38:34,3884,239,2005-07-11 19:21:34,1,2006-02-16 02:30:53
5961,2005-07-10 23:43:23,3537,21,2005-07-15 05:21:23,2,2006-02-16 02:30:53
5962,2005-07-10 23:45:22,1292,507,2005-07-13 03:49:22,2,2006-02-16 02:30:53
5963,2005-07-10 23:47:08,4434,35,2005-07-12 04:27:08,1,2006-02-16 02:30:53
5964,2005-07-10 23:47:18,3981,456,2005-07-12 03:55:18,2,2006-02-16 02:30:53
5965,2005-07-10 23:51:52,4476,348,2005-07-11 23:29:52,1,2006-02-16 02:30:53
5966,2005-07-10 23:59:27,2076,384,2005-07-14 23:38:27,2,2006-02-16 02:30:53
5967,2005-07-11 00:02:19,2125,215,2005-07-18 23:08:19,1,2006-02-16 02:30:53
5968,2005-07-11 00:03:11,3273,554,2005-07-19 18:46:11,1,2006-02-16 02:30:53
5969,2005-07-11 00:03:22,4177,433,2005-07-18 01:28:22,2,2006-02-16 02:30:53
5970,2005-07-11 00:04:50,1514,94,2005-07-19 03:36:50,1,2006-02-16 02:30:53
5971,2005-07-11 00:05:58,2191,84,2005-07-19 04:50:58,2,2006-02-16 02:30:53
5972,2005-07-11 00:08:54,4577,30,2005-07-17 21:01:54,1,2006-02-16 02:30:53
5973,2005-07-11 00:09:17,1194,165,2005-07-14 19:18:17,1,2006-02-16 02:30:53
5974,2005-07-11 00:10:37,3984,517,2005-07-18 18:48:37,2,2006-02-16 02:30:53
5975,2005-07-11 00:14:19,2997,15,2005-07-16 04:21:19,1,2006-02-16 02:30:53
5976,2005-07-11 00:16:35,1693,505,2005-07-20 01:30:35,2,2006-02-16 02:30:53
5977,2005-07-11 00:16:38,4011,484,2005-07-19 21:00:38,1,2006-02-16 02:30:53
5978,2005-07-11 00:16:54,1720,508,2005-07-19 18:55:54,1,2006-02-16 02:30:53
5979,2005-07-11 00:17:09,1736,251,2005-07-14 00:38:09,1,2006-02-16 02:30:53
5980,2005-07-11 00:18:21,1777,309,2005-07-14 21:26:21,1,2006-02-16 02:30:53
5981,2005-07-11 00:19:04,2151,241,2005-07-13 19:10:04,1,2006-02-16 02:30:53
5982,2005-07-11 00:24:44,2329,403,2005-07-14 04:42:44,2,2006-02-16 02:30:53
5983,2005-07-11 00:34:11,351,127,2005-07-15 05:37:11,1,2006-02-16 02:30:53
5984,2005-07-11 00:44:36,2801,178,2005-07-15 00:04:36,1,2006-02-16 02:30:53
5985,2005-07-11 00:51:58,1108,506,2005-07-14 22:02:58,2,2006-02-16 02:30:53
5986,2005-07-11 00:54:56,1624,171,2005-07-13 22:52:56,2,2006-02-16 02:30:53
5987,2005-07-11 00:55:31,1000,447,2005-07-16 06:28:31,2,2006-02-16 02:30:53
5988,2005-07-11 00:55:38,151,158,2005-07-13 21:36:38,2,2006-02-16 02:30:53
5989,2005-07-11 00:57:53,696,283,2005-07-15 02:24:53,1,2006-02-16 02:30:53
5990,2005-07-11 01:03:14,1561,432,2005-07-15 19:32:14,1,2006-02-16 02:30:53
5991,2005-07-11 01:03:38,3623,590,2005-07-12 22:32:38,2,2006-02-16 02:30:53
5992,2005-07-11 01:06:21,4216,54,2005-07-13 19:15:21,2,2006-02-16 02:30:53
5993,2005-07-11 01:06:41,3588,529,2005-07-14 19:19:41,1,2006-02-16 02:30:53
5994,2005-07-11 01:14:10,4287,295,2005-07-12 00:42:10,2,2006-02-16 02:30:53
5995,2005-07-11 01:15:39,4357,360,2005-07-20 05:01:39,2,2006-02-16 02:30:53
5996,2005-07-11 01:18:33,4263,223,2005-07-17 04:18:33,1,2006-02-16 02:30:53
5997,2005-07-11 01:19:50,3542,128,2005-07-16 06:29:50,1,2006-02-16 02:30:53
5998,2005-07-11 01:20:46,1458,250,2005-07-15 21:41:46,1,2006-02-16 02:30:53
5999,2005-07-11 01:21:22,211,450,2005-07-19 01:35:22,1,2006-02-16 02:30:53
6000,2005-07-11 01:23:06,1986,371,2005-07-12 04:39:06,2,2006-02-16 02:30:53
6001,2005-07-11 01:24:44,1779,45,2005-07-11 22:55:44,1,2006-02-16 02:30:53
6002,2005-07-11 01:27:49,4422,45,2005-07-12 06:02:49,1,2006-02-16 02:30:53
6003,2005-07-11 01:28:33,296,527,2005-07-17 21:24:33,1,2006-02-16 02:30:53
6004,2005-07-11 01:34:25,1756,204,2005-07-18 00:48:25,2,2006-02-16 02:30:53
6005,2005-07-11 01:36:42,809,78,2005-07-14 04:47:42,2,2006-02-16 02:30:53
6006,2005-07-11 01:38:42,4201,399,2005-07-17 05:18:42,2,2006-02-16 02:30:53
6007,2005-07-11 01:43:06,4393,289,2005-07-17 04:46:06,1,2006-02-16 02:30:53
6008,2005-07-11 01:51:29,1227,216,2005-07-18 01:39:29,1,2006-02-16 02:30:53
6009,2005-07-11 01:51:58,494,470,2005-07-18 07:12:58,2,2006-02-16 02:30:53
6010,2005-07-11 01:52:28,771,285,2005-07-13 03:13:28,1,2006-02-16 02:30:53
6011,2005-07-11 01:54:48,3899,527,2005-07-18 07:17:48,2,2006-02-16 02:30:53
6012,2005-07-11 02:00:12,2609,258,2005-07-17 02:49:12,2,2006-02-16 02:30:53
6013,2005-07-11 02:02:03,3774,543,2005-07-14 02:07:03,1,2006-02-16 02:30:53
6014,2005-07-11 02:02:55,3748,397,2005-07-12 23:49:55,1,2006-02-16 02:30:53
6015,2005-07-11 02:04:12,295,596,2005-07-13 02:43:12,2,2006-02-16 02:30:53
6016,2005-07-11 02:04:45,651,296,2005-07-17 22:22:45,1,2006-02-16 02:30:53
6017,2005-07-11 02:05:32,4088,596,2005-07-14 22:50:32,1,2006-02-16 02:30:53
6018,2005-07-11 02:06:36,4555,500,2005-07-12 02:16:36,2,2006-02-16 02:30:53
6019,2005-07-11 02:08:29,3483,9,2005-07-13 02:19:29,2,2006-02-16 02:30:53
6020,2005-07-11 02:08:55,1974,71,2005-07-16 22:07:55,1,2006-02-16 02:30:53
6021,2005-07-11 02:10:18,3949,173,2005-07-13 05:19:18,1,2006-02-16 02:30:53
6022,2005-07-11 02:15:53,2435,469,2005-07-13 03:40:53,2,2006-02-16 02:30:53
6023,2005-07-11 02:15:57,3794,456,2005-07-15 21:30:57,2,2006-02-16 02:30:53
6024,2005-07-11 02:16:47,2923,271,2005-07-12 05:54:47,1,2006-02-16 02:30:53
6025,2005-07-11 02:18:13,3306,113,2005-07-11 23:30:13,1,2006-02-16 02:30:53
6026,2005-07-11 02:21:43,3936,409,2005-07-13 03:49:43,1,2006-02-16 02:30:53
6027,2005-07-11 02:26:29,4536,513,2005-07-18 23:05:29,1,2006-02-16 02:30:53
6028,2005-07-11 02:31:44,784,450,2005-07-14 03:18:44,1,2006-02-16 02:30:53
6029,2005-07-11 02:36:46,2030,520,2005-07-14 20:51:46,2,2006-02-16 02:30:53
6030,2005-07-11 02:37:51,95,36,2005-07-16 22:34:51,2,2006-02-16 02:30:53
6031,2005-07-11 02:42:14,1530,224,2005-07-14 03:24:14,2,2006-02-16 02:30:53
6032,2005-07-11 02:49:01,3792,28,2005-07-18 05:05:01,2,2006-02-16 02:30:53
6033,2005-07-11 02:59:34,2819,322,2005-07-16 03:48:34,2,2006-02-16 02:30:53
6034,2005-07-11 03:00:50,1735,324,2005-07-16 06:19:50,1,2006-02-16 02:30:53
6035,2005-07-11 03:01:45,3474,176,2005-07-14 01:04:45,2,2006-02-16 02:30:53
6036,2005-07-11 03:02:28,2553,297,2005-07-15 22:12:28,2,2006-02-16 02:30:53
6037,2005-07-11 03:06:54,1886,386,2005-07-12 22:46:54,2,2006-02-16 02:30:53
6038,2005-07-11 03:10:37,1555,243,2005-07-19 05:14:37,2,2006-02-16 02:30:53
6039,2005-07-11 03:12:19,1776,137,2005-07-19 05:46:19,1,2006-02-16 02:30:53
6040,2005-07-11 03:14:26,2161,511,2005-07-14 01:12:26,2,2006-02-16 02:30:53
6041,2005-07-11 03:14:58,2815,551,2005-07-13 00:48:58,2,2006-02-16 02:30:53
6042,2005-07-11 03:17:04,2153,5,2005-07-19 07:08:04,1,2006-02-16 02:30:53
6043,2005-07-11 03:18:10,3303,430,2005-07-12 05:50:10,1,2006-02-16 02:30:53
6044,2005-07-11 03:18:39,1270,481,2005-07-13 06:58:39,2,2006-02-16 02:30:53
6045,2005-07-11 03:21:05,2003,39,2005-07-17 23:10:05,1,2006-02-16 02:30:53
6046,2005-07-11 03:21:49,1935,569,2005-07-19 23:58:49,1,2006-02-16 02:30:53
6047,2005-07-11 03:27:01,4147,235,2005-07-16 06:42:01,2,2006-02-16 02:30:53
6048,2005-07-11 03:32:23,975,154,2005-07-14 07:39:23,1,2006-02-16 02:30:53
6049,2005-07-11 03:32:32,2582,236,2005-07-15 06:57:32,2,2006-02-16 02:30:53
6050,2005-07-11 03:34:29,825,527,2005-07-15 02:55:29,1,2006-02-16 02:30:53
6051,2005-07-11 03:46:41,2675,435,2005-07-11 22:36:41,2,2006-02-16 02:30:53
6052,2005-07-11 03:51:27,881,75,2005-07-16 02:55:27,2,2006-02-16 02:30:53
6053,2005-07-11 03:51:59,2836,237,2005-07-19 09:13:59,2,2006-02-16 02:30:53
6054,2005-07-11 03:58:39,1176,354,2005-07-13 23:08:39,1,2006-02-16 02:30:53
6055,2005-07-11 03:59:08,595,125,2005-07-18 05:35:08,2,2006-02-16 02:30:53
6056,2005-07-11 04:01:27,3069,145,2005-07-12 04:14:27,1,2006-02-16 02:30:53
6057,2005-07-11 04:03:40,1340,187,2005-07-17 01:34:40,2,2006-02-16 02:30:53
6058,2005-07-11 04:03:51,3761,498,2005-07-14 03:52:51,1,2006-02-16 02:30:53
6059,2005-07-11 04:03:54,1437,394,2005-07-18 01:35:54,1,2006-02-16 02:30:53
6060,2005-07-11 04:06:17,3146,342,2005-07-12 03:05:17,1,2006-02-16 02:30:53
6061,2005-07-11 04:06:25,1859,392,2005-07-11 23:11:25,1,2006-02-16 02:30:53
6062,2005-07-11 04:11:58,3301,408,2005-07-15 05:00:58,1,2006-02-16 02:30:53
6063,2005-07-11 04:16:51,1715,519,2005-07-13 08:35:51,2,2006-02-16 02:30:53
6064,2005-07-11 04:23:18,265,297,2005-07-19 02:21:18,1,2006-02-16 02:30:53
6065,2005-07-11 04:25:51,1007,562,2005-07-17 08:19:51,1,2006-02-16 02:30:53
6066,2005-07-11 04:32:42,1877,155,2005-07-15 03:56:42,2,2006-02-16 02:30:53
6067,2005-07-11 04:34:49,2097,186,2005-07-16 09:33:49,1,2006-02-16 02:30:53
6068,2005-07-11 04:41:09,2331,265,2005-07-14 04:45:09,1,2006-02-16 02:30:53
6069,2005-07-11 04:44:59,256,553,2005-07-13 01:00:59,1,2006-02-16 02:30:53
6070,2005-07-11 04:47:42,1679,267,2005-07-13 01:49:42,2,2006-02-16 02:30:53
6071,2005-07-11 04:50:03,889,179,2005-07-19 23:52:03,1,2006-02-16 02:30:53
6072,2005-07-11 04:52:40,1790,339,2005-07-18 01:02:40,1,2006-02-16 02:30:53
6073,2005-07-11 04:54:31,4243,466,2005-07-20 07:23:31,1,2006-02-16 02:30:53
6074,2005-07-11 04:59:56,2876,259,2005-07-13 23:31:56,1,2006-02-16 02:30:53
6075,2005-07-11 05:03:03,2160,283,2005-07-12 01:28:03,1,2006-02-16 02:30:53
6076,2005-07-11 05:05:30,1792,143,2005-07-18 04:22:30,1,2006-02-16 02:30:53
6077,2005-07-11 05:06:08,2154,542,2005-07-16 10:29:08,1,2006-02-16 02:30:53
6078,2005-07-11 05:06:52,3985,91,2005-07-17 06:13:52,2,2006-02-16 02:30:53
6079,2005-07-11 05:07:14,1494,119,2005-07-17 08:45:14,1,2006-02-16 02:30:53
6080,2005-07-11 05:08:11,2682,115,2005-07-16 09:54:11,2,2006-02-16 02:30:53
6081,2005-07-11 05:11:09,2286,72,2005-07-13 05:33:09,2,2006-02-16 02:30:53
6082,2005-07-11 05:12:41,1091,82,2005-07-16 03:40:41,2,2006-02-16 02:30:53
6083,2005-07-11 05:12:49,3183,285,2005-07-15 00:46:49,2,2006-02-16 02:30:53
6084,2005-07-11 05:16:20,1334,479,2005-07-19 01:38:20,2,2006-02-16 02:30:53
6085,2005-07-11 05:24:36,312,155,2005-07-16 03:49:36,2,2006-02-16 02:30:53
6086,2005-07-11 05:29:03,1505,420,2005-07-16 01:17:03,1,2006-02-16 02:30:53
6087,2005-07-11 05:29:22,198,155,2005-07-12 23:33:22,2,2006-02-16 02:30:53
6088,2005-07-11 05:40:35,3796,498,2005-07-17 07:14:35,2,2006-02-16 02:30:53
6089,2005-07-11 05:45:59,3298,580,2005-07-17 11:04:59,2,2006-02-16 02:30:53
6090,2005-07-11 05:47:08,71,241,2005-07-20 07:52:08,2,2006-02-16 02:30:53
6091,2005-07-11 05:49:18,580,383,2005-07-15 07:26:18,1,2006-02-16 02:30:53
6092,2005-07-11 05:51:31,2129,75,2005-07-17 03:42:31,1,2006-02-16 02:30:53
6093,2005-07-11 05:52:50,1868,117,2005-07-20 11:45:50,1,2006-02-16 02:30:53
6094,2005-07-11 05:54:42,2684,285,2005-07-18 08:19:42,2,2006-02-16 02:30:53
6095,2005-07-11 06:06:41,727,501,2005-07-19 06:14:41,1,2006-02-16 02:30:53
6096,2005-07-11 06:18:04,2720,420,2005-07-14 01:15:04,1,2006-02-16 02:30:53
6097,2005-07-11 06:21:43,297,416,2005-07-16 10:04:43,1,2006-02-16 02:30:53
6098,2005-07-11 06:23:28,3016,525,2005-07-17 04:05:28,1,2006-02-16 02:30:53
6099,2005-07-11 06:24:44,3865,469,2005-07-15 08:03:44,2,2006-02-16 02:30:53
6100,2005-07-11 06:40:31,3485,16,2005-07-14 10:59:31,2,2006-02-16 02:30:53
6101,2005-07-11 06:50:33,2618,508,2005-07-18 01:52:33,2,2006-02-16 02:30:53
6102,2005-07-11 06:53:09,4305,146,2005-07-17 07:05:09,1,2006-02-16 02:30:53
6103,2005-07-11 06:59:55,262,540,2005-07-16 09:30:55,1,2006-02-16 02:30:53
6104,2005-07-11 07:01:35,3531,389,2005-07-17 02:29:35,1,2006-02-16 02:30:53
6105,2005-07-11 07:03:19,3501,595,2005-07-19 06:46:19,1,2006-02-16 02:30:53
6106,2005-07-11 07:05:06,2714,185,2005-07-20 09:27:06,1,2006-02-16 02:30:53
6107,2005-07-11 07:07:09,3798,304,2005-07-14 07:32:09,2,2006-02-16 02:30:53
6108,2005-07-11 07:19:24,4296,572,2005-07-13 12:38:24,2,2006-02-16 02:30:53
6109,2005-07-11 07:20:57,3603,163,2005-07-13 07:29:57,2,2006-02-16 02:30:53
6110,2005-07-11 07:23:47,541,405,2005-07-20 03:17:47,2,2006-02-16 02:30:53
6111,2005-07-11 07:26:57,3504,300,2005-07-13 10:43:57,2,2006-02-16 02:30:53
6112,2005-07-11 07:28:05,1311,366,2005-07-18 07:29:05,1,2006-02-16 02:30:53
6113,2005-07-11 07:31:08,4437,115,2005-07-20 11:01:08,2,2006-02-16 02:30:53
6114,2005-07-11 07:33:48,479,404,2005-07-18 06:13:48,2,2006-02-16 02:30:53
6115,2005-07-11 07:36:50,3415,27,2005-07-13 11:30:50,1,2006-02-16 02:30:53
6116,2005-07-11 07:37:38,247,381,2005-07-14 11:53:38,2,2006-02-16 02:30:53
6117,2005-07-11 07:39:38,2613,135,2005-07-18 12:07:38,2,2006-02-16 02:30:53
6118,2005-07-11 07:43:08,3013,13,2005-07-20 03:17:08,1,2006-02-16 02:30:53
6119,2005-07-11 07:44:46,4281,472,2005-07-20 04:41:46,2,2006-02-16 02:30:53
6120,2005-07-11 07:49:53,3299,268,2005-07-19 04:56:53,2,2006-02-16 02:30:53
6121,2005-07-11 07:55:27,1613,347,2005-07-16 03:43:27,2,2006-02-16 02:30:53
6122,2005-07-11 07:58:07,2212,32,2005-07-16 09:52:07,1,2006-02-16 02:30:53
6123,2005-07-11 08:02:27,1354,200,2005-07-15 08:58:27,2,2006-02-16 02:30:53
6124,2005-07-11 08:02:32,2022,368,2005-07-12 05:58:32,2,2006-02-16 02:30:53
6125,2005-07-11 08:03:35,2439,307,2005-07-18 12:46:35,1,2006-02-16 02:30:53
6126,2005-07-11 08:06:56,1069,230,2005-07-16 11:42:56,1,2006-02-16 02:30:53
6127,2005-07-11 08:06:59,285,355,2005-07-12 09:01:59,1,2006-02-16 02:30:53
6128,2005-07-11 08:15:08,2050,18,2005-07-13 03:36:08,1,2006-02-16 02:30:53
6129,2005-07-11 08:15:09,3875,222,2005-07-18 13:00:09,1,2006-02-16 02:30:53
6130,2005-07-11 08:19:56,2547,538,2005-07-16 12:02:56,2,2006-02-16 02:30:53
6131,2005-07-11 08:22:05,3313,107,2005-07-14 07:40:05,1,2006-02-16 02:30:53
6132,2005-07-11 08:24:44,3229,319,2005-07-13 06:41:44,1,2006-02-16 02:30:53
6133,2005-07-11 08:25:22,1992,107,2005-07-13 13:17:22,1,2006-02-16 02:30:53
6134,2005-07-11 08:28:19,3225,305,2005-07-18 09:20:19,2,2006-02-16 02:30:53
6135,2005-07-11 08:32:23,833,325,2005-07-17 08:43:23,1,2006-02-16 02:30:53
6136,2005-07-11 08:34:09,205,346,2005-07-14 06:11:09,1,2006-02-16 02:30:53
6137,2005-07-11 08:34:20,2029,67,2005-07-13 03:31:20,2,2006-02-16 02:30:53
6138,2005-07-11 08:36:04,1808,438,2005-07-13 10:30:04,2,2006-02-16 02:30:53
6139,2005-07-11 08:39:33,3065,206,2005-07-17 08:00:33,2,2006-02-16 02:30:53
6140,2005-07-11 08:40:47,2749,363,2005-07-14 07:26:47,1,2006-02-16 02:30:53
6141,2005-07-11 08:52:16,2279,228,2005-07-17 03:00:16,1,2006-02-16 02:30:53
6142,2005-07-11 08:54:09,1722,136,2005-07-18 05:23:09,2,2006-02-16 02:30:53
6143,2005-07-11 09:02:37,1030,169,2005-07-19 05:57:37,2,2006-02-16 02:30:53
6144,2005-07-11 09:02:53,1077,554,2005-07-15 10:58:53,2,2006-02-16 02:30:53
6145,2005-07-11 09:07:01,1359,540,2005-07-19 08:21:01,1,2006-02-16 02:30:53
6146,2005-07-11 09:09:59,3374,11,2005-07-20 11:42:59,2,2006-02-16 02:30:53
6147,2005-07-11 09:13:08,910,35,2005-07-17 03:48:08,1,2006-02-16 02:30:53
6148,2005-07-11 09:14:22,4318,410,2005-07-12 08:01:22,1,2006-02-16 02:30:53
6149,2005-07-11 09:19:31,4337,26,2005-07-17 14:45:31,2,2006-02-16 02:30:53
6150,2005-07-11 09:23:56,1110,418,2005-07-15 10:56:56,2,2006-02-16 02:30:53
6151,2005-07-11 09:25:17,352,476,2005-07-12 05:11:17,1,2006-02-16 02:30:53
6152,2005-07-11 09:25:52,560,361,2005-07-17 07:40:52,2,2006-02-16 02:30:53
6153,2005-07-11 09:31:04,105,47,2005-07-19 03:41:04,1,2006-02-16 02:30:53
6154,2005-07-11 09:32:19,2717,368,2005-07-16 15:10:19,1,2006-02-16 02:30:53
6155,2005-07-11 09:45:31,785,229,2005-07-18 08:09:31,1,2006-02-16 02:30:53
6156,2005-07-11 09:45:48,302,297,2005-07-15 04:51:48,1,2006-02-16 02:30:53
6157,2005-07-11 09:48:16,4481,133,2005-07-16 05:00:16,2,2006-02-16 02:30:53
6158,2005-07-11 09:50:24,3954,92,2005-07-13 04:49:24,2,2006-02-16 02:30:53
6159,2005-07-11 09:55:34,126,225,2005-07-13 10:01:34,2,2006-02-16 02:30:53
6160,2005-07-11 10:08:13,2716,110,2005-07-14 08:18:13,1,2006-02-16 02:30:53
6161,2005-07-11 10:11:54,3681,524,2005-07-15 12:12:54,2,2006-02-16 02:30:53
6162,2005-07-11 10:12:30,786,79,2005-07-19 06:02:30,2,2006-02-16 02:30:53
6163,2005-07-11 10:13:46,1330,1,2005-07-19 13:15:46,2,2006-02-16 02:30:53
6164,2005-07-11 10:16:23,2755,47,2005-07-14 11:21:23,1,2006-02-16 02:30:53
6165,2005-07-11 10:17:29,3540,9,2005-07-17 07:27:29,1,2006-02-16 02:30:53
6166,2005-07-11 10:19:05,967,503,2005-07-12 14:30:05,1,2006-02-16 02:30:53
6167,2005-07-11 10:21:21,3255,200,2005-07-14 15:38:21,1,2006-02-16 02:30:53
6168,2005-07-11 10:21:38,284,77,2005-07-14 09:55:38,2,2006-02-16 02:30:53
6169,2005-07-11 10:25:56,2781,148,2005-07-19 07:18:56,2,2006-02-16 02:30:53
6170,2005-07-11 10:29:21,278,580,2005-07-16 05:13:21,2,2006-02-16 02:30:53
6171,2005-07-11 10:29:35,448,491,2005-07-16 12:01:35,1,2006-02-16 02:30:53
6172,2005-07-11 10:32:09,3514,219,2005-07-14 16:23:09,1,2006-02-16 02:30:53
6173,2005-07-11 10:33:11,4252,419,2005-07-15 10:57:11,1,2006-02-16 02:30:53
6174,2005-07-11 10:36:28,3123,7,2005-07-18 16:19:28,2,2006-02-16 02:30:53
6175,2005-07-11 10:44:37,3037,195,2005-07-15 08:13:37,1,2006-02-16 02:30:53
6176,2005-07-11 10:48:21,2969,279,2005-07-12 15:54:21,2,2006-02-16 02:30:53
6177,2005-07-11 10:53:49,313,589,2005-07-17 14:54:49,1,2006-02-16 02:30:53
6178,2005-07-11 10:59:09,2777,91,2005-07-16 11:19:09,2,2006-02-16 02:30:53
6179,2005-07-11 10:59:59,3665,42,2005-07-17 06:02:59,1,2006-02-16 02:30:53
6180,2005-07-11 11:06:50,4401,351,2005-07-19 09:03:50,2,2006-02-16 02:30:53
6181,2005-07-11 11:10:11,4398,200,2005-07-15 09:33:11,1,2006-02-16 02:30:53
6182,2005-07-11 11:11:38,2562,540,2005-07-17 08:33:38,2,2006-02-16 02:30:53
6183,2005-07-11 11:14:35,856,402,2005-07-16 15:35:35,1,2006-02-16 02:30:53
6184,2005-07-11 11:19:21,1131,146,2005-07-19 07:35:21,1,2006-02-16 02:30:53
6185,2005-07-11 11:25:09,4331,294,2005-07-18 12:09:09,2,2006-02-16 02:30:53
6186,2005-07-11 11:26:41,2086,128,2005-07-17 12:02:41,2,2006-02-16 02:30:53
6187,2005-07-11 11:28:51,3344,500,2005-07-12 15:44:51,1,2006-02-16 02:30:53
6188,2005-07-11 11:31:47,189,114,2005-07-15 09:28:47,1,2006-02-16 02:30:53
6189,2005-07-11 11:36:03,3800,552,2005-07-20 15:33:03,2,2006-02-16 02:30:53
6190,2005-07-11 11:36:18,2564,321,2005-07-19 17:05:18,2,2006-02-16 02:30:53
6191,2005-07-11 11:37:52,3448,480,2005-07-17 12:45:52,1,2006-02-16 02:30:53
6192,2005-07-11 11:44:41,4573,314,2005-07-19 10:12:41,1,2006-02-16 02:30:53
6193,2005-07-11 11:46:57,465,189,2005-07-19 14:11:57,2,2006-02-16 02:30:53
6194,2005-07-11 11:51:00,1049,83,2005-07-15 12:34:00,2,2006-02-16 02:30:53
6195,2005-07-11 12:00:32,4193,319,2005-07-16 15:00:32,2,2006-02-16 02:30:53
6196,2005-07-11 12:05:46,995,429,2005-07-18 08:27:46,2,2006-02-16 02:30:53
6197,2005-07-11 12:09:51,4156,596,2005-07-12 06:15:51,1,2006-02-16 02:30:53
6198,2005-07-11 12:12:17,3345,470,2005-07-18 07:40:17,2,2006-02-16 02:30:53
6199,2005-07-11 12:16:03,4329,80,2005-07-18 15:33:03,2,2006-02-16 02:30:53
6200,2005-07-11 12:16:42,3258,137,2005-07-17 09:27:42,2,2006-02-16 02:30:53
6201,2005-07-11 12:18:07,4530,559,2005-07-12 12:11:07,2,2006-02-16 02:30:53
6202,2005-07-11 12:24:25,1424,373,2005-07-18 08:13:25,1,2006-02-16 02:30:53
6203,2005-07-11 12:28:57,1001,408,2005-07-15 14:10:57,1,2006-02-16 02:30:53
6204,2005-07-11 12:29:22,2572,362,2005-07-13 10:41:22,2,2006-02-16 02:30:53
6205,2005-07-11 12:31:24,3442,303,2005-07-13 11:31:24,2,2006-02-16 02:30:53
6206,2005-07-11 12:32:14,1368,459,2005-07-15 15:01:14,2,2006-02-16 02:30:53
6207,2005-07-11 12:34:24,3226,143,2005-07-14 10:15:24,2,2006-02-16 02:30:53
6208,2005-07-11 12:34:56,672,31,2005-07-19 15:17:56,1,2006-02-16 02:30:53
6209,2005-07-11 12:36:05,3091,219,2005-07-17 14:48:05,2,2006-02-16 02:30:53
6210,2005-07-11 12:36:43,931,209,2005-07-17 17:45:43,2,2006-02-16 02:30:53
6211,2005-07-11 12:39:01,2699,6,2005-07-20 15:59:01,2,2006-02-16 02:30:53
6212,2005-07-11 12:40:48,3962,337,2005-07-15 17:49:48,2,2006-02-16 02:30:53
6213,2005-07-11 12:43:07,485,23,2005-07-16 07:23:07,2,2006-02-16 02:30:53
6214,2005-07-11 12:49:48,1258,49,2005-07-18 07:41:48,2,2006-02-16 02:30:53
6215,2005-07-11 12:52:36,316,390,2005-07-12 08:33:36,1,2006-02-16 02:30:53
6216,2005-07-11 12:57:05,3571,387,2005-07-13 12:31:05,1,2006-02-16 02:30:53
6217,2005-07-11 13:13:45,1090,177,2005-07-19 16:37:45,2,2006-02-16 02:30:53
6218,2005-07-11 13:14:58,815,410,2005-07-16 08:13:58,2,2006-02-16 02:30:53
6219,2005-07-11 13:18:37,38,303,2005-07-13 13:18:37,2,2006-02-16 02:30:53
6220,2005-07-11 13:22:06,1717,421,2005-07-12 17:46:06,2,2006-02-16 02:30:53
6221,2005-07-11 13:24:27,1699,393,2005-07-15 17:51:27,1,2006-02-16 02:30:53
6222,2005-07-11 13:25:49,2066,386,2005-07-13 14:32:49,1,2006-02-16 02:30:53
6223,2005-07-11 13:27:09,3754,192,2005-07-12 14:02:09,1,2006-02-16 02:30:53
6224,2005-07-11 13:42:18,3274,475,2005-07-16 09:28:18,1,2006-02-16 02:30:53
6225,2005-07-11 13:45:14,2483,204,2005-07-14 10:23:14,1,2006-02-16 02:30:53
6226,2005-07-11 13:48:11,2758,134,2005-07-15 17:18:11,2,2006-02-16 02:30:53
6227,2005-07-11 13:56:46,1654,210,2005-07-18 12:53:46,1,2006-02-16 02:30:53
6228,2005-07-11 13:58:36,2281,367,2005-07-17 19:03:36,2,2006-02-16 02:30:53
6229,2005-07-11 13:59:50,3137,399,2005-07-20 09:26:50,1,2006-02-16 02:30:53
6230,2005-07-11 14:02:19,2260,490,2005-07-17 08:11:19,2,2006-02-16 02:30:53
6231,2005-07-11 14:02:36,2526,122,2005-07-13 19:04:36,2,2006-02-16 02:30:53
6232,2005-07-11 14:08:27,2492,590,2005-07-20 19:34:27,2,2006-02-16 02:30:53
6233,2005-07-11 14:10:47,3731,378,2005-07-15 15:13:47,2,2006-02-16 02:30:53
6234,2005-07-11 14:16:10,2911,232,2005-07-19 19:55:10,1,2006-02-16 02:30:53
6235,2005-07-11 14:17:51,2659,379,2005-07-17 11:14:51,2,2006-02-16 02:30:53
6236,2005-07-11 14:18:17,3813,338,2005-07-14 08:47:17,2,2006-02-16 02:30:53
6237,2005-07-11 14:19:12,2215,166,2005-07-15 15:05:12,1,2006-02-16 02:30:53
6238,2005-07-11 14:20:18,3749,23,2005-07-14 18:34:18,1,2006-02-16 02:30:53
6239,2005-07-11 14:20:48,4107,132,2005-07-17 13:41:48,2,2006-02-16 02:30:53
6240,2005-07-11 14:32:41,640,524,2005-07-20 18:38:41,1,2006-02-16 02:30:53
6241,2005-07-11 14:40:48,4449,74,2005-07-18 09:51:48,1,2006-02-16 02:30:53
6242,2005-07-11 14:45:04,670,245,2005-07-12 18:34:04,2,2006-02-16 02:30:53
6243,2005-07-11 14:53:25,3456,26,2005-07-15 09:26:25,2,2006-02-16 02:30:53
6244,2005-07-11 14:53:38,1558,383,2005-07-12 16:42:38,1,2006-02-16 02:30:53
6245,2005-07-11 14:56:57,512,241,2005-07-16 14:35:57,1,2006-02-16 02:30:53
6246,2005-07-11 14:57:51,2376,172,2005-07-19 19:10:51,2,2006-02-16 02:30:53
6247,2005-07-11 15:00:05,2504,589,2005-07-18 13:47:05,1,2006-02-16 02:30:53
6248,2005-07-11 15:01:54,2686,6,2005-07-19 16:58:54,1,2006-02-16 02:30:53
6249,2005-07-11 15:02:02,4334,30,2005-07-14 11:37:02,2,2006-02-16 02:30:53
6250,2005-07-11 15:02:04,4087,458,2005-07-17 10:54:04,1,2006-02-16 02:30:53
6251,2005-07-11 15:06:20,3956,230,2005-07-18 20:11:20,2,2006-02-16 02:30:53
6252,2005-07-11 15:06:29,1294,295,2005-07-16 14:07:29,1,2006-02-16 02:30:53
6253,2005-07-11 15:07:19,1425,570,2005-07-13 11:00:19,1,2006-02-16 02:30:53
6254,2005-07-11 15:10:18,2038,20,2005-07-17 14:20:18,2,2006-02-16 02:30:53
6255,2005-07-11 15:11:33,1459,319,2005-07-15 19:55:33,2,2006-02-16 02:30:53
6256,2005-07-11 15:19:22,480,307,2005-07-13 12:43:22,1,2006-02-16 02:30:53
6257,2005-07-11 15:23:46,3253,492,2005-07-14 17:26:46,2,2006-02-16 02:30:53
6258,2005-07-11 15:24:32,632,417,2005-07-18 18:29:32,1,2006-02-16 02:30:53
6259,2005-07-11 15:25:52,3007,84,2005-07-13 11:54:52,2,2006-02-16 02:30:53
6260,2005-07-11 15:26:29,4308,454,2005-07-13 17:37:29,2,2006-02-16 02:30:53
6261,2005-07-11 15:28:34,694,386,2005-07-14 17:54:34,1,2006-02-16 02:30:53
6262,2005-07-11 15:33:24,4136,355,2005-07-17 12:40:24,1,2006-02-16 02:30:53
6263,2005-07-11 15:33:50,2391,336,2005-07-17 12:49:50,2,2006-02-16 02:30:53
6264,2005-07-11 15:42:35,4246,565,2005-07-12 11:29:35,2,2006-02-16 02:30:53
6265,2005-07-11 15:43:51,3931,477,2005-07-12 12:51:51,2,2006-02-16 02:30:53
6266,2005-07-11 15:45:39,941,397,2005-07-15 18:29:39,1,2006-02-16 02:30:53
6267,2005-07-11 15:53:00,2152,20,2005-07-17 18:09:00,2,2006-02-16 02:30:53
6268,2005-07-11 15:55:34,1154,125,2005-07-19 17:25:34,1,2006-02-16 02:30:53
6269,2005-07-11 15:58:43,3915,167,2005-07-13 13:25:43,1,2006-02-16 02:30:53
6270,2005-07-11 15:59:10,2308,292,2005-07-18 10:29:10,2,2006-02-16 02:30:53
6271,2005-07-11 16:01:35,1246,467,2005-07-20 12:07:35,2,2006-02-16 02:30:53
6272,2005-07-11 16:03:49,3103,240,2005-07-15 19:54:49,1,2006-02-16 02:30:53
6273,2005-07-11 16:08:41,2403,152,2005-07-14 16:41:41,2,2006-02-16 02:30:53
6274,2005-07-11 16:09:42,2998,472,2005-07-19 20:46:42,1,2006-02-16 02:30:53
6275,2005-07-11 16:12:11,3599,333,2005-07-17 20:19:11,2,2006-02-16 02:30:53
6276,2005-07-11 16:15:50,1826,284,2005-07-19 20:50:50,2,2006-02-16 02:30:53
6277,2005-07-11 16:19:01,4023,92,2005-07-18 21:00:01,2,2006-02-16 02:30:53
6278,2005-07-11 16:20:02,2232,558,2005-07-19 19:29:02,2,2006-02-16 02:30:53
6279,2005-07-11 16:26:07,1254,49,2005-07-17 21:05:07,2,2006-02-16 02:30:53
6280,2005-07-11 16:36:17,4055,33,2005-07-13 14:04:17,2,2006-02-16 02:30:53
6281,2005-07-11 16:38:16,835,236,2005-07-13 10:57:16,2,2006-02-16 02:30:53
6282,2005-07-11 16:46:22,4453,60,2005-07-15 13:19:22,1,2006-02-16 02:30:53
6283,2005-07-11 16:47:32,3319,402,2005-07-17 21:46:32,1,2006-02-16 02:30:53
6284,2005-07-11 16:51:39,2938,177,2005-07-15 19:59:39,1,2006-02-16 02:30:53
6285,2005-07-11 16:52:07,2140,444,2005-07-13 21:33:07,2,2006-02-16 02:30:53
6286,2005-07-11 16:55:35,1070,140,2005-07-13 22:51:35,1,2006-02-16 02:30:53
6287,2005-07-11 17:00:04,35,93,2005-07-12 13:16:04,1,2006-02-16 02:30:53
6288,2005-07-11 17:01:52,3235,357,2005-07-19 15:11:52,1,2006-02-16 02:30:53
6289,2005-07-11 17:06:39,3185,99,2005-07-12 15:54:39,2,2006-02-16 02:30:53
6290,2005-07-11 17:12:42,2634,66,2005-07-19 21:53:42,2,2006-02-16 02:30:53
6291,2005-07-11 17:16:40,3126,262,2005-07-13 18:24:40,2,2006-02-16 02:30:53
6292,2005-07-11 17:23:33,4375,505,2005-07-12 16:27:33,2,2006-02-16 02:30:53
6293,2005-07-11 17:24:57,4260,471,2005-07-13 18:45:57,2,2006-02-16 02:30:53
6294,2005-07-11 17:25:55,1732,463,2005-07-15 17:48:55,1,2006-02-16 02:30:53
6295,2005-07-11 17:30:58,1393,7,2005-07-15 15:50:58,1,2006-02-16 02:30:53
6296,2005-07-11 17:34:04,4202,484,2005-07-17 21:12:04,1,2006-02-16 02:30:53
6297,2005-07-11 17:37:22,2738,69,2005-07-19 13:54:22,2,2006-02-16 02:30:53
6298,2005-07-11 17:42:33,3906,256,2005-07-13 18:14:33,2,2006-02-16 02:30:53
6299,2005-07-11 17:45:08,4125,324,2005-07-13 16:36:08,2,2006-02-16 02:30:53
6300,2005-07-11 17:50:09,1269,283,2005-07-18 13:11:09,1,2006-02-16 02:30:53
6301,2005-07-11 17:54:09,3528,275,2005-07-18 20:42:09,2,2006-02-16 02:30:53
6302,2005-07-11 17:55:38,3221,391,2005-07-17 22:11:38,1,2006-02-16 02:30:53
6303,2005-07-11 17:55:43,846,236,2005-07-13 12:50:43,1,2006-02-16 02:30:53
6304,2005-07-11 18:02:16,4183,579,2005-07-14 14:01:16,1,2006-02-16 02:30:53
6305,2005-07-11 18:02:25,1544,337,2005-07-20 13:29:25,1,2006-02-16 02:30:53
6306,2005-07-11 18:04:26,486,208,2005-07-20 14:22:26,2,2006-02-16 02:30:53
6307,2005-07-11 18:04:29,4029,345,2005-07-17 23:40:29,2,2006-02-16 02:30:53
6308,2005-07-11 18:08:41,3155,472,2005-07-19 15:48:41,2,2006-02-16 02:30:53
6309,2005-07-11 18:13:24,1054,232,2005-07-13 23:11:24,1,2006-02-16 02:30:53
6310,2005-07-11 18:14:05,3064,537,2005-07-16 15:39:05,2,2006-02-16 02:30:53
6311,2005-07-11 18:18:52,1789,373,2005-07-16 17:52:52,2,2006-02-16 02:30:53
6312,2005-07-11 18:19:02,2188,417,2005-07-18 00:00:02,1,2006-02-16 02:30:53
6313,2005-07-11 18:29:52,2976,283,2005-07-14 21:34:52,1,2006-02-16 02:30:53
6314,2005-07-11 18:32:44,4128,55,2005-07-17 23:58:44,1,2006-02-16 02:30:53
6315,2005-07-11 18:42:49,608,374,2005-07-12 23:19:49,2,2006-02-16 02:30:53
6316,2005-07-11 18:44:52,1910,526,2005-07-19 23:35:52,2,2006-02-16 02:30:53
6317,2005-07-11 18:47:41,4206,225,2005-07-14 18:18:41,1,2006-02-16 02:30:53
6318,2005-07-11 18:48:22,2048,425,2005-07-12 13:39:22,1,2006-02-16 02:30:53
6319,2005-07-11 18:50:45,3739,233,2005-07-12 15:26:45,1,2006-02-16 02:30:53
6320,2005-07-11 18:50:55,441,511,2005-07-13 22:46:55,2,2006-02-16 02:30:53
6321,2005-07-11 18:51:02,2655,388,2005-07-14 20:57:02,2,2006-02-16 02:30:53
6322,2005-07-11 18:58:20,4115,403,2005-07-14 16:41:20,2,2006-02-16 02:30:53
6323,2005-07-11 19:02:19,1352,346,2005-07-14 15:54:19,1,2006-02-16 02:30:53
6324,2005-07-11 19:02:34,655,386,2005-07-17 15:57:34,1,2006-02-16 02:30:53
6325,2005-07-11 19:06:01,4556,542,2005-07-18 18:25:01,2,2006-02-16 02:30:53
6326,2005-07-11 19:06:55,2137,563,2005-07-12 20:41:55,1,2006-02-16 02:30:53
6327,2005-07-11 19:07:29,909,146,2005-07-15 16:09:29,1,2006-02-16 02:30:53
6328,2005-07-11 19:09:33,999,260,2005-07-12 20:16:33,2,2006-02-16 02:30:53
6329,2005-07-11 19:10:38,2763,352,2005-07-19 14:46:38,2,2006-02-16 02:30:53
6330,2005-07-11 19:15:42,3917,119,2005-07-17 19:10:42,1,2006-02-16 02:30:53
6331,2005-07-11 19:17:21,1356,295,2005-07-18 18:35:21,2,2006-02-16 02:30:53
6332,2005-07-11 19:19:06,1733,538,2005-07-13 13:51:06,2,2006-02-16 02:30:53
6333,2005-07-11 19:20:16,2610,285,2005-07-17 15:33:16,1,2006-02-16 02:30:53
6334,2005-07-11 19:20:44,948,168,2005-07-19 18:49:44,2,2006-02-16 02:30:53
6335,2005-07-11 19:25:15,2757,396,2005-07-16 17:02:15,1,2006-02-16 02:30:53
6336,2005-07-11 19:30:13,1229,471,2005-07-20 21:27:13,2,2006-02-16 02:30:53
6337,2005-07-11 19:30:47,3967,47,2005-07-19 20:27:47,2,2006-02-16 02:30:53
6338,2005-07-11 19:39:41,1691,54,2005-07-18 01:13:41,2,2006-02-16 02:30:53
6339,2005-07-11 19:45:32,2401,145,2005-07-18 22:34:32,2,2006-02-16 02:30:53
6340,2005-07-11 19:46:05,2374,264,2005-07-20 16:51:05,2,2006-02-16 02:30:53
6341,2005-07-11 19:48:02,3580,448,2005-07-15 01:31:02,1,2006-02-16 02:30:53
6342,2005-07-11 19:48:24,1851,403,2005-07-13 14:09:24,2,2006-02-16 02:30:53
6343,2005-07-11 19:51:35,513,147,2005-07-12 19:13:35,1,2006-02-16 02:30:53
6344,2005-07-11 20:04:43,3074,78,2005-07-18 14:35:43,2,2006-02-16 02:30:53
6345,2005-07-11 20:05:18,4332,532,2005-07-20 17:28:18,1,2006-02-16 02:30:53
6346,2005-07-11 20:08:34,4066,445,2005-07-16 16:35:34,2,2006-02-16 02:30:53
6347,2005-07-11 20:18:53,3160,178,2005-07-16 20:45:53,1,2006-02-16 02:30:53
6348,2005-07-11 20:21:18,21,66,2005-07-19 15:56:18,2,2006-02-16 02:30:53
6349,2005-07-11 20:25:05,1581,216,2005-07-21 00:35:05,2,2006-02-16 02:30:53
6350,2005-07-11 20:30:15,2853,225,2005-07-16 21:30:15,1,2006-02-16 02:30:53
6351,2005-07-11 20:31:44,1852,507,2005-07-18 17:16:44,2,2006-02-16 02:30:53
6352,2005-07-11 20:34:13,1143,235,2005-07-13 19:49:13,1,2006-02-16 02:30:53
6353,2005-07-11 20:48:56,699,130,2005-07-21 00:11:56,1,2006-02-16 02:30:53
6354,2005-07-11 20:54:27,3203,176,2005-07-18 23:46:27,2,2006-02-16 02:30:53
6355,2005-07-11 20:56:29,2472,482,2005-07-20 01:50:29,2,2006-02-16 02:30:53
6356,2005-07-11 20:57:48,2645,149,2005-07-12 22:40:48,2,2006-02-16 02:30:53
6357,2005-07-11 20:58:51,658,252,2005-07-12 15:06:51,1,2006-02-16 02:30:53
6358,2005-07-11 21:03:12,4527,567,2005-07-15 20:06:12,2,2006-02-16 02:30:53
6359,2005-07-11 21:06:17,1656,30,2005-07-16 02:51:17,2,2006-02-16 02:30:53
6360,2005-07-11 21:07:40,3075,338,2005-07-16 15:11:40,1,2006-02-16 02:30:53
6361,2005-07-11 21:09:14,2903,561,2005-07-14 18:26:14,2,2006-02-16 02:30:53
6362,2005-07-11 21:09:31,4259,358,2005-07-13 23:08:31,1,2006-02-16 02:30:53
6363,2005-07-11 21:13:19,4167,344,2005-07-20 15:44:19,1,2006-02-16 02:30:53
6364,2005-07-11 21:14:48,4146,160,2005-07-20 23:20:48,2,2006-02-16 02:30:53
6365,2005-07-11 21:17:40,4550,566,2005-07-14 20:53:40,1,2006-02-16 02:30:53
6366,2005-07-11 21:18:16,3989,366,2005-07-17 00:21:16,1,2006-02-16 02:30:53
6367,2005-07-11 21:18:29,1465,357,2005-07-15 01:05:29,1,2006-02-16 02:30:53
6368,2005-07-11 21:19:01,3666,588,2005-07-13 17:56:01,2,2006-02-16 02:30:53
6369,2005-07-11 21:23:36,1086,252,2005-07-13 22:23:36,2,2006-02-16 02:30:53
6370,2005-07-11 21:28:32,1410,99,2005-07-20 02:51:32,2,2006-02-16 02:30:53
6371,2005-07-11 21:31:51,4297,265,2005-07-16 23:10:51,1,2006-02-16 02:30:53
6372,2005-07-11 21:35:06,741,64,2005-07-15 02:30:06,2,2006-02-16 02:30:53
6373,2005-07-11 21:35:20,1042,115,2005-07-13 23:22:20,2,2006-02-16 02:30:53
6374,2005-07-11 21:36:10,266,244,2005-07-17 15:50:10,2,2006-02-16 02:30:53
6375,2005-07-11 21:39:46,1936,8,2005-07-18 02:12:46,2,2006-02-16 02:30:53
6376,2005-07-11 21:40:23,1834,263,2005-07-13 23:16:23,1,2006-02-16 02:30:53
6377,2005-07-11 21:41:16,4017,118,2005-07-15 20:05:16,1,2006-02-16 02:30:53
6378,2005-07-11 21:45:23,3170,145,2005-07-14 16:56:23,1,2006-02-16 02:30:53
6379,2005-07-11 21:51:25,522,287,2005-07-17 03:38:25,2,2006-02-16 02:30:53
6380,2005-07-11 21:55:40,3378,172,2005-07-17 20:42:40,1,2006-02-16 02:30:53
6381,2005-07-11 21:58:48,2584,340,2005-07-16 16:18:48,1,2006-02-16 02:30:53
6382,2005-07-11 21:58:53,3223,336,2005-07-17 21:18:53,2,2006-02-16 02:30:53
6383,2005-07-11 22:06:53,4275,486,2005-07-17 16:09:53,1,2006-02-16 02:30:53
6384,2005-07-11 22:07:26,491,313,2005-07-16 22:39:26,1,2006-02-16 02:30:53
6385,2005-07-11 22:07:32,1830,69,2005-07-20 16:57:32,1,2006-02-16 02:30:53
6386,2005-07-11 22:14:57,633,593,2005-07-15 16:41:57,2,2006-02-16 02:30:53
6387,2005-07-11 22:15:56,1726,384,2005-07-14 20:20:56,2,2006-02-16 02:30:53
6388,2005-07-11 22:17:16,3506,525,2005-07-19 23:50:16,2,2006-02-16 02:30:53
6389,2005-07-11 22:18:20,2268,274,2005-07-16 16:57:20,2,2006-02-16 02:30:53
6390,2005-07-11 22:19:23,3057,77,2005-07-15 20:10:23,2,2006-02-16 02:30:53
6391,2005-07-11 22:23:09,1745,264,2005-07-15 23:02:09,1,2006-02-16 02:30:53
6392,2005-07-11 22:25:19,4406,468,2005-07-16 04:24:19,1,2006-02-16 02:30:53
6393,2005-07-11 22:28:12,3802,164,2005-07-14 18:03:12,1,2006-02-16 02:30:53
6394,2005-07-11 22:29:15,2574,52,2005-07-20 02:19:15,2,2006-02-16 02:30:53
6395,2005-07-11 22:29:29,3058,264,2005-07-18 00:50:29,1,2006-02-16 02:30:53
6396,2005-07-11 22:31:08,2394,507,2005-07-19 17:19:08,2,2006-02-16 02:30:53
6397,2005-07-11 22:34:02,2423,287,2005-07-13 23:01:02,1,2006-02-16 02:30:53
6398,2005-07-11 22:34:49,1409,296,2005-07-17 17:58:49,2,2006-02-16 02:30:53
6399,2005-07-11 22:39:05,2031,288,2005-07-16 01:12:05,1,2006-02-16 02:30:53
6400,2005-07-11 22:43:44,3289,536,2005-07-19 03:58:44,2,2006-02-16 02:30:53
6401,2005-07-11 22:44:34,1427,35,2005-07-12 22:18:34,2,2006-02-16 02:30:53
6402,2005-07-11 22:46:10,2576,66,2005-07-16 04:02:10,1,2006-02-16 02:30:53
6403,2005-07-11 22:46:25,1019,238,2005-07-13 22:15:25,1,2006-02-16 02:30:53
6404,2005-07-11 22:49:50,1183,526,2005-07-14 18:29:50,2,2006-02-16 02:30:53
6405,2005-07-11 22:53:12,3983,357,2005-07-18 23:02:12,2,2006-02-16 02:30:53
6406,2005-07-11 22:55:27,4439,392,2005-07-20 04:50:27,2,2006-02-16 02:30:53
6407,2005-07-11 23:02:19,775,140,2005-07-21 00:30:19,1,2006-02-16 02:30:53
6408,2005-07-11 23:03:02,2008,350,2005-07-19 23:09:02,2,2006-02-16 02:30:53
6409,2005-07-11 23:05:49,3859,537,2005-07-13 00:13:49,2,2006-02-16 02:30:53
6410,2005-07-11 23:08:06,1127,560,2005-07-19 19:57:06,2,2006-02-16 02:30:53
6411,2005-07-11 23:10:50,4347,124,2005-07-19 17:15:50,1,2006-02-16 02:30:53
6412,2005-07-11 23:19:21,3797,220,2005-07-16 19:48:21,1,2006-02-16 02:30:53
6413,2005-07-11 23:26:11,4446,251,2005-07-17 21:58:11,2,2006-02-16 02:30:53
6414,2005-07-11 23:26:13,814,502,2005-07-18 17:29:13,1,2006-02-16 02:30:53
6415,2005-07-11 23:27:52,4175,84,2005-07-19 22:29:52,2,2006-02-16 02:30:53
6416,2005-07-11 23:29:14,1063,158,2005-07-13 20:20:14,1,2006-02-16 02:30:53
6417,2005-07-11 23:35:11,3042,80,2005-07-18 20:00:11,2,2006-02-16 02:30:53
6418,2005-07-11 23:36:27,3101,185,2005-07-16 18:42:27,1,2006-02-16 02:30:53
6419,2005-07-11 23:36:38,3683,311,2005-07-13 03:23:38,1,2006-02-16 02:30:53
6420,2005-07-11 23:38:49,4443,206,2005-07-17 17:46:49,2,2006-02-16 02:30:53
6421,2005-07-11 23:45:25,4477,479,2005-07-15 20:45:25,2,2006-02-16 02:30:53
6422,2005-07-11 23:46:19,762,257,2005-07-20 22:12:19,1,2006-02-16 02:30:53
6423,2005-07-11 23:47:31,892,427,2005-07-19 18:16:31,1,2006-02-16 02:30:53
6424,2005-07-11 23:49:37,3040,359,2005-07-21 00:53:37,1,2006-02-16 02:30:53
6425,2005-07-11 23:54:52,2487,339,2005-07-13 18:37:52,1,2006-02-16 02:30:53
6426,2005-07-11 23:56:38,498,495,2005-07-21 05:22:38,1,2006-02-16 02:30:53
6427,2005-07-11 23:57:34,1043,122,2005-07-14 18:05:34,2,2006-02-16 02:30:53
6428,2005-07-12 00:01:51,4365,187,2005-07-20 22:02:51,2,2006-02-16 02:30:53
6429,2005-07-12 00:02:50,141,342,2005-07-21 02:08:50,1,2006-02-16 02:30:53
6430,2005-07-12 00:03:34,178,390,2005-07-15 03:11:34,1,2006-02-16 02:30:53
6431,2005-07-12 00:03:57,3471,458,2005-07-20 03:47:57,1,2006-02-16 02:30:53
6432,2005-07-12 00:09:41,970,293,2005-07-20 20:06:41,1,2006-02-16 02:30:53
6433,2005-07-12 00:12:02,1357,101,2005-07-21 04:25:02,2,2006-02-16 02:30:53
6434,2005-07-12 00:14:25,1478,102,2005-07-20 19:54:25,2,2006-02-16 02:30:53
6435,2005-07-12 00:16:19,1957,561,2005-07-17 19:15:19,1,2006-02-16 02:30:53
6436,2005-07-12 00:18:42,3758,122,2005-07-13 03:57:42,2,2006-02-16 02:30:53
6437,2005-07-12 00:20:29,4539,355,2005-07-12 22:26:29,1,2006-02-16 02:30:53
6438,2005-07-12 00:23:01,412,211,2005-07-17 22:45:01,1,2006-02-16 02:30:53
6439,2005-07-12 00:23:48,3463,406,2005-07-13 00:54:48,2,2006-02-16 02:30:53
6440,2005-07-12 00:25:04,2148,269,2005-07-13 04:52:04,2,2006-02-16 02:30:53
6441,2005-07-12 00:27:08,2489,505,2005-07-14 03:12:08,1,2006-02-16 02:30:53
6442,2005-07-12 00:29:45,1273,360,2005-07-15 19:37:45,2,2006-02-16 02:30:53
6443,2005-07-12 00:35:51,895,155,2005-07-16 04:50:51,1,2006-02-16 02:30:53
6444,2005-07-12 00:36:02,2214,168,2005-07-18 05:53:02,1,2006-02-16 02:30:53
6445,2005-07-12 00:37:02,582,385,2005-07-17 22:05:02,2,2006-02-16 02:30:53
6446,2005-07-12 00:44:08,3634,473,2005-07-14 20:39:08,2,2006-02-16 02:30:53
6447,2005-07-12 00:45:17,3945,482,2005-07-18 05:56:17,2,2006-02-16 02:30:53
6448,2005-07-12 00:45:59,2663,160,2005-07-17 00:34:59,1,2006-02-16 02:30:53
6449,2005-07-12 00:48:58,4395,117,2005-07-21 02:57:58,1,2006-02-16 02:30:53
6450,2005-07-12 00:49:05,2413,32,2005-07-13 01:54:05,2,2006-02-16 02:30:53
6451,2005-07-12 00:52:19,1008,381,2005-07-16 21:30:19,2,2006-02-16 02:30:53
6452,2005-07-12 00:57:31,109,388,2005-07-14 20:41:31,1,2006-02-16 02:30:53
6453,2005-07-12 00:59:53,2506,169,2005-07-14 19:17:53,2,2006-02-16 02:30:53
6454,2005-07-12 01:00:12,4028,446,2005-07-16 22:12:12,1,2006-02-16 02:30:53
6455,2005-07-12 01:01:58,4267,277,2005-07-16 02:42:58,2,2006-02-16 02:30:53
6456,2005-07-12 01:05:11,259,387,2005-07-20 23:26:11,2,2006-02-16 02:30:53
6457,2005-07-12 01:06:35,2970,64,2005-07-14 03:27:35,1,2006-02-16 02:30:53
6458,2005-07-12 01:08:52,2809,138,2005-07-16 20:22:52,1,2006-02-16 02:30:53
6459,2005-07-12 01:12:03,4025,557,2005-07-15 23:48:03,1,2006-02-16 02:30:53
6460,2005-07-12 01:13:44,2402,371,2005-07-17 04:51:44,2,2006-02-16 02:30:53
6461,2005-07-12 01:14:03,1799,135,2005-07-19 21:12:03,1,2006-02-16 02:30:53
6462,2005-07-12 01:15:24,4534,414,2005-07-19 05:11:24,2,2006-02-16 02:30:53
6463,2005-07-12 01:16:11,2930,391,2005-07-13 01:37:11,1,2006-02-16 02:30:53
6464,2005-07-12 01:16:40,3100,303,2005-07-20 00:53:40,1,2006-02-16 02:30:53
6465,2005-07-12 01:17:11,2047,207,2005-07-20 00:29:11,2,2006-02-16 02:30:53
6466,2005-07-12 01:21:03,3369,235,2005-07-14 04:05:03,1,2006-02-16 02:30:53
6467,2005-07-12 01:22:03,2067,457,2005-07-20 04:37:03,2,2006-02-16 02:30:53
6468,2005-07-12 01:27:09,4560,541,2005-07-20 00:37:09,2,2006-02-16 02:30:53
6469,2005-07-12 01:29:27,3830,147,2005-07-16 20:22:27,2,2006-02-16 02:30:53
6470,2005-07-12 01:29:41,1680,240,2005-07-15 21:33:41,2,2006-02-16 02:30:53
6471,2005-07-12 01:31:06,2253,397,2005-07-13 05:26:06,1,2006-02-16 02:30:53
6472,2005-07-12 01:33:25,3780,183,2005-07-15 20:26:25,1,2006-02-16 02:30:53
6473,2005-07-12 01:35:40,527,594,2005-07-20 20:11:40,1,2006-02-16 02:30:53
6474,2005-07-12 01:36:46,310,43,2005-07-16 07:24:46,2,2006-02-16 02:30:53
6475,2005-07-12 01:36:57,2035,74,2005-07-17 21:22:57,1,2006-02-16 02:30:53
6476,2005-07-12 01:37:48,978,28,2005-07-12 20:21:48,2,2006-02-16 02:30:53
6477,2005-07-12 01:38:42,804,181,2005-07-17 05:19:42,2,2006-02-16 02:30:53
6478,2005-07-12 01:41:44,2589,483,2005-07-15 20:48:44,1,2006-02-16 02:30:53
6479,2005-07-12 01:49:00,2587,558,2005-07-21 04:26:00,1,2006-02-16 02:30:53
6480,2005-07-12 01:49:29,3076,309,2005-07-17 01:00:29,1,2006-02-16 02:30:53
6481,2005-07-12 01:50:15,2392,128,2005-07-20 03:03:15,1,2006-02-16 02:30:53
6482,2005-07-12 01:50:21,4135,57,2005-07-14 06:49:21,2,2006-02-16 02:30:53
6483,2005-07-12 01:59:20,1053,263,2005-07-12 22:22:20,2,2006-02-16 02:30:53
6484,2005-07-12 02:04:10,4093,556,2005-07-17 23:18:10,2,2006-02-16 02:30:53
6485,2005-07-12 02:07:59,1224,319,2005-07-19 22:56:59,1,2006-02-16 02:30:53
6486,2005-07-12 02:09:36,4008,75,2005-07-14 03:04:36,2,2006-02-16 02:30:53
6487,2005-07-12 02:17:00,4000,277,2005-07-19 00:57:00,2,2006-02-16 02:30:53
6488,2005-07-12 02:20:09,3974,169,2005-07-20 00:53:09,2,2006-02-16 02:30:53
6489,2005-07-12 02:22:46,1821,268,2005-07-17 06:16:46,2,2006-02-16 02:30:53
6490,2005-07-12 02:28:03,2249,548,2005-07-19 03:06:03,2,2006-02-16 02:30:53
6491,2005-07-12 02:28:31,2803,415,2005-07-21 00:38:31,1,2006-02-16 02:30:53
6492,2005-07-12 02:28:40,466,590,2005-07-17 05:58:40,2,2006-02-16 02:30:53
6493,2005-07-12 02:40:41,16,184,2005-07-16 04:56:41,1,2006-02-16 02:30:53
6494,2005-07-12 02:42:51,1124,57,2005-07-20 06:57:51,1,2006-02-16 02:30:53
6495,2005-07-12 02:57:02,2440,19,2005-07-14 08:35:02,1,2006-02-16 02:30:53
6496,2005-07-12 02:57:39,3550,139,2005-07-20 01:43:39,1,2006-02-16 02:30:53
6497,2005-07-12 03:04:29,933,222,2005-07-17 21:36:29,2,2006-02-16 02:30:53
6498,2005-07-12 03:05:38,243,48,2005-07-19 07:12:38,1,2006-02-16 02:30:53
6499,2005-07-12 03:11:18,3165,474,2005-07-21 07:50:18,2,2006-02-16 02:30:53
6500,2005-07-12 03:11:23,4521,577,2005-07-13 00:51:23,2,2006-02-16 02:30:53
6501,2005-07-12 03:11:55,2851,219,2005-07-16 02:08:55,2,2006-02-16 02:30:53
6502,2005-07-12 03:15:45,1641,40,2005-07-17 08:47:45,2,2006-02-16 02:30:53
6503,2005-07-12 03:18:07,1319,120,2005-07-15 00:05:07,1,2006-02-16 02:30:53
6504,2005-07-12 03:19:14,3786,535,2005-07-17 01:13:14,2,2006-02-16 02:30:53
6505,2005-07-12 03:27:37,3986,415,2005-07-17 22:42:37,2,2006-02-16 02:30:53
6506,2005-07-12 03:28:22,386,423,2005-07-17 22:43:22,1,2006-02-16 02:30:53
6507,2005-07-12 03:33:12,2463,118,2005-07-20 03:56:12,1,2006-02-16 02:30:53
6508,2005-07-12 03:34:50,1474,597,2005-07-17 02:57:50,2,2006-02-16 02:30:53
6509,2005-07-12 03:35:01,2468,427,2005-07-13 06:50:01,2,2006-02-16 02:30:53
6510,2005-07-12 03:35:39,905,446,2005-07-21 01:41:39,1,2006-02-16 02:30:53
6511,2005-07-12 03:39:29,1350,322,2005-07-17 01:01:29,2,2006-02-16 02:30:53
6512,2005-07-12 03:42:49,1703,68,2005-07-13 05:01:49,2,2006-02-16 02:30:53
6513,2005-07-12 03:44:43,2671,393,2005-07-13 05:54:43,1,2006-02-16 02:30:53
6514,2005-07-12 03:47:44,3562,73,2005-07-20 00:11:44,1,2006-02-16 02:30:53
6515,2005-07-12 03:50:32,706,261,2005-07-15 03:54:32,2,2006-02-16 02:30:53
6516,2005-07-12 03:51:54,863,291,2005-07-14 03:41:54,2,2006-02-16 02:30:53
6517,2005-07-12 03:52:39,185,387,2005-07-20 08:00:39,1,2006-02-16 02:30:53
6518,2005-07-12 03:59:42,2698,288,2005-07-19 22:21:42,2,2006-02-16 02:30:53
6519,2005-07-12 04:00:36,4149,598,2005-07-19 01:15:36,1,2006-02-16 02:30:53
6520,2005-07-12 04:05:16,1535,270,2005-07-15 08:26:16,1,2006-02-16 02:30:53
6521,2005-07-12 04:06:11,3293,49,2005-07-21 05:50:11,1,2006-02-16 02:30:53
6522,2005-07-12 04:11:58,3916,142,2005-07-15 08:32:58,1,2006-02-16 02:30:53
6523,2005-07-12 04:14:19,1848,574,2005-07-17 00:38:19,1,2006-02-16 02:30:53
6524,2005-07-12 04:14:35,1467,376,2005-07-17 03:59:35,2,2006-02-16 02:30:53
6525,2005-07-12 04:17:15,1408,103,2005-07-18 23:11:15,1,2006-02-16 02:30:53
6526,2005-07-12 04:21:20,1718,225,2005-07-18 23:45:20,2,2006-02-16 02:30:53
6527,2005-07-12 04:23:06,538,65,2005-07-17 00:20:06,1,2006-02-16 02:30:53
6528,2005-07-12 04:29:44,3824,598,2005-07-18 02:39:44,2,2006-02-16 02:30:53
6529,2005-07-12 04:31:04,1058,503,2005-07-17 07:09:04,2,2006-02-16 02:30:53
6530,2005-07-12 04:33:19,3410,75,2005-07-15 08:26:19,1,2006-02-16 02:30:53
6531,2005-07-12 04:35:24,4231,510,2005-07-16 05:37:24,2,2006-02-16 02:30:53
6532,2005-07-12 04:38:32,2361,225,2005-07-13 03:54:32,1,2006-02-16 02:30:53
6533,2005-07-12 04:39:38,3853,366,2005-07-18 05:29:38,1,2006-02-16 02:30:53
6534,2005-07-12 04:39:43,2359,577,2005-07-16 06:33:43,1,2006-02-16 02:30:53
6535,2005-07-12 04:43:43,1921,446,2005-07-17 04:52:43,1,2006-02-16 02:30:53
6536,2005-07-12 04:44:25,3521,289,2005-07-18 01:52:25,2,2006-02-16 02:30:53
6537,2005-07-12 04:46:30,3381,207,2005-07-19 03:04:30,2,2006-02-16 02:30:53
6538,2005-07-12 04:50:26,1987,529,2005-07-20 23:44:26,2,2006-02-16 02:30:53
6539,2005-07-12 04:50:49,2275,259,2005-07-19 03:23:49,1,2006-02-16 02:30:53
6540,2005-07-12 04:51:13,937,156,2005-07-21 03:38:13,1,2006-02-16 02:30:53
6541,2005-07-12 04:53:41,1795,529,2005-07-17 23:17:41,2,2006-02-16 02:30:53
6542,2005-07-12 04:53:49,2421,359,2005-07-13 01:48:49,1,2006-02-16 02:30:53
6543,2005-07-12 04:54:32,2568,264,2005-07-15 09:50:32,2,2006-02-16 02:30:53
6544,2005-07-12 04:56:15,1218,97,2005-07-17 08:28:15,1,2006-02-16 02:30:53
6545,2005-07-12 04:56:30,4447,376,2005-07-20 05:41:30,1,2006-02-16 02:30:53
6546,2005-07-12 04:57:17,393,105,2005-07-17 09:29:17,2,2006-02-16 02:30:53
6547,2005-07-12 04:57:46,2656,262,2005-07-18 08:36:46,2,2006-02-16 02:30:53
6548,2005-07-12 05:00:46,2480,488,2005-07-19 04:40:46,2,2006-02-16 02:30:53
6549,2005-07-12 05:02:01,2688,493,2005-07-20 06:19:01,2,2006-02-16 02:30:53
6550,2005-07-12 05:03:14,2184,112,2005-07-19 04:06:14,1,2006-02-16 02:30:53
6551,2005-07-12 05:03:43,282,567,2005-07-13 10:44:43,1,2006-02-16 02:30:53
6552,2005-07-12 05:05:06,766,493,2005-07-13 05:12:06,2,2006-02-16 02:30:53
6553,2005-07-12 05:06:39,1137,265,2005-07-21 10:37:39,1,2006-02-16 02:30:53
6554,2005-07-12 05:07:26,2741,178,2005-07-21 06:06:26,2,2006-02-16 02:30:53
6555,2005-07-12 05:08:16,1282,188,2005-07-14 04:09:16,1,2006-02-16 02:30:53
6556,2005-07-12 05:10:16,3901,570,2005-07-13 04:16:16,2,2006-02-16 02:30:53
6557,2005-07-12 05:12:03,1442,116,2005-07-20 06:49:03,1,2006-02-16 02:30:53
6558,2005-07-12 05:16:07,2195,164,2005-07-13 05:32:07,2,2006-02-16 02:30:53
6559,2005-07-12 05:20:35,458,353,2005-07-16 08:44:35,2,2006-02-16 02:30:53
6560,2005-07-12 05:22:06,433,54,2005-07-15 00:04:06,2,2006-02-16 02:30:53
6561,2005-07-12 05:24:02,4568,528,2005-07-16 03:43:02,2,2006-02-16 02:30:53
6562,2005-07-12 05:26:26,3969,27,2005-07-16 05:10:26,2,2006-02-16 02:30:53
6563,2005-07-12 05:34:09,87,438,2005-07-21 07:37:09,1,2006-02-16 02:30:53
6564,2005-07-12 05:34:44,2320,210,2005-07-18 06:12:44,2,2006-02-16 02:30:53
6565,2005-07-12 05:39:50,2751,35,2005-07-13 01:07:50,2,2006-02-16 02:30:53
6566,2005-07-12 05:42:53,1822,178,2005-07-19 01:23:53,2,2006-02-16 02:30:53
6567,2005-07-12 05:43:09,1336,198,2005-07-19 08:18:09,2,2006-02-16 02:30:53
6568,2005-07-12 05:45:47,4203,13,2005-07-15 05:18:47,2,2006-02-16 02:30:53
6569,2005-07-12 05:47:40,759,183,2005-07-20 06:23:40,2,2006-02-16 02:30:53
6570,2005-07-12 05:50:31,2082,217,2005-07-13 09:58:31,1,2006-02-16 02:30:53
6571,2005-07-12 05:51:47,3700,140,2005-07-15 11:31:47,1,2006-02-16 02:30:53
6572,2005-07-12 05:56:38,3121,35,2005-07-16 10:41:38,1,2006-02-16 02:30:53
6573,2005-07-12 06:03:40,3308,239,2005-07-13 11:49:40,2,2006-02-16 02:30:53
6574,2005-07-12 06:04:22,621,115,2005-07-18 03:19:22,2,2006-02-16 02:30:53
6575,2005-07-12 06:12:53,1414,598,2005-07-18 07:55:53,2,2006-02-16 02:30:53
6576,2005-07-12 06:13:41,339,362,2005-07-16 03:22:41,1,2006-02-16 02:30:53
6577,2005-07-12 06:15:05,4191,439,2005-07-15 06:23:05,1,2006-02-16 02:30:53
6578,2005-07-12 06:15:41,2304,229,2005-07-15 10:43:41,1,2006-02-16 02:30:53
6580,2005-07-12 06:26:10,1543,31,2005-07-13 06:44:10,1,2006-02-16 02:30:53
6581,2005-07-12 06:26:49,2121,468,2005-07-14 05:07:49,2,2006-02-16 02:30:53
6582,2005-07-12 06:28:12,2077,420,2005-07-19 06:19:12,1,2006-02-16 02:30:53
6583,2005-07-12 06:42:31,2343,462,2005-07-15 07:51:31,1,2006-02-16 02:30:53
6584,2005-07-12 06:43:36,1800,472,2005-07-16 12:18:36,2,2006-02-16 02:30:53
6585,2005-07-12 06:50:52,2064,136,2005-07-21 06:51:52,1,2006-02-16 02:30:53
6586,2005-07-12 06:56:24,3860,93,2005-07-17 09:36:24,1,2006-02-16 02:30:53
6587,2005-07-12 06:56:26,238,419,2005-07-20 05:53:26,2,2006-02-16 02:30:53
6588,2005-07-12 06:57:40,1257,420,2005-07-16 04:27:40,1,2006-02-16 02:30:53
6589,2005-07-12 07:06:29,1595,424,2005-07-14 12:06:29,2,2006-02-16 02:30:53
6590,2005-07-12 07:08:21,1067,442,2005-07-18 06:16:21,2,2006-02-16 02:30:53
6591,2005-07-12 07:13:46,2846,509,2005-07-16 05:15:46,2,2006-02-16 02:30:53
6592,2005-07-12 07:19:35,3481,273,2005-07-19 07:15:35,1,2006-02-16 02:30:53
6593,2005-07-12 07:21:17,3441,356,2005-07-14 02:35:17,2,2006-02-16 02:30:53
6594,2005-07-12 07:25:43,4458,517,2005-07-13 07:59:43,1,2006-02-16 02:30:53
6595,2005-07-12 07:25:48,1286,458,2005-07-20 02:24:48,2,2006-02-16 02:30:53
6596,2005-07-12 07:32:59,890,409,2005-07-13 02:47:59,1,2006-02-16 02:30:53
6597,2005-07-12 07:37:02,979,479,2005-07-16 10:24:02,2,2006-02-16 02:30:53
6598,2005-07-12 07:38:25,2049,532,2005-07-19 07:58:25,1,2006-02-16 02:30:53
6599,2005-07-12 07:41:14,4348,519,2005-07-21 02:45:14,2,2006-02-16 02:30:53
6600,2005-07-12 07:41:48,3315,389,2005-07-18 12:36:48,2,2006-02-16 02:30:53
6601,2005-07-12 07:44:49,1640,464,2005-07-20 03:22:49,2,2006-02-16 02:30:53
6602,2005-07-12 07:50:24,2382,214,2005-07-20 03:25:24,2,2006-02-16 02:30:53
6603,2005-07-12 07:52:55,3583,425,2005-07-16 13:19:55,2,2006-02-16 02:30:53
6604,2005-07-12 07:57:45,822,365,2005-07-16 05:41:45,2,2006-02-16 02:30:53
6605,2005-07-12 08:01:07,2892,547,2005-07-19 03:12:07,1,2006-02-16 02:30:53
6606,2005-07-12 08:03:40,2805,178,2005-07-13 09:05:40,1,2006-02-16 02:30:53
6607,2005-07-12 08:08:50,337,562,2005-07-20 09:17:50,1,2006-02-16 02:30:53
6608,2005-07-12 08:16:50,3577,244,2005-07-18 07:08:50,2,2006-02-16 02:30:53
6609,2005-07-12 08:19:41,3332,133,2005-07-19 08:19:41,2,2006-02-16 02:30:53
6610,2005-07-12 08:20:02,645,353,2005-07-21 09:16:02,2,2006-02-16 02:30:53
6611,2005-07-12 08:20:23,1604,286,2005-07-16 07:19:23,1,2006-02-16 02:30:53
6612,2005-07-12 08:28:33,235,152,2005-07-17 06:25:33,1,2006-02-16 02:30:53
6613,2005-07-12 08:30:07,3421,460,2005-07-14 10:25:07,2,2006-02-16 02:30:53
6614,2005-07-12 08:33:49,3004,144,2005-07-18 07:28:49,2,2006-02-16 02:30:53
6615,2005-07-12 08:36:22,23,438,2005-07-20 09:03:22,1,2006-02-16 02:30:53
6616,2005-07-12 08:37:30,1833,179,2005-07-20 10:33:30,1,2006-02-16 02:30:53
6617,2005-07-12 08:39:56,2292,248,2005-07-14 09:32:56,2,2006-02-16 02:30:53
6618,2005-07-12 08:41:42,4266,327,2005-07-14 05:34:42,1,2006-02-16 02:30:53
6619,2005-07-12 08:50:48,4062,305,2005-07-14 11:54:48,1,2006-02-16 02:30:53
6620,2005-07-12 08:51:03,2362,337,2005-07-16 03:59:03,2,2006-02-16 02:30:53
6621,2005-07-12 08:57:30,2229,561,2005-07-14 09:47:30,1,2006-02-16 02:30:53
6622,2005-07-12 09:04:11,4350,325,2005-07-13 04:27:11,1,2006-02-16 02:30:53
6623,2005-07-12 09:05:34,4412,302,2005-07-19 13:54:34,2,2006-02-16 02:30:53
6624,2005-07-12 09:05:50,3946,335,2005-07-18 13:59:50,2,2006-02-16 02:30:53
6625,2005-07-12 09:06:40,735,443,2005-07-21 04:57:40,2,2006-02-16 02:30:53
6626,2005-07-12 09:16:24,2418,269,2005-07-17 04:06:24,2,2006-02-16 02:30:53
6627,2005-07-12 09:16:46,626,565,2005-07-17 10:58:46,1,2006-02-16 02:30:53
6628,2005-07-12 09:18:08,2894,211,2005-07-21 04:27:08,2,2006-02-16 02:30:53
6629,2005-07-12 09:18:35,2855,582,2005-07-20 11:34:35,2,2006-02-16 02:30:53
6630,2005-07-12 09:30:05,1843,462,2005-07-14 08:29:05,2,2006-02-16 02:30:53
6631,2005-07-12 09:31:43,2340,204,2005-07-15 05:00:43,2,2006-02-16 02:30:53
6632,2005-07-12 09:33:10,2929,442,2005-07-15 11:36:10,1,2006-02-16 02:30:53
6633,2005-07-12 09:35:42,2908,150,2005-07-13 12:56:42,2,2006-02-16 02:30:53
6634,2005-07-12 09:37:18,2943,50,2005-07-13 09:28:18,1,2006-02-16 02:30:53
6635,2005-07-12 09:47:58,515,273,2005-07-16 15:43:58,1,2006-02-16 02:30:53
6636,2005-07-12 09:49:46,3270,441,2005-07-14 12:15:46,1,2006-02-16 02:30:53
6637,2005-07-12 09:57:39,2852,164,2005-07-19 08:40:39,1,2006-02-16 02:30:53
6638,2005-07-12 09:58:02,207,87,2005-07-13 09:40:02,1,2006-02-16 02:30:53
6639,2005-07-12 10:00:44,3385,587,2005-07-19 04:56:44,1,2006-02-16 02:30:53
6640,2005-07-12 10:27:19,2794,148,2005-07-21 06:28:19,2,2006-02-16 02:30:53
6641,2005-07-12 10:33:14,2165,334,2005-07-20 08:24:14,2,2006-02-16 02:30:53
6642,2005-07-12 10:37:52,201,441,2005-07-13 15:13:52,1,2006-02-16 02:30:53
6643,2005-07-12 10:39:22,174,88,2005-07-18 13:52:22,1,2006-02-16 02:30:53
6644,2005-07-12 10:39:39,2667,285,2005-07-14 11:50:39,1,2006-02-16 02:30:53
6645,2005-07-12 10:39:55,2858,73,2005-07-17 07:41:55,1,2006-02-16 02:30:53
6646,2005-07-12 10:41:34,4061,508,2005-07-15 05:31:34,1,2006-02-16 02:30:53
6647,2005-07-12 10:43:53,1841,8,2005-07-14 05:37:53,1,2006-02-16 02:30:53
6648,2005-07-12 10:46:30,718,356,2005-07-14 16:15:30,1,2006-02-16 02:30:53
6649,2005-07-12 10:51:09,70,57,2005-07-14 16:05:09,2,2006-02-16 02:30:53
6650,2005-07-12 10:57:10,1589,526,2005-07-14 07:24:10,1,2006-02-16 02:30:53
6651,2005-07-12 10:57:28,98,447,2005-07-15 06:06:28,2,2006-02-16 02:30:53
6652,2005-07-12 10:59:38,2200,518,2005-07-13 13:52:38,1,2006-02-16 02:30:53
6653,2005-07-12 11:06:17,614,25,2005-07-19 16:52:17,2,2006-02-16 02:30:53
6654,2005-07-12 11:06:28,2870,458,2005-07-20 10:27:28,1,2006-02-16 02:30:53
6655,2005-07-12 11:08:32,3937,100,2005-07-15 15:17:32,1,2006-02-16 02:30:53
6656,2005-07-12 11:09:47,2282,330,2005-07-14 05:50:47,1,2006-02-16 02:30:53
6657,2005-07-12 11:11:36,3697,553,2005-07-16 15:56:36,1,2006-02-16 02:30:53
6658,2005-07-12 11:13:21,172,27,2005-07-17 09:10:21,2,2006-02-16 02:30:53
6659,2005-07-12 11:18:05,2285,134,2005-07-16 16:45:05,2,2006-02-16 02:30:53
6660,2005-07-12 11:20:12,446,598,2005-07-20 12:58:12,2,2006-02-16 02:30:53
6661,2005-07-12 11:20:39,2367,315,2005-07-16 08:17:39,2,2006-02-16 02:30:53
6662,2005-07-12 11:21:06,1464,99,2005-07-13 13:00:06,1,2006-02-16 02:30:53
6663,2005-07-12 11:27:35,4364,5,2005-07-21 16:35:35,1,2006-02-16 02:30:53
6664,2005-07-12 11:28:22,4578,351,2005-07-15 09:30:22,1,2006-02-16 02:30:53
6665,2005-07-12 11:29:14,2912,587,2005-07-19 11:26:14,2,2006-02-16 02:30:53
6666,2005-07-12 11:32:15,3194,314,2005-07-14 16:09:15,2,2006-02-16 02:30:53
6667,2005-07-12 11:36:22,215,50,2005-07-19 12:53:22,1,2006-02-16 02:30:53
6668,2005-07-12 11:37:45,1498,199,2005-07-14 13:28:45,2,2006-02-16 02:30:53
6669,2005-07-12 11:39:55,1420,355,2005-07-20 05:56:55,1,2006-02-16 02:30:53
6670,2005-07-12 11:44:33,3106,249,2005-07-19 07:54:33,2,2006-02-16 02:30:53
6671,2005-07-12 11:48:48,955,526,2005-07-19 16:55:48,2,2006-02-16 02:30:53
6672,2005-07-12 11:49:16,375,439,2005-07-13 07:03:16,2,2006-02-16 02:30:53
6673,2005-07-12 11:50:56,1997,322,2005-07-13 14:27:56,1,2006-02-16 02:30:53
6674,2005-07-12 11:51:54,2385,399,2005-07-13 16:57:54,1,2006-02-16 02:30:53
6675,2005-07-12 11:53:06,2124,523,2005-07-13 06:09:06,1,2006-02-16 02:30:53
6676,2005-07-12 11:53:40,2294,571,2005-07-19 09:15:40,1,2006-02-16 02:30:53
6677,2005-07-12 11:58:14,2389,516,2005-07-21 06:05:14,2,2006-02-16 02:30:53
6678,2005-07-12 11:58:36,3473,330,2005-07-15 17:50:36,2,2006-02-16 02:30:53
6679,2005-07-12 12:01:07,3664,586,2005-07-14 11:36:07,1,2006-02-16 02:30:53
6680,2005-07-12 12:01:56,2887,43,2005-07-16 17:32:56,1,2006-02-16 02:30:53
6681,2005-07-12 12:04:12,854,368,2005-07-19 11:01:12,2,2006-02-16 02:30:53
6682,2005-07-12 12:12:43,1984,339,2005-07-21 10:49:43,2,2006-02-16 02:30:53
6683,2005-07-12 12:14:05,3433,244,2005-07-17 14:02:05,2,2006-02-16 02:30:53
6684,2005-07-12 12:14:42,2817,583,2005-07-21 11:07:42,2,2006-02-16 02:30:53
6685,2005-07-12 12:16:28,1434,5,2005-07-19 17:03:28,1,2006-02-16 02:30:53
6686,2005-07-12 12:18:38,3804,6,2005-07-13 17:56:38,2,2006-02-16 02:30:53
6687,2005-07-12 12:19:23,2736,128,2005-07-19 17:12:23,1,2006-02-16 02:30:53
6688,2005-07-12 12:22:12,2377,246,2005-07-14 14:05:12,1,2006-02-16 02:30:53
6689,2005-07-12 12:22:13,1568,525,2005-07-16 07:44:13,1,2006-02-16 02:30:53
6690,2005-07-12 12:23:02,4254,447,2005-07-16 15:39:02,2,2006-02-16 02:30:53
6691,2005-07-12 12:26:38,403,192,2005-07-18 13:26:38,2,2006-02-16 02:30:53
6692,2005-07-12 12:35:39,2837,372,2005-07-20 11:20:39,2,2006-02-16 02:30:53
6693,2005-07-12 12:37:00,2014,573,2005-07-20 09:36:00,1,2006-02-16 02:30:53
6694,2005-07-12 12:39:23,586,204,2005-07-19 14:47:23,1,2006-02-16 02:30:53
6695,2005-07-12 12:39:39,3088,550,2005-07-17 13:36:39,2,2006-02-16 02:30:53
6696,2005-07-12 12:44:04,299,273,2005-07-16 14:17:04,1,2006-02-16 02:30:53
6697,2005-07-12 12:44:57,210,103,2005-07-19 13:02:57,1,2006-02-16 02:30:53
6698,2005-07-12 12:45:00,4419,64,2005-07-16 11:16:00,2,2006-02-16 02:30:53
6699,2005-07-12 12:45:21,3411,565,2005-07-15 12:59:21,1,2006-02-16 02:30:53
6700,2005-07-12 12:47:22,3063,184,2005-07-21 16:04:22,1,2006-02-16 02:30:53
6701,2005-07-12 12:47:59,3428,454,2005-07-13 10:28:59,1,2006-02-16 02:30:53
6702,2005-07-12 12:48:03,233,164,2005-07-13 11:55:03,1,2006-02-16 02:30:53
6703,2005-07-12 12:50:19,46,470,2005-07-16 13:41:19,1,2006-02-16 02:30:53
6704,2005-07-12 12:50:24,1590,595,2005-07-20 16:41:24,2,2006-02-16 02:30:53
6705,2005-07-12 12:53:11,4268,363,2005-07-13 07:17:11,1,2006-02-16 02:30:53
6706,2005-07-12 12:59:16,4552,267,2005-07-19 10:37:16,1,2006-02-16 02:30:53
6707,2005-07-12 13:07:55,406,80,2005-07-16 16:26:55,2,2006-02-16 02:30:53
6708,2005-07-12 13:10:55,372,82,2005-07-21 07:36:55,1,2006-02-16 02:30:53
6709,2005-07-12 13:20:41,4049,322,2005-07-16 10:37:41,2,2006-02-16 02:30:53
6710,2005-07-12 13:23:09,806,462,2005-07-20 10:10:09,2,2006-02-16 02:30:53
6711,2005-07-12 13:23:40,2247,257,2005-07-20 11:45:40,2,2006-02-16 02:30:53
6712,2005-07-12 13:24:47,4581,226,2005-07-20 09:35:47,2,2006-02-16 02:30:53
6713,2005-07-12 13:27:36,4218,557,2005-07-16 11:14:36,1,2006-02-16 02:30:53
6714,2005-07-12 13:29:06,1947,370,2005-07-18 16:02:06,2,2006-02-16 02:30:53
6715,2005-07-12 13:32:28,643,386,2005-07-15 17:01:28,2,2006-02-16 02:30:53
6716,2005-07-12 13:34:58,2783,367,2005-07-19 15:09:58,1,2006-02-16 02:30:53
6717,2005-07-12 13:35:02,523,273,2005-07-20 15:03:02,1,2006-02-16 02:30:53
6718,2005-07-12 13:38:06,2283,541,2005-07-18 09:05:06,1,2006-02-16 02:30:53
6719,2005-07-12 13:40:37,739,330,2005-07-15 15:23:37,2,2006-02-16 02:30:53
6720,2005-07-12 13:41:16,2704,151,2005-07-13 14:41:16,2,2006-02-16 02:30:53
6721,2005-07-12 13:42:58,2798,462,2005-07-19 16:39:58,2,2006-02-16 02:30:53
6722,2005-07-12 13:44:03,3124,211,2005-07-19 12:43:03,2,2006-02-16 02:30:53
6723,2005-07-12 13:44:57,2678,499,2005-07-14 15:57:57,2,2006-02-16 02:30:53
6724,2005-07-12 13:45:15,2486,262,2005-07-19 19:18:15,1,2006-02-16 02:30:53
6725,2005-07-12 13:47:17,831,213,2005-07-17 13:31:17,1,2006-02-16 02:30:53
6726,2005-07-12 13:48:14,4494,97,2005-07-16 11:11:14,1,2006-02-16 02:30:53
6727,2005-07-12 13:54:25,3793,407,2005-07-14 17:29:25,1,2006-02-16 02:30:53
6728,2005-07-12 13:56:48,2113,414,2005-07-15 18:49:48,1,2006-02-16 02:30:53
6729,2005-07-12 13:58:23,2495,455,2005-07-19 09:34:23,2,2006-02-16 02:30:53
6730,2005-07-12 13:58:25,1552,532,2005-07-20 13:01:25,1,2006-02-16 02:30:53
6731,2005-07-12 13:58:27,844,593,2005-07-15 10:04:27,2,2006-02-16 02:30:53
6732,2005-07-12 13:58:51,1913,299,2005-07-17 17:42:51,1,2006-02-16 02:30:53
6733,2005-07-12 14:04:01,1476,585,2005-07-21 18:57:01,2,2006-02-16 02:30:53
6734,2005-07-12 14:04:24,2248,446,2005-07-21 19:47:24,1,2006-02-16 02:30:53
6735,2005-07-12 14:08:20,276,428,2005-07-18 09:41:20,2,2006-02-16 02:30:53
6736,2005-07-12 14:16:50,530,342,2005-07-15 16:26:50,1,2006-02-16 02:30:53
6737,2005-07-12 14:16:52,315,304,2005-07-18 19:48:52,1,2006-02-16 02:30:53
6738,2005-07-12 14:17:55,1197,366,2005-07-21 10:11:55,2,2006-02-16 02:30:53
6739,2005-07-12 14:22:08,1221,71,2005-07-18 16:57:08,2,2006-02-16 02:30:53
6740,2005-07-12 14:22:08,2431,139,2005-07-14 14:35:08,1,2006-02-16 02:30:53
6741,2005-07-12 14:24:16,237,359,2005-07-15 08:31:16,1,2006-02-16 02:30:53
6742,2005-07-12 14:25:31,4242,558,2005-07-17 08:50:31,2,2006-02-16 02:30:53
6743,2005-07-12 14:29:25,158,261,2005-07-13 13:13:25,1,2006-02-16 02:30:53
6744,2005-07-12 14:30:28,2565,64,2005-07-14 16:20:28,1,2006-02-16 02:30:53
6745,2005-07-12 14:30:51,1331,524,2005-07-13 13:42:51,2,2006-02-16 02:30:53
6746,2005-07-12 14:33:01,3127,537,2005-07-17 19:52:01,2,2006-02-16 02:30:53
6747,2005-07-12 14:33:21,3651,126,2005-07-13 09:59:21,2,2006-02-16 02:30:53
6748,2005-07-12 14:39:27,3655,540,2005-07-18 13:40:27,2,2006-02-16 02:30:53
6749,2005-07-12 14:43:05,2895,334,2005-07-21 15:13:05,2,2006-02-16 02:30:53
6750,2005-07-12 14:49:39,3838,459,2005-07-18 18:43:39,2,2006-02-16 02:30:53
6751,2005-07-12 14:50:34,1749,312,2005-07-15 19:39:34,2,2006-02-16 02:30:53
6752,2005-07-12 14:53:15,3392,453,2005-07-20 09:23:15,1,2006-02-16 02:30:53
6753,2005-07-12 14:55:42,2591,147,2005-07-18 19:16:42,1,2006-02-16 02:30:53
6754,2005-07-12 14:59:24,1460,114,2005-07-14 11:04:24,2,2006-02-16 02:30:53
6755,2005-07-12 15:07:49,2542,126,2005-07-21 18:43:49,2,2006-02-16 02:30:53
6756,2005-07-12 15:08:28,1174,531,2005-07-13 14:25:28,2,2006-02-16 02:30:53
6757,2005-07-12 15:09:48,547,558,2005-07-17 15:04:48,2,2006-02-16 02:30:53
6758,2005-07-12 15:13:49,4098,546,2005-07-20 09:31:49,2,2006-02-16 02:30:53
6759,2005-07-12 15:14:48,3624,49,2005-07-15 11:29:48,1,2006-02-16 02:30:53
6760,2005-07-12 15:16:00,501,502,2005-07-20 13:20:00,2,2006-02-16 02:30:53
6761,2005-07-12 15:17:42,3645,7,2005-07-18 17:59:42,2,2006-02-16 02:30:53
6762,2005-07-12 15:25:33,3857,262,2005-07-21 18:57:33,1,2006-02-16 02:30:53
6763,2005-07-12 15:26:34,3364,314,2005-07-18 16:38:34,2,2006-02-16 02:30:53
6764,2005-07-12 15:29:27,4407,396,2005-07-21 20:00:27,2,2006-02-16 02:30:53
6765,2005-07-12 15:30:47,2571,433,2005-07-19 14:19:47,2,2006-02-16 02:30:53
6766,2005-07-12 15:32:01,3615,171,2005-07-18 14:03:01,2,2006-02-16 02:30:53
6767,2005-07-12 15:46:55,1819,208,2005-07-17 17:36:55,2,2006-02-16 02:30:53
6768,2005-07-12 15:47:51,3418,151,2005-07-19 21:17:51,2,2006-02-16 02:30:53
6769,2005-07-12 15:48:54,1687,63,2005-07-21 14:39:54,2,2006-02-16 02:30:53
6770,2005-07-12 15:49:40,2080,360,2005-07-20 10:14:40,2,2006-02-16 02:30:53
6771,2005-07-12 15:54:40,1113,396,2005-07-17 15:56:40,2,2006-02-16 02:30:53
6772,2005-07-12 15:55:35,3810,89,2005-07-18 10:47:35,1,2006-02-16 02:30:53
6773,2005-07-12 15:55:39,3346,12,2005-07-18 17:52:39,2,2006-02-16 02:30:53
6774,2005-07-12 15:56:08,868,171,2005-07-13 18:42:08,1,2006-02-16 02:30:53
6775,2005-07-12 16:01:44,2909,383,2005-07-19 14:11:44,1,2006-02-16 02:30:53
6776,2005-07-12 16:02:09,2398,348,2005-07-20 16:31:09,1,2006-02-16 02:30:53
6777,2005-07-12 16:04:40,4089,351,2005-07-20 15:05:40,2,2006-02-16 02:30:53
6778,2005-07-12 16:06:00,4503,381,2005-07-14 21:57:00,2,2006-02-16 02:30:53
6779,2005-07-12 16:10:50,4468,404,2005-07-17 14:51:50,2,2006-02-16 02:30:53
6780,2005-07-12 16:18:12,1255,121,2005-07-13 17:56:12,2,2006-02-16 02:30:53
6781,2005-07-12 16:21:47,3783,533,2005-07-15 19:52:47,1,2006-02-16 02:30:53
6782,2005-07-12 16:23:25,2742,199,2005-07-20 18:46:25,2,2006-02-16 02:30:53
6783,2005-07-12 16:27:56,3633,506,2005-07-13 12:11:56,2,2006-02-16 02:30:53
6784,2005-07-12 16:28:49,197,578,2005-07-15 17:27:49,1,2006-02-16 02:30:53
6785,2005-07-12 16:30:57,4448,69,2005-07-18 20:46:57,1,2006-02-16 02:30:53
6786,2005-07-12 16:32:33,2011,546,2005-07-16 12:42:33,2,2006-02-16 02:30:53
6787,2005-07-12 16:33:28,1481,342,2005-07-18 21:48:28,2,2006-02-16 02:30:53
6788,2005-07-12 16:33:44,1162,460,2005-07-20 15:38:44,2,2006-02-16 02:30:53
6789,2005-07-12 16:34:40,1973,76,2005-07-14 17:02:40,2,2006-02-16 02:30:53
6790,2005-07-12 16:34:59,4486,400,2005-07-17 21:43:59,2,2006-02-16 02:30:53
6791,2005-07-12 16:35:07,1495,144,2005-07-20 15:32:07,2,2006-02-16 02:30:53
6792,2005-07-12 16:37:28,510,571,2005-07-20 11:20:28,2,2006-02-16 02:30:53
6793,2005-07-12 16:37:55,103,148,2005-07-21 16:04:55,2,2006-02-16 02:30:53
6794,2005-07-12 16:38:23,813,233,2005-07-20 17:36:23,2,2006-02-16 02:30:53
6795,2005-07-12 16:41:00,1489,245,2005-07-21 20:52:00,1,2006-02-16 02:30:53
6796,2005-07-12 16:44:16,227,291,2005-07-16 14:48:16,2,2006-02-16 02:30:53
6797,2005-07-12 16:47:06,1536,469,2005-07-14 14:38:06,2,2006-02-16 02:30:53
6798,2005-07-12 16:49:11,275,115,2005-07-19 12:11:11,2,2006-02-16 02:30:53
6799,2005-07-12 16:52:13,2778,42,2005-07-14 15:11:13,2,2006-02-16 02:30:53
6800,2005-07-12 17:03:56,3742,599,2005-07-21 20:32:56,2,2006-02-16 02:30:53
6801,2005-07-12 17:09:08,872,500,2005-07-21 22:25:08,1,2006-02-16 02:30:53
6802,2005-07-12 17:14:17,2942,298,2005-07-17 11:54:17,2,2006-02-16 02:30:53
6803,2005-07-12 17:21:49,2676,490,2005-07-14 18:01:49,2,2006-02-16 02:30:53
6804,2005-07-12 17:22:06,1554,269,2005-07-21 11:37:06,1,2006-02-16 02:30:53
6805,2005-07-12 17:23:01,1758,262,2005-07-21 19:38:01,2,2006-02-16 02:30:53
6806,2005-07-12 17:31:43,656,179,2005-07-17 14:36:43,1,2006-02-16 02:30:53
6807,2005-07-12 17:33:53,669,376,2005-07-18 16:28:53,2,2006-02-16 02:30:53
6808,2005-07-12 17:36:42,362,263,2005-07-18 23:33:42,2,2006-02-16 02:30:53
6809,2005-07-12 17:51:54,3455,168,2005-07-17 15:10:54,1,2006-02-16 02:30:53
6810,2005-07-12 17:54:19,2802,485,2005-07-20 16:58:19,2,2006-02-16 02:30:53
6811,2005-07-12 17:54:33,1572,107,2005-07-20 17:39:33,1,2006-02-16 02:30:53
6812,2005-07-12 18:03:25,2227,553,2005-07-20 18:33:25,2,2006-02-16 02:30:53
6813,2005-07-12 18:03:50,135,54,2005-07-16 16:30:50,1,2006-02-16 02:30:53
6814,2005-07-12 18:11:58,1863,579,2005-07-18 20:37:58,2,2006-02-16 02:30:53
6815,2005-07-12 18:14:10,3236,468,2005-07-17 14:16:10,1,2006-02-16 02:30:53
6816,2005-07-12 18:18:50,2963,290,2005-07-18 21:09:50,2,2006-02-16 02:30:53
6817,2005-07-12 18:19:57,184,135,2005-07-19 22:53:57,1,2006-02-16 02:30:53
6818,2005-07-12 18:20:54,1013,153,2005-07-21 00:03:54,2,2006-02-16 02:30:53
6819,2005-07-12 18:21:01,1253,198,2005-07-13 21:14:01,1,2006-02-16 02:30:53
6820,2005-07-12 18:21:30,223,243,2005-07-14 15:14:30,1,2006-02-16 02:30:53
6821,2005-07-12 18:22:10,623,363,2005-07-14 13:25:10,2,2006-02-16 02:30:53
6822,2005-07-12 18:23:39,1592,300,2005-07-19 21:06:39,1,2006-02-16 02:30:53
6823,2005-07-12 18:24:31,795,557,2005-07-17 23:13:31,1,2006-02-16 02:30:53
6824,2005-07-12 18:26:46,858,579,2005-07-21 15:23:46,1,2006-02-16 02:30:53
6825,2005-07-12 18:28:12,2342,281,2005-07-15 19:24:12,1,2006-02-16 02:30:53
6826,2005-07-12 18:32:02,1708,408,2005-07-16 23:21:02,1,2006-02-16 02:30:53
6827,2005-07-12 18:33:45,1529,283,2005-07-13 19:09:45,1,2006-02-16 02:30:53
6828,2005-07-12 18:38:51,874,502,2005-07-14 20:10:51,1,2006-02-16 02:30:53
6829,2005-07-12 18:38:59,4184,361,2005-07-16 23:25:59,1,2006-02-16 02:30:53
6830,2005-07-12 18:42:55,1943,578,2005-07-17 17:58:55,1,2006-02-16 02:30:53
6831,2005-07-12 18:44:04,924,163,2005-07-16 21:39:04,2,2006-02-16 02:30:53
6832,2005-07-12 18:51:41,444,220,2005-07-20 13:29:41,2,2006-02-16 02:30:53
6833,2005-07-12 18:53:34,912,301,2005-07-19 22:21:34,2,2006-02-16 02:30:53
6834,2005-07-12 18:53:37,897,533,2005-07-19 13:42:37,1,2006-02-16 02:30:53
6835,2005-07-12 18:58:03,1444,367,2005-07-18 00:41:03,1,2006-02-16 02:30:53
6836,2005-07-12 18:58:05,2744,113,2005-07-15 17:45:05,1,2006-02-16 02:30:53
6837,2005-07-12 18:59:45,1203,533,2005-07-21 22:47:45,2,2006-02-16 02:30:53
6838,2005-07-12 19:01:30,3492,354,2005-07-17 23:42:30,1,2006-02-16 02:30:53
6839,2005-07-12 19:03:19,3900,357,2005-07-15 23:48:19,1,2006-02-16 02:30:53
6840,2005-07-12 19:03:22,1381,323,2005-07-21 18:34:22,2,2006-02-16 02:30:53
6841,2005-07-12 19:04:24,2265,108,2005-07-14 23:58:24,1,2006-02-16 02:30:53
6842,2005-07-12 19:07:55,3376,366,2005-07-19 22:47:55,1,2006-02-16 02:30:53
6843,2005-07-12 19:14:05,746,561,2005-07-20 23:15:05,1,2006-02-16 02:30:53
6844,2005-07-12 19:14:53,3211,482,2005-07-18 16:07:53,2,2006-02-16 02:30:53
6845,2005-07-12 19:20:41,3833,414,2005-07-14 15:27:41,1,2006-02-16 02:30:53
6846,2005-07-12 19:20:45,1214,18,2005-07-17 00:06:45,1,2006-02-16 02:30:53
6847,2005-07-12 19:22:37,346,63,2005-07-21 18:53:37,2,2006-02-16 02:30:53
6848,2005-07-12 19:24:07,1782,433,2005-07-14 17:03:07,1,2006-02-16 02:30:53
6849,2005-07-12 19:29:19,4307,479,2005-07-19 22:03:19,1,2006-02-16 02:30:53
6850,2005-07-12 19:30:42,1145,433,2005-07-17 21:26:42,2,2006-02-16 02:30:53
6851,2005-07-12 19:32:14,664,280,2005-07-17 21:03:14,1,2006-02-16 02:30:53
6852,2005-07-12 19:33:49,2182,75,2005-07-13 20:01:49,2,2006-02-16 02:30:53
6853,2005-07-12 19:38:11,4006,299,2005-07-20 00:14:11,1,2006-02-16 02:30:53
6854,2005-07-12 19:38:57,3173,151,2005-07-16 16:28:57,1,2006-02-16 02:30:53
6855,2005-07-12 19:46:29,2657,24,2005-07-15 16:56:29,2,2006-02-16 02:30:53
6856,2005-07-12 19:50:16,4338,275,2005-07-14 22:25:16,1,2006-02-16 02:30:53
6857,2005-07-12 19:53:30,424,196,2005-07-13 15:22:30,1,2006-02-16 02:30:53
6858,2005-07-12 19:53:51,1095,516,2005-07-19 14:12:51,1,2006-02-16 02:30:53
6859,2005-07-12 19:53:57,4108,321,2005-07-17 19:48:57,2,2006-02-16 02:30:53
6860,2005-07-12 19:54:17,2907,91,2005-07-18 13:59:17,1,2006-02-16 02:30:53
6861,2005-07-12 19:56:52,354,83,2005-07-13 16:02:52,1,2006-02-16 02:30:53
6862,2005-07-12 19:58:09,3477,231,2005-07-18 15:48:09,2,2006-02-16 02:30:53
6863,2005-07-12 19:58:34,229,484,2005-07-21 16:57:34,1,2006-02-16 02:30:53
6864,2005-07-12 19:59:25,2252,38,2005-07-19 15:52:25,2,2006-02-16 02:30:53
6865,2005-07-12 20:02:40,1428,175,2005-07-20 00:39:40,2,2006-02-16 02:30:53
6866,2005-07-12 20:03:44,2481,312,2005-07-15 01:55:44,1,2006-02-16 02:30:53
6867,2005-07-12 20:06:47,3354,190,2005-07-19 16:59:47,1,2006-02-16 02:30:53
6868,2005-07-12 20:10:17,719,306,2005-07-15 22:34:17,2,2006-02-16 02:30:53
6869,2005-07-12 20:12:06,3546,278,2005-07-13 18:37:06,1,2006-02-16 02:30:53
6870,2005-07-12 20:13:45,3102,13,2005-07-16 22:09:45,2,2006-02-16 02:30:53
6871,2005-07-12 20:13:49,3612,204,2005-07-14 20:11:49,2,2006-02-16 02:30:53
6872,2005-07-12 20:15:04,3246,86,2005-07-18 18:19:04,1,2006-02-16 02:30:53
6873,2005-07-12 20:20:50,802,161,2005-07-17 01:51:50,1,2006-02-16 02:30:53
6874,2005-07-12 20:20:53,4478,539,2005-07-19 19:41:53,1,2006-02-16 02:30:53
6875,2005-07-12 20:23:05,3420,172,2005-07-19 00:09:05,2,2006-02-16 02:30:53
6876,2005-07-12 20:32:50,34,531,2005-07-16 21:12:50,1,2006-02-16 02:30:53
6877,2005-07-12 20:32:58,3968,231,2005-07-18 18:01:58,1,2006-02-16 02:30:53
6878,2005-07-12 20:37:13,2428,363,2005-07-19 20:13:13,2,2006-02-16 02:30:53
6879,2005-07-12 20:37:37,1901,416,2005-07-20 15:40:37,2,2006-02-16 02:30:53
6880,2005-07-12 20:41:35,1473,229,2005-07-17 02:22:35,1,2006-02-16 02:30:53
6881,2005-07-12 20:46:35,2496,346,2005-07-21 00:26:35,2,2006-02-16 02:30:53
6882,2005-07-12 20:50:39,2469,166,2005-07-14 21:01:39,1,2006-02-16 02:30:53
6883,2005-07-12 20:50:48,468,596,2005-07-19 16:00:48,2,2006-02-16 02:30:53
6884,2005-07-12 20:52:41,3642,17,2005-07-20 23:13:41,1,2006-02-16 02:30:53
6885,2005-07-12 20:56:04,3972,159,2005-07-15 19:21:04,2,2006-02-16 02:30:53
6886,2005-07-12 20:58:04,4533,429,2005-07-18 16:56:04,2,2006-02-16 02:30:53
6887,2005-07-12 21:00:23,4487,542,2005-07-21 17:46:23,1,2006-02-16 02:30:53
6888,2005-07-12 21:01:11,1896,490,2005-07-17 21:49:11,2,2006-02-16 02:30:53
6889,2005-07-12 21:01:22,2919,198,2005-07-20 20:16:22,2,2006-02-16 02:30:53
6890,2005-07-12 21:03:03,2538,473,2005-07-14 00:47:03,1,2006-02-16 02:30:53
6891,2005-07-12 21:07:35,3189,507,2005-07-14 16:59:35,2,2006-02-16 02:30:53
6892,2005-07-12 21:10:04,1567,138,2005-07-13 23:03:04,2,2006-02-16 02:30:53
6893,2005-07-12 21:20:11,2611,377,2005-07-21 18:55:11,2,2006-02-16 02:30:53
6894,2005-07-12 21:20:50,1347,315,2005-07-20 23:42:50,2,2006-02-16 02:30:53
6895,2005-07-12 21:23:59,2935,599,2005-07-19 20:47:59,2,2006-02-16 02:30:53
6896,2005-07-12 21:25:37,1266,111,2005-07-20 23:51:37,1,2006-02-16 02:30:53
6897,2005-07-12 21:30:41,170,13,2005-07-15 03:19:41,1,2006-02-16 02:30:53
6898,2005-07-12 21:39:04,1725,557,2005-07-15 20:30:04,1,2006-02-16 02:30:53
6899,2005-07-12 21:44:16,3565,483,2005-07-21 22:21:16,2,2006-02-16 02:30:53
6900,2005-07-12 21:45:25,129,292,2005-07-19 21:19:25,1,2006-02-16 02:30:53
6901,2005-07-12 21:46:33,4574,158,2005-07-16 21:36:33,1,2006-02-16 02:30:53
6902,2005-07-12 21:57:16,314,485,2005-07-14 20:56:16,1,2006-02-16 02:30:53
6903,2005-07-12 21:58:15,3690,517,2005-07-14 01:38:15,2,2006-02-16 02:30:53
6904,2005-07-12 22:02:09,2312,465,2005-07-17 16:42:09,1,2006-02-16 02:30:53
6905,2005-07-12 22:02:18,763,25,2005-07-18 23:30:18,1,2006-02-16 02:30:53
6906,2005-07-12 22:03:02,1435,335,2005-07-15 00:35:02,1,2006-02-16 02:30:53
6907,2005-07-12 22:03:49,2516,575,2005-07-18 19:18:49,1,2006-02-16 02:30:53
6908,2005-07-12 22:08:46,3161,529,2005-07-21 00:21:46,2,2006-02-16 02:30:53
6909,2005-07-12 22:09:30,769,174,2005-07-17 02:05:30,2,2006-02-16 02:30:53
6910,2005-07-12 22:11:21,1290,546,2005-07-21 02:35:21,1,2006-02-16 02:30:53
6911,2005-07-12 22:14:34,901,361,2005-07-18 20:17:34,1,2006-02-16 02:30:53
6912,2005-07-12 22:17:16,1701,471,2005-07-19 18:18:16,1,2006-02-16 02:30:53
6913,2005-07-12 22:18:12,569,443,2005-07-14 23:03:12,2,2006-02-16 02:30:53
6914,2005-07-12 22:26:56,496,361,2005-07-17 20:03:56,1,2006-02-16 02:30:53
6915,2005-07-12 22:28:09,1243,559,2005-07-14 00:53:09,1,2006-02-16 02:30:53
6916,2005-07-12 22:29:18,3311,88,2005-07-19 16:46:18,1,2006-02-16 02:30:53
6917,2005-07-12 22:30:15,3048,23,2005-07-20 03:20:15,1,2006-02-16 02:30:53
6918,2005-07-12 22:30:29,4085,140,2005-07-19 22:51:29,1,2006-02-16 02:30:53
6919,2005-07-12 22:32:17,1122,540,2005-07-18 20:09:17,1,2006-02-16 02:30:53
6920,2005-07-12 22:32:58,2301,109,2005-07-19 20:29:58,2,2006-02-16 02:30:53
6921,2005-07-12 22:39:03,3322,265,2005-07-21 18:54:03,2,2006-02-16 02:30:53
6922,2005-07-12 22:39:48,1114,371,2005-07-14 18:35:48,1,2006-02-16 02:30:53
6923,2005-07-12 22:40:48,2642,490,2005-07-19 23:07:48,2,2006-02-16 02:30:53
6924,2005-07-26 22:51:53,1257,502,2005-08-03 19:04:53,2,2006-02-16 02:30:53
6925,2005-07-26 22:52:32,2919,42,2005-07-29 21:22:32,1,2006-02-16 02:30:53
6926,2005-07-26 22:52:45,1276,354,2005-07-28 18:32:45,1,2006-02-16 02:30:53
6927,2005-07-26 22:56:00,4511,470,2005-08-05 03:16:00,2,2006-02-16 02:30:53
6928,2005-07-26 22:56:21,3605,487,2005-07-30 04:46:21,1,2006-02-16 02:30:53
6929,2005-07-26 22:59:19,3339,508,2005-08-03 22:40:19,1,2006-02-16 02:30:53
6930,2005-07-26 23:00:01,2989,393,2005-08-04 01:57:01,2,2006-02-16 02:30:53
6931,2005-07-26 23:02:57,2794,333,2005-07-28 04:48:57,2,2006-02-16 02:30:53
6932,2005-07-26 23:08:04,4517,463,2005-08-05 01:35:04,1,2006-02-16 02:30:53
6933,2005-07-26 23:09:23,1334,385,2005-07-31 20:50:23,1,2006-02-16 02:30:53
6934,2005-07-26 23:11:03,455,107,2005-08-04 19:18:03,1,2006-02-16 02:30:53
6935,2005-07-26 23:13:10,2771,435,2005-07-27 18:09:10,1,2006-02-16 02:30:53
6936,2005-07-26 23:13:34,60,538,2005-07-30 19:14:34,1,2006-02-16 02:30:53
6937,2005-07-26 23:15:50,1768,592,2005-07-27 19:14:50,1,2006-02-16 02:30:53
6938,2005-07-26 23:16:04,2058,427,2005-08-05 00:59:04,2,2006-02-16 02:30:53
6939,2005-07-26 23:17:51,278,354,2005-08-03 21:12:51,2,2006-02-16 02:30:53
6940,2005-07-26 23:18:35,3876,149,2005-08-05 01:44:35,2,2006-02-16 02:30:53
6941,2005-07-26 23:18:49,1575,441,2005-07-31 00:23:49,2,2006-02-16 02:30:53
6942,2005-07-26 23:27:40,1203,470,2005-07-31 03:17:40,2,2006-02-16 02:30:53
6943,2005-07-26 23:28:13,2436,21,2005-07-30 02:22:13,2,2006-02-16 02:30:53
6944,2005-07-26 23:34:02,1168,373,2005-08-05 01:27:02,1,2006-02-16 02:30:53
6945,2005-07-26 23:35:29,1627,560,2005-07-28 00:12:29,1,2006-02-16 02:30:53
6946,2005-07-26 23:40:07,1854,181,2005-08-04 01:18:07,2,2006-02-16 02:30:53
6947,2005-07-26 23:42:03,760,200,2005-08-02 05:06:03,2,2006-02-16 02:30:53
6948,2005-07-26 23:43:49,3088,228,2005-07-27 21:24:49,2,2006-02-16 02:30:53
6949,2005-07-26 23:44:12,1594,103,2005-07-30 05:39:12,2,2006-02-16 02:30:53
6950,2005-07-26 23:45:33,197,503,2005-07-31 04:40:33,2,2006-02-16 02:30:53
6951,2005-07-26 23:47:31,3348,98,2005-07-31 22:17:31,1,2006-02-16 02:30:53
6952,2005-07-26 23:51:27,4288,290,2005-07-30 02:45:27,2,2006-02-16 02:30:53
6953,2005-07-26 23:52:47,2910,306,2005-07-30 23:07:47,1,2006-02-16 02:30:53
6954,2005-07-26 23:55:13,1112,584,2005-07-28 19:01:13,2,2006-02-16 02:30:53
6955,2005-07-26 23:55:48,1104,469,2005-08-02 03:25:48,2,2006-02-16 02:30:53
6956,2005-07-26 23:55:57,2499,240,2005-08-03 21:41:57,1,2006-02-16 02:30:53
6957,2005-07-27 00:00:00,2231,518,2005-07-29 19:32:00,2,2006-02-16 02:30:53
6958,2005-07-27 00:02:41,657,333,2005-07-28 00:53:41,2,2006-02-16 02:30:53
6959,2005-07-27 00:07:51,1618,452,2005-07-27 20:45:51,2,2006-02-16 02:30:53
6960,2005-07-27 00:08:33,192,421,2005-08-03 20:58:33,2,2006-02-16 02:30:53
6961,2005-07-27 00:10:49,2205,38,2005-07-30 00:26:49,2,2006-02-16 02:30:53
6962,2005-07-27 00:10:58,4500,245,2005-07-30 02:11:58,2,2006-02-16 02:30:53
6963,2005-07-27 00:13:02,4284,489,2005-08-03 18:13:02,1,2006-02-16 02:30:53
6964,2005-07-27 00:15:04,1537,404,2005-07-31 00:04:04,2,2006-02-16 02:30:53
6965,2005-07-27 00:15:18,74,185,2005-07-28 04:30:18,2,2006-02-16 02:30:53
6966,2005-07-27 00:15:35,1577,45,2005-08-05 03:04:35,2,2006-02-16 02:30:53
6967,2005-07-27 00:16:31,1145,296,2005-08-03 22:19:31,1,2006-02-16 02:30:53
6968,2005-07-27 00:16:45,1662,370,2005-07-30 23:16:45,2,2006-02-16 02:30:53
6969,2005-07-27 00:23:54,2650,579,2005-08-03 04:34:54,1,2006-02-16 02:30:53
6970,2005-07-27 00:26:14,17,418,2005-08-03 20:00:14,2,2006-02-16 02:30:53
6971,2005-07-27 00:26:17,3493,366,2005-08-01 03:59:17,2,2006-02-16 02:30:53
6972,2005-07-27 00:31:25,1716,434,2005-07-28 22:15:25,2,2006-02-16 02:30:53
6973,2005-07-27 00:32:04,4572,564,2005-07-29 01:05:04,2,2006-02-16 02:30:53
6974,2005-07-27 00:39:16,2924,122,2005-08-04 01:59:16,2,2006-02-16 02:30:53
6975,2005-07-27 00:39:54,3328,527,2005-08-02 19:49:54,1,2006-02-16 02:30:53
6976,2005-07-27 00:40:01,3096,41,2005-07-31 22:30:01,2,2006-02-16 02:30:53
6977,2005-07-27 00:40:50,3545,429,2005-08-02 19:08:50,2,2006-02-16 02:30:53
6978,2005-07-27 00:47:40,3645,132,2005-07-31 04:32:40,2,2006-02-16 02:30:53
6979,2005-07-27 00:49:53,1001,141,2005-07-31 03:59:53,2,2006-02-16 02:30:53
6980,2005-07-27 00:50:30,1127,164,2005-08-03 23:35:30,1,2006-02-16 02:30:53
6981,2005-07-27 00:51:38,154,362,2005-07-28 01:06:38,2,2006-02-16 02:30:53
6982,2005-07-27 00:53:41,3843,284,2005-07-31 06:19:41,2,2006-02-16 02:30:53
6983,2005-07-27 00:55:03,1758,443,2005-08-01 21:19:03,2,2006-02-16 02:30:53
6984,2005-07-27 00:56:30,2407,297,2005-08-02 01:14:30,2,2006-02-16 02:30:53
6985,2005-07-27 00:57:42,1834,448,2005-07-31 00:53:42,1,2006-02-16 02:30:53
6986,2005-07-27 00:59:05,2104,262,2005-07-29 00:31:05,1,2006-02-16 02:30:53
6987,2005-07-27 00:59:50,3134,334,2005-07-28 01:47:50,1,2006-02-16 02:30:53
6988,2005-07-27 01:00:08,756,316,2005-07-31 04:35:08,2,2006-02-16 02:30:53
6989,2005-07-27 01:00:34,4036,120,2005-07-30 23:53:34,1,2006-02-16 02:30:53
6990,2005-07-27 01:02:46,4065,146,2005-07-31 00:22:46,1,2006-02-16 02:30:53
6991,2005-07-27 01:03:06,319,307,2005-08-05 04:18:06,2,2006-02-16 02:30:53
6992,2005-07-27 01:04:45,3411,106,2005-07-28 02:34:45,2,2006-02-16 02:30:53
6993,2005-07-27 01:05:24,3114,154,2005-07-30 06:23:24,2,2006-02-16 02:30:53
6994,2005-07-27 01:08:26,4316,400,2005-08-04 22:58:26,2,2006-02-16 02:30:53
6995,2005-07-27 01:12:13,1630,66,2005-07-29 21:26:13,1,2006-02-16 02:30:53
6996,2005-07-27 01:13:45,3237,236,2005-07-28 20:43:45,1,2006-02-16 02:30:53
6997,2005-07-27 01:14:02,2130,342,2005-07-29 01:12:02,2,2006-02-16 02:30:53
6998,2005-07-27 01:16:29,788,300,2005-07-30 05:50:29,2,2006-02-16 02:30:53
6999,2005-07-27 01:21:19,12,224,2005-07-29 20:33:19,2,2006-02-16 02:30:53
7000,2005-07-27 01:23:24,2024,31,2005-08-03 02:10:24,2,2006-02-16 02:30:53
7001,2005-07-27 01:25:34,1460,240,2005-07-31 23:30:34,2,2006-02-16 02:30:53
7002,2005-07-27 01:26:14,4157,349,2005-08-01 20:10:14,1,2006-02-16 02:30:53
7003,2005-07-27 01:32:06,636,161,2005-07-30 21:33:06,2,2006-02-16 02:30:53
7004,2005-07-27 01:36:05,4416,314,2005-08-03 23:46:05,1,2006-02-16 02:30:53
7005,2005-07-27 01:38:36,2438,446,2005-08-02 05:56:36,2,2006-02-16 02:30:53
7006,2005-07-27 01:42:20,3522,264,2005-08-03 03:19:20,1,2006-02-16 02:30:53
7007,2005-07-27 01:43:39,4186,257,2005-07-31 21:04:39,1,2006-02-16 02:30:53
7008,2005-07-27 01:44:03,3659,12,2005-07-28 21:19:03,2,2006-02-16 02:30:53
7009,2005-07-27 01:45:44,1585,414,2005-07-28 05:50:44,1,2006-02-16 02:30:53
7010,2005-07-27 01:56:01,3016,590,2005-07-30 04:40:01,1,2006-02-16 02:30:53
7011,2005-07-27 01:58:34,4082,254,2005-07-28 06:11:34,1,2006-02-16 02:30:53
7012,2005-07-27 02:01:03,779,239,2005-08-05 07:34:03,2,2006-02-16 02:30:53
7013,2005-07-27 02:03:21,3919,463,2005-07-31 22:12:21,1,2006-02-16 02:30:53
7014,2005-07-27 02:14:40,714,524,2005-08-03 00:32:40,2,2006-02-16 02:30:53
7015,2005-07-27 02:15:01,376,34,2005-07-28 07:46:01,2,2006-02-16 02:30:53
7016,2005-07-27 02:15:16,1425,423,2005-08-01 23:08:16,2,2006-02-16 02:30:53
7017,2005-07-27 02:16:03,753,176,2005-07-31 07:49:03,1,2006-02-16 02:30:53
7018,2005-07-27 02:20:22,1078,451,2005-08-02 05:04:22,2,2006-02-16 02:30:53
7019,2005-07-27 02:20:26,3837,491,2005-08-02 22:48:26,1,2006-02-16 02:30:53
7020,2005-07-27 02:24:27,3965,506,2005-07-29 01:27:27,2,2006-02-16 02:30:53
7021,2005-07-27 02:26:38,2690,380,2005-08-05 01:18:38,1,2006-02-16 02:30:53
7022,2005-07-27 02:31:15,1711,243,2005-07-29 02:52:15,1,2006-02-16 02:30:53
7023,2005-07-27 02:32:44,4196,303,2005-08-03 04:06:44,1,2006-02-16 02:30:53
7024,2005-07-27 02:36:40,3113,252,2005-07-28 06:58:40,1,2006-02-16 02:30:53
7025,2005-07-27 02:40:29,3530,176,2005-07-29 23:02:29,2,2006-02-16 02:30:53
7026,2005-07-27 02:48:58,3456,493,2005-07-29 03:41:58,2,2006-02-16 02:30:53
7027,2005-07-27 02:50:15,3280,61,2005-08-04 02:58:15,1,2006-02-16 02:30:53
7028,2005-07-27 02:54:25,834,179,2005-08-02 06:16:25,2,2006-02-16 02:30:53
7029,2005-07-27 02:57:43,2862,389,2005-07-30 08:24:43,1,2006-02-16 02:30:53
7030,2005-07-27 03:01:40,1277,550,2005-07-31 07:01:40,1,2006-02-16 02:30:53
7031,2005-07-27 03:02:07,1435,530,2005-08-02 07:14:07,1,2006-02-16 02:30:53
7032,2005-07-27 03:03:09,3397,269,2005-07-28 22:57:09,1,2006-02-16 02:30:53
7033,2005-07-27 03:03:25,2803,352,2005-07-28 01:57:25,2,2006-02-16 02:30:53
7034,2005-07-27 03:03:37,1712,281,2005-07-28 23:18:37,1,2006-02-16 02:30:53
7035,2005-07-27 03:06:09,2439,90,2005-08-02 21:59:09,2,2006-02-16 02:30:53
7036,2005-07-27 03:06:12,2569,70,2005-07-28 23:26:12,2,2006-02-16 02:30:53
7037,2005-07-27 03:06:44,3155,171,2005-08-02 04:51:44,2,2006-02-16 02:30:53
7038,2005-07-27 03:07:29,1909,518,2005-07-31 04:55:29,2,2006-02-16 02:30:53
7039,2005-07-27 03:11:48,1906,99,2005-08-01 23:55:48,1,2006-02-16 02:30:53
7040,2005-07-27 03:17:19,470,524,2005-07-29 07:03:19,2,2006-02-16 02:30:53
7041,2005-07-27 03:18:32,4212,379,2005-07-30 06:40:32,2,2006-02-16 02:30:53
7042,2005-07-27 03:20:18,399,188,2005-08-01 02:23:18,1,2006-02-16 02:30:53
7043,2005-07-27 03:24:23,3422,493,2005-08-05 02:55:23,2,2006-02-16 02:30:53
7044,2005-07-27 03:27:29,88,147,2005-08-01 07:00:29,2,2006-02-16 02:30:53
7045,2005-07-27 03:27:35,1788,64,2005-08-01 06:31:35,2,2006-02-16 02:30:53
7046,2005-07-27 03:27:56,3740,349,2005-07-30 00:54:56,2,2006-02-16 02:30:53
7047,2005-07-27 03:31:11,2866,236,2005-08-03 23:40:11,1,2006-02-16 02:30:53
7048,2005-07-27 03:31:48,3707,581,2005-08-05 07:30:48,2,2006-02-16 02:30:53
7049,2005-07-27 03:32:41,3043,332,2005-08-04 08:32:41,2,2006-02-16 02:30:53
7050,2005-07-27 03:33:17,1135,55,2005-08-02 03:12:17,1,2006-02-16 02:30:53
7051,2005-07-27 03:34:37,1310,184,2005-07-31 03:48:37,2,2006-02-16 02:30:53
7052,2005-07-27 03:36:38,3798,75,2005-08-03 21:51:38,1,2006-02-16 02:30:53
7053,2005-07-27 03:38:54,149,408,2005-07-31 01:13:54,1,2006-02-16 02:30:53
7054,2005-07-27 03:43:28,2661,179,2005-08-04 09:15:28,1,2006-02-16 02:30:53
7055,2005-07-27 03:45:42,4305,154,2005-07-30 05:11:42,1,2006-02-16 02:30:53
7056,2005-07-27 03:46:27,805,233,2005-08-05 07:46:27,1,2006-02-16 02:30:53
7057,2005-07-27 03:50:03,1196,320,2005-08-04 04:36:03,1,2006-02-16 02:30:53
7058,2005-07-27 03:50:46,716,90,2005-08-04 07:40:46,2,2006-02-16 02:30:53
7059,2005-07-27 03:51:02,129,578,2005-08-02 22:04:02,1,2006-02-16 02:30:53
7060,2005-07-27 03:51:04,3912,479,2005-08-03 07:53:04,1,2006-02-16 02:30:53
7061,2005-07-27 03:51:10,880,145,2005-07-31 05:36:10,1,2006-02-16 02:30:53
7062,2005-07-27 03:52:01,226,469,2005-08-03 08:26:01,1,2006-02-16 02:30:53
7063,2005-07-27 03:52:27,2125,58,2005-08-04 07:53:27,1,2006-02-16 02:30:53
7064,2005-07-27 03:53:29,4204,320,2005-08-03 06:32:29,1,2006-02-16 02:30:53
7065,2005-07-27 03:53:43,3570,536,2005-07-30 23:41:43,2,2006-02-16 02:30:53
7066,2005-07-27 03:53:52,1862,185,2005-08-05 03:32:52,1,2006-02-16 02:30:53
7067,2005-07-27 03:55:10,870,60,2005-08-01 02:56:10,1,2006-02-16 02:30:53
7068,2005-07-27 03:57:50,4465,568,2005-07-30 04:27:50,1,2006-02-16 02:30:53
7069,2005-07-27 03:59:35,2073,343,2005-08-05 03:33:35,1,2006-02-16 02:30:53
7070,2005-07-27 04:01:08,4182,280,2005-07-30 08:10:08,2,2006-02-16 02:30:53
7071,2005-07-27 04:01:15,4361,61,2005-08-03 05:18:15,2,2006-02-16 02:30:53
7072,2005-07-27 04:02:33,3899,260,2005-07-28 09:26:33,2,2006-02-16 02:30:53
7073,2005-07-27 04:03:26,3859,92,2005-08-03 05:50:26,1,2006-02-16 02:30:53
7074,2005-07-27 04:06:24,1390,165,2005-07-28 02:04:24,1,2006-02-16 02:30:53
7075,2005-07-27 04:11:40,4414,530,2005-08-03 08:16:40,2,2006-02-16 02:30:53
7076,2005-07-27 04:12:14,2821,333,2005-08-05 00:44:14,1,2006-02-16 02:30:53
7077,2005-07-27 04:13:02,3186,155,2005-07-31 23:15:02,1,2006-02-16 02:30:53
7078,2005-07-27 04:16:37,4518,545,2005-08-05 02:34:37,1,2006-02-16 02:30:53
7079,2005-07-27 04:21:58,4356,356,2005-08-04 08:08:58,1,2006-02-16 02:30:53
7080,2005-07-27 04:25:25,710,466,2005-08-04 04:22:25,2,2006-02-16 02:30:53
7081,2005-07-27 04:25:59,462,420,2005-08-01 00:14:59,1,2006-02-16 02:30:53
7082,2005-07-27 04:27:32,2032,64,2005-07-30 06:06:32,2,2006-02-16 02:30:53
7083,2005-07-27 04:28:39,2663,575,2005-07-30 04:35:39,2,2006-02-16 02:30:53
7084,2005-07-27 04:34:07,785,32,2005-08-05 00:21:07,2,2006-02-16 02:30:53
7085,2005-07-27 04:35:44,2603,223,2005-08-05 07:10:44,2,2006-02-16 02:30:53
7086,2005-07-27 04:39:46,2938,595,2005-08-05 00:32:46,2,2006-02-16 02:30:53
7087,2005-07-27 04:42:08,1159,22,2005-08-02 00:53:08,1,2006-02-16 02:30:53
7088,2005-07-27 04:42:28,373,88,2005-08-04 07:09:28,2,2006-02-16 02:30:53
7089,2005-07-27 04:43:42,1380,446,2005-07-30 10:04:42,1,2006-02-16 02:30:53
7090,2005-07-27 04:43:53,3495,218,2005-07-29 07:33:53,2,2006-02-16 02:30:53
7091,2005-07-27 04:44:10,2593,322,2005-07-31 07:14:10,1,2006-02-16 02:30:53
7092,2005-07-27 04:46:00,1433,345,2005-08-03 07:22:00,2,2006-02-16 02:30:53
7093,2005-07-27 04:47:00,3065,574,2005-07-31 10:15:00,1,2006-02-16 02:30:53
7094,2005-07-27 04:47:33,867,373,2005-07-31 04:07:33,2,2006-02-16 02:30:53
7095,2005-07-27 04:51:15,1008,551,2005-08-05 10:25:15,2,2006-02-16 02:30:53
7096,2005-07-27 04:54:42,2575,3,2005-08-03 01:42:42,2,2006-02-16 02:30:53
7097,2005-07-27 04:56:09,258,487,2005-07-31 05:47:09,1,2006-02-16 02:30:53
7098,2005-07-27 05:01:08,2555,359,2005-08-02 07:49:08,2,2006-02-16 02:30:53
7099,2005-07-27 05:03:44,3136,6,2005-07-29 00:12:44,2,2006-02-16 02:30:53
7100,2005-07-27 05:05:01,4224,413,2005-07-28 23:12:01,2,2006-02-16 02:30:53
7101,2005-07-27 05:06:34,2006,221,2005-07-29 06:12:34,1,2006-02-16 02:30:53
7102,2005-07-27 05:07:21,1081,411,2005-08-01 09:41:21,2,2006-02-16 02:30:53
7103,2005-07-27 05:08:59,1697,403,2005-07-29 03:42:59,2,2006-02-16 02:30:53
7104,2005-07-27 05:15:25,118,217,2005-08-01 05:36:25,2,2006-02-16 02:30:53
7105,2005-07-27 05:15:37,864,15,2005-07-28 05:49:37,2,2006-02-16 02:30:53
7106,2005-07-27 05:21:24,1415,201,2005-08-02 01:58:24,2,2006-02-16 02:30:53
7107,2005-07-27 05:22:04,1883,104,2005-08-02 06:38:04,1,2006-02-16 02:30:53
7108,2005-07-27 05:28:32,2720,355,2005-07-31 07:52:32,1,2006-02-16 02:30:53
7109,2005-07-27 05:28:57,1658,406,2005-08-04 10:41:57,2,2006-02-16 02:30:53
7110,2005-07-27 05:30:48,3289,157,2005-07-28 01:43:48,1,2006-02-16 02:30:53
7111,2005-07-27 05:38:16,1252,473,2005-07-29 04:28:16,2,2006-02-16 02:30:53
7112,2005-07-27 05:38:42,4056,101,2005-08-03 05:35:42,1,2006-02-16 02:30:53
7113,2005-07-27 05:41:20,1963,534,2005-07-30 04:50:20,1,2006-02-16 02:30:53
7114,2005-07-27 05:42:13,3892,121,2005-07-29 01:59:13,1,2006-02-16 02:30:53
7115,2005-07-27 05:42:58,3620,359,2005-08-02 05:35:58,2,2006-02-16 02:30:53
7116,2005-07-27 05:46:43,1755,209,2005-08-05 05:54:43,1,2006-02-16 02:30:53
7117,2005-07-27 05:48:36,2772,326,2005-08-01 00:33:36,1,2006-02-16 02:30:53
7118,2005-07-27 05:53:50,582,591,2005-08-05 04:19:50,2,2006-02-16 02:30:53
7119,2005-07-27 05:55:32,1732,102,2005-07-29 03:19:32,1,2006-02-16 02:30:53
7120,2005-07-27 05:56:39,416,98,2005-08-04 10:57:39,1,2006-02-16 02:30:53
7121,2005-07-27 05:58:32,1264,252,2005-07-29 06:14:32,1,2006-02-16 02:30:53
7122,2005-07-27 06:03:18,1699,172,2005-08-04 10:43:18,2,2006-02-16 02:30:53
7123,2005-07-27 06:08:48,134,232,2005-08-04 05:26:48,1,2006-02-16 02:30:53
7124,2005-07-27 06:09:30,3449,34,2005-08-02 09:31:30,1,2006-02-16 02:30:53
7125,2005-07-27 06:11:00,801,460,2005-08-04 09:41:00,2,2006-02-16 02:30:53
7126,2005-07-27 06:13:13,3240,582,2005-07-28 08:22:13,2,2006-02-16 02:30:53
7127,2005-07-27 06:13:48,273,486,2005-08-01 02:50:48,2,2006-02-16 02:30:53
7128,2005-07-27 06:14:36,143,529,2005-08-02 05:18:36,1,2006-02-16 02:30:53
7129,2005-07-27 06:18:01,1930,221,2005-07-28 02:38:01,1,2006-02-16 02:30:53
7130,2005-07-27 06:23:36,420,81,2005-07-28 10:23:36,1,2006-02-16 02:30:53
7131,2005-07-27 06:25:06,2832,585,2005-07-31 09:07:06,1,2006-02-16 02:30:53
7132,2005-07-27 06:28:34,3201,227,2005-08-05 06:02:34,2,2006-02-16 02:30:53
7133,2005-07-27 06:29:23,2995,496,2005-07-29 03:20:23,2,2006-02-16 02:30:53
7134,2005-07-27 06:33:06,1058,574,2005-07-28 06:15:06,1,2006-02-16 02:30:53
7135,2005-07-27 06:34:32,2959,172,2005-07-28 03:01:32,1,2006-02-16 02:30:53
7136,2005-07-27 06:38:25,1929,6,2005-08-03 05:13:25,1,2006-02-16 02:30:53
7137,2005-07-27 06:40:41,3957,483,2005-07-29 09:05:41,2,2006-02-16 02:30:53
7138,2005-07-27 06:47:13,1418,31,2005-08-03 01:12:13,2,2006-02-16 02:30:53
7139,2005-07-27 06:52:21,846,575,2005-07-30 01:45:21,1,2006-02-16 02:30:53
7140,2005-07-27 06:54:12,2028,35,2005-08-03 10:36:12,2,2006-02-16 02:30:53
7141,2005-07-27 06:55:27,3579,423,2005-08-01 11:10:27,1,2006-02-16 02:30:53
7142,2005-07-27 06:55:39,1743,396,2005-07-28 01:41:39,2,2006-02-16 02:30:53
7143,2005-07-27 06:56:31,2877,91,2005-07-31 04:38:31,2,2006-02-16 02:30:53
7144,2005-07-27 07:00:37,4506,485,2005-08-01 06:57:37,1,2006-02-16 02:30:53
7145,2005-07-27 07:01:00,3653,109,2005-07-31 02:31:00,1,2006-02-16 02:30:53
7146,2005-07-27 07:02:30,2245,323,2005-08-05 10:29:30,1,2006-02-16 02:30:53
7147,2005-07-27 07:02:34,990,192,2005-08-01 02:16:34,1,2006-02-16 02:30:53
7148,2005-07-27 07:04:09,1783,354,2005-08-03 10:20:09,2,2006-02-16 02:30:53
7149,2005-07-27 07:10:40,3902,242,2005-08-03 07:37:40,2,2006-02-16 02:30:53
7150,2005-07-27 07:11:14,457,191,2005-08-05 06:55:14,2,2006-02-16 02:30:53
7151,2005-07-27 07:14:31,1259,289,2005-08-01 01:35:31,2,2006-02-16 02:30:53
7152,2005-07-27 07:15:01,2338,370,2005-08-05 04:50:01,1,2006-02-16 02:30:53
7153,2005-07-27 07:15:38,2657,41,2005-07-28 09:56:38,1,2006-02-16 02:30:53
7154,2005-07-27 07:16:17,2019,518,2005-07-28 04:04:17,2,2006-02-16 02:30:53
7155,2005-07-27 07:18:46,171,23,2005-08-04 10:28:46,1,2006-02-16 02:30:53
7156,2005-07-27 07:19:34,34,154,2005-07-31 04:31:34,1,2006-02-16 02:30:53
7157,2005-07-27 07:20:28,1353,423,2005-08-02 07:19:28,1,2006-02-16 02:30:53
7158,2005-07-27 07:23:58,2432,38,2005-08-03 06:00:58,2,2006-02-16 02:30:53
7159,2005-07-27 07:24:00,1220,158,2005-08-05 11:13:00,1,2006-02-16 02:30:53
7160,2005-07-27 07:26:06,3905,71,2005-07-31 04:54:06,2,2006-02-16 02:30:53
7161,2005-07-27 07:26:32,378,572,2005-08-03 01:26:32,2,2006-02-16 02:30:53
7162,2005-07-27 07:32:45,2251,289,2005-07-30 03:48:45,1,2006-02-16 02:30:53
7163,2005-07-27 07:36:11,3666,38,2005-08-04 06:03:11,2,2006-02-16 02:30:53
7164,2005-07-27 07:36:34,527,284,2005-08-04 05:05:34,2,2006-02-16 02:30:53
7165,2005-07-27 07:36:46,497,243,2005-07-30 09:22:46,2,2006-02-16 02:30:53
7166,2005-07-27 07:36:56,1375,562,2005-08-02 03:46:56,1,2006-02-16 02:30:53
7167,2005-07-27 07:37:26,238,380,2005-08-03 06:39:26,1,2006-02-16 02:30:53
7168,2005-07-27 07:51:11,6,252,2005-08-01 04:08:11,2,2006-02-16 02:30:53
7169,2005-07-27 07:51:39,735,559,2005-08-01 06:42:39,1,2006-02-16 02:30:53
7170,2005-07-27 07:58:26,370,140,2005-07-28 02:30:26,1,2006-02-16 02:30:53
7171,2005-07-27 07:58:35,4381,406,2005-08-03 07:45:35,1,2006-02-16 02:30:53
7172,2005-07-27 07:59:16,2405,362,2005-08-01 04:46:16,1,2006-02-16 02:30:53
7173,2005-07-27 07:59:24,177,592,2005-07-28 02:23:24,2,2006-02-16 02:30:53
7174,2005-07-27 08:00:36,46,570,2005-08-01 03:11:36,1,2006-02-16 02:30:53
7175,2005-07-27 08:03:22,568,190,2005-08-01 02:47:22,2,2006-02-16 02:30:53
7176,2005-07-27 08:04:28,227,257,2005-07-29 14:00:28,2,2006-02-16 02:30:53
7177,2005-07-27 08:07:39,3818,133,2005-07-30 03:17:39,2,2006-02-16 02:30:53
7178,2005-07-27 08:09:25,1899,31,2005-07-29 13:00:25,2,2006-02-16 02:30:53
7179,2005-07-27 08:10:29,2365,537,2005-07-28 12:24:29,2,2006-02-16 02:30:53
7180,2005-07-27 08:14:34,460,215,2005-07-31 05:24:34,1,2006-02-16 02:30:53
7181,2005-07-27 08:14:34,2788,130,2005-07-28 03:09:34,1,2006-02-16 02:30:53
7182,2005-07-27 08:15:38,3209,97,2005-08-03 12:48:38,2,2006-02-16 02:30:53
7183,2005-07-27 08:18:38,3384,302,2005-08-01 03:24:38,1,2006-02-16 02:30:53
7184,2005-07-27 08:22:26,2324,457,2005-08-02 09:34:26,2,2006-02-16 02:30:53
7185,2005-07-27 08:23:54,2340,121,2005-07-30 09:50:54,1,2006-02-16 02:30:53
7186,2005-07-27 08:26:12,4005,584,2005-07-28 12:21:12,1,2006-02-16 02:30:53
7187,2005-07-27 08:27:58,2733,169,2005-08-05 09:05:58,1,2006-02-16 02:30:53
7188,2005-07-27 08:32:08,2199,259,2005-07-28 08:02:08,1,2006-02-16 02:30:53
7189,2005-07-27 08:35:02,4419,151,2005-07-30 14:00:02,2,2006-02-16 02:30:53
7190,2005-07-27 08:36:01,1330,372,2005-07-30 08:32:01,2,2006-02-16 02:30:53
7191,2005-07-27 08:36:15,4292,495,2005-08-03 08:54:15,1,2006-02-16 02:30:53
7192,2005-07-27 08:36:55,4329,532,2005-07-30 11:58:55,2,2006-02-16 02:30:53
7193,2005-07-27 08:37:00,1801,237,2005-07-30 12:51:00,2,2006-02-16 02:30:53
7194,2005-07-27 08:39:58,254,172,2005-08-01 03:12:58,1,2006-02-16 02:30:53
7195,2005-07-27 08:47:01,721,157,2005-07-30 08:40:01,2,2006-02-16 02:30:53
7196,2005-07-27 08:49:08,2998,118,2005-07-29 03:54:08,1,2006-02-16 02:30:53
7197,2005-07-27 08:49:32,2109,577,2005-07-31 13:50:32,1,2006-02-16 02:30:53
7198,2005-07-27 08:50:07,4283,520,2005-08-04 09:46:07,2,2006-02-16 02:30:53
7199,2005-07-27 08:53:23,3685,292,2005-08-03 10:01:23,1,2006-02-16 02:30:53
7200,2005-07-27 08:57:38,4406,78,2005-08-02 12:29:38,2,2006-02-16 02:30:53
7201,2005-07-27 08:57:40,482,598,2005-08-04 09:55:40,2,2006-02-16 02:30:53
7202,2005-07-27 09:00:20,109,560,2005-08-04 03:09:20,1,2006-02-16 02:30:53
7203,2005-07-27 09:01:23,1685,492,2005-08-04 14:14:23,1,2006-02-16 02:30:53
7204,2005-07-27 09:02:31,2512,531,2005-08-03 08:56:31,2,2006-02-16 02:30:53
7205,2005-07-27 09:06:13,2828,36,2005-08-05 07:11:13,1,2006-02-16 02:30:53
7206,2005-07-27 09:07:05,3752,373,2005-07-31 03:13:05,2,2006-02-16 02:30:53
7207,2005-07-27 09:13:26,336,51,2005-08-01 10:24:26,1,2006-02-16 02:30:53
7208,2005-07-27 09:16:28,1523,138,2005-07-28 09:40:28,1,2006-02-16 02:30:53
7209,2005-07-27 09:16:53,3766,49,2005-07-30 08:09:53,2,2006-02-16 02:30:53
7210,2005-07-27 09:19:05,1984,176,2005-07-28 04:35:05,1,2006-02-16 02:30:53
7211,2005-07-27 09:20:00,4445,285,2005-08-02 14:53:00,1,2006-02-16 02:30:53
7212,2005-07-27 09:21:22,2905,591,2005-08-01 04:47:22,2,2006-02-16 02:30:53
7213,2005-07-27 09:22:29,2836,502,2005-08-03 13:53:29,2,2006-02-16 02:30:53
7214,2005-07-27 09:23:33,802,309,2005-08-03 13:14:33,2,2006-02-16 02:30:53
7215,2005-07-27 09:24:00,2713,473,2005-08-05 07:37:00,2,2006-02-16 02:30:53
7216,2005-07-27 09:27:45,1812,292,2005-08-03 13:08:45,1,2006-02-16 02:30:53
7217,2005-07-27 09:31:44,2646,20,2005-07-29 10:48:44,1,2006-02-16 02:30:53
7218,2005-07-27 09:34:24,2458,530,2005-08-01 07:00:24,1,2006-02-16 02:30:53
7219,2005-07-27 09:35:36,4046,512,2005-07-29 04:44:36,1,2006-02-16 02:30:53
7220,2005-07-27 09:35:54,3867,79,2005-08-04 06:00:54,2,2006-02-16 02:30:53
7221,2005-07-27 09:37:35,3820,579,2005-07-28 11:25:35,1,2006-02-16 02:30:53
7222,2005-07-27 09:38:43,2330,206,2005-07-28 06:25:43,1,2006-02-16 02:30:53
7223,2005-07-27 09:42:27,2623,325,2005-08-04 04:02:27,1,2006-02-16 02:30:53
7224,2005-07-27 09:44:26,2701,106,2005-08-05 12:46:26,2,2006-02-16 02:30:53
7225,2005-07-27 09:47:12,632,306,2005-08-03 13:19:12,2,2006-02-16 02:30:53
7226,2005-07-27 09:47:53,3507,370,2005-08-01 08:24:53,1,2006-02-16 02:30:53
7227,2005-07-27 09:53:43,791,164,2005-08-05 09:36:43,2,2006-02-16 02:30:53
7228,2005-07-27 09:55:33,1693,481,2005-07-29 04:33:33,2,2006-02-16 02:30:53
7229,2005-07-27 10:00:54,978,182,2005-07-28 13:58:54,2,2006-02-16 02:30:53
7230,2005-07-27 10:01:41,1152,245,2005-08-02 11:00:41,1,2006-02-16 02:30:53
7231,2005-07-27 10:01:51,1638,86,2005-08-05 13:38:51,2,2006-02-16 02:30:53
7232,2005-07-27 10:04:19,1147,306,2005-07-28 09:43:19,2,2006-02-16 02:30:53
7233,2005-07-27 10:08:36,213,245,2005-07-31 16:00:36,1,2006-02-16 02:30:53
7234,2005-07-27 10:08:45,3873,372,2005-07-31 13:58:45,1,2006-02-16 02:30:53
7235,2005-07-27 10:09:30,1261,354,2005-08-05 11:44:30,2,2006-02-16 02:30:53
7236,2005-07-27 10:09:39,3004,218,2005-08-03 16:05:39,1,2006-02-16 02:30:53
7237,2005-07-27 10:12:36,1904,29,2005-07-31 08:40:36,2,2006-02-16 02:30:53
7238,2005-07-27 10:13:41,1197,116,2005-07-29 11:07:41,1,2006-02-16 02:30:53
7239,2005-07-27 10:20:27,1786,278,2005-07-29 10:15:27,1,2006-02-16 02:30:53
7240,2005-07-27 10:21:15,4565,324,2005-08-03 05:04:15,1,2006-02-16 02:30:53
7241,2005-07-27 10:25:49,2433,354,2005-07-28 05:30:49,2,2006-02-16 02:30:53
7242,2005-07-27 10:25:51,1966,565,2005-08-04 16:02:51,2,2006-02-16 02:30:53
7243,2005-07-27 10:26:11,1287,238,2005-07-29 11:43:11,2,2006-02-16 02:30:53
7244,2005-07-27 10:27:33,1329,339,2005-07-30 13:09:33,1,2006-02-16 02:30:53
7245,2005-07-27 10:29:06,260,95,2005-08-05 12:09:06,2,2006-02-16 02:30:53
7246,2005-07-27 10:30:41,2003,333,2005-07-30 05:44:41,1,2006-02-16 02:30:53
7247,2005-07-27 10:32:58,1445,102,2005-07-29 05:00:58,2,2006-02-16 02:30:53
7248,2005-07-27 10:37:45,4256,456,2005-08-01 13:13:45,1,2006-02-16 02:30:53
7249,2005-07-27 10:39:53,2441,425,2005-07-28 14:48:53,2,2006-02-16 02:30:53
7250,2005-07-27 10:44:09,3410,589,2005-07-28 11:47:09,1,2006-02-16 02:30:53
7251,2005-07-27 10:44:55,1737,360,2005-08-01 16:12:55,1,2006-02-16 02:30:53
7252,2005-07-27 10:45:28,3107,549,2005-08-04 06:24:28,2,2006-02-16 02:30:53
7253,2005-07-27 10:46:37,1950,236,2005-07-28 11:18:37,1,2006-02-16 02:30:53
7254,2005-07-27 10:48:50,2697,286,2005-07-28 10:34:50,1,2006-02-16 02:30:53
7255,2005-07-27 10:49:54,2101,502,2005-07-31 10:40:54,2,2006-02-16 02:30:53
7256,2005-07-27 10:58:32,4275,363,2005-07-29 08:58:32,2,2006-02-16 02:30:53
7257,2005-07-27 11:04:17,3302,480,2005-08-04 12:32:17,2,2006-02-16 02:30:53
7258,2005-07-27 11:05:54,2079,494,2005-08-02 11:36:54,1,2006-02-16 02:30:53
7259,2005-07-27 11:06:00,2345,406,2005-08-02 06:44:00,2,2006-02-16 02:30:53
7260,2005-07-27 11:09:28,3827,434,2005-08-03 09:41:28,1,2006-02-16 02:30:53
7261,2005-07-27 11:15:01,942,172,2005-07-28 09:42:01,2,2006-02-16 02:30:53
7262,2005-07-27 11:15:36,4097,522,2005-07-30 10:49:36,2,2006-02-16 02:30:53
7263,2005-07-27 11:17:22,725,324,2005-08-04 10:59:22,1,2006-02-16 02:30:53
7264,2005-07-27 11:18:58,2391,299,2005-08-03 07:43:58,2,2006-02-16 02:30:53
7265,2005-07-27 11:19:01,3465,290,2005-08-01 09:29:01,1,2006-02-16 02:30:53
7266,2005-07-27 11:22:17,3379,24,2005-08-04 05:45:17,1,2006-02-16 02:30:53
7267,2005-07-27 11:22:55,3661,122,2005-08-01 08:13:55,1,2006-02-16 02:30:53
7268,2005-07-27 11:23:09,2740,260,2005-08-01 12:42:09,2,2006-02-16 02:30:53
7269,2005-07-27 11:23:47,2089,209,2005-07-31 13:10:47,1,2006-02-16 02:30:53
7270,2005-07-27 11:29:02,1888,526,2005-08-05 08:04:02,1,2006-02-16 02:30:53
7271,2005-07-27 11:29:11,858,469,2005-08-05 15:33:11,1,2006-02-16 02:30:53
7272,2005-07-27 11:30:20,250,364,2005-07-29 17:16:20,2,2006-02-16 02:30:53
7273,2005-07-27 11:31:22,2465,1,2005-07-31 06:50:22,1,2006-02-16 02:30:53
7274,2005-07-27 11:35:34,4087,180,2005-08-01 07:10:34,1,2006-02-16 02:30:53
7275,2005-07-27 11:39:08,775,323,2005-07-30 13:37:08,2,2006-02-16 02:30:53
7276,2005-07-27 11:41:57,1665,314,2005-08-01 10:39:57,1,2006-02-16 02:30:53
7277,2005-07-27 11:48:37,1544,67,2005-08-03 07:20:37,1,2006-02-16 02:30:53
7278,2005-07-27 11:50:34,531,592,2005-08-01 10:22:34,1,2006-02-16 02:30:53
7279,2005-07-27 11:50:47,1424,12,2005-07-30 11:19:47,2,2006-02-16 02:30:53
7280,2005-07-27 11:50:52,236,342,2005-07-30 15:53:52,2,2006-02-16 02:30:53
7281,2005-07-27 11:59:20,1350,491,2005-08-04 12:48:20,1,2006-02-16 02:30:53
7282,2005-07-27 12:00:19,4418,276,2005-08-04 14:48:19,2,2006-02-16 02:30:53
7283,2005-07-27 12:02:41,3101,508,2005-08-05 07:25:41,1,2006-02-16 02:30:53
7284,2005-07-27 12:12:04,2336,52,2005-07-31 11:17:04,2,2006-02-16 02:30:53
7285,2005-07-27 12:14:06,2855,498,2005-08-03 14:57:06,2,2006-02-16 02:30:53
7286,2005-07-27 12:23:49,3452,498,2005-08-04 07:57:49,1,2006-02-16 02:30:53
7287,2005-07-27 12:24:12,926,198,2005-07-31 15:34:12,1,2006-02-16 02:30:53
7288,2005-07-27 12:24:59,45,226,2005-08-02 15:52:59,2,2006-02-16 02:30:53
7289,2005-07-27 12:26:51,2157,187,2005-08-02 18:20:51,2,2006-02-16 02:30:53
7290,2005-07-27 12:28:45,3652,423,2005-08-01 16:18:45,1,2006-02-16 02:30:53
7291,2005-07-27 12:30:47,310,263,2005-08-01 12:45:47,1,2006-02-16 02:30:53
7292,2005-07-27 12:34:14,795,468,2005-08-01 18:16:14,2,2006-02-16 02:30:53
7293,2005-07-27 12:37:28,3333,5,2005-07-30 15:12:28,2,2006-02-16 02:30:53
7294,2005-07-27 12:38:14,487,313,2005-07-30 13:01:14,1,2006-02-16 02:30:53
7295,2005-07-27 12:38:47,3396,462,2005-08-05 10:12:47,1,2006-02-16 02:30:53
7296,2005-07-27 12:39:48,1681,400,2005-08-04 18:24:48,2,2006-02-16 02:30:53
7297,2005-07-27 12:39:48,1855,135,2005-07-29 17:50:48,2,2006-02-16 02:30:53
7298,2005-07-27 12:45:14,1653,121,2005-07-30 07:02:14,1,2006-02-16 02:30:53
7299,2005-07-27 12:49:56,3002,286,2005-08-03 12:25:56,1,2006-02-16 02:30:53
7300,2005-07-27 12:50:17,4561,272,2005-08-04 18:43:17,1,2006-02-16 02:30:53
7301,2005-07-27 12:50:23,3367,93,2005-08-01 09:43:23,2,2006-02-16 02:30:53
7302,2005-07-27 12:52:13,4539,477,2005-07-29 15:13:13,2,2006-02-16 02:30:53
7303,2005-07-27 12:54:39,1398,163,2005-07-31 09:26:39,2,2006-02-16 02:30:53
7304,2005-07-27 12:56:56,1162,74,2005-08-05 09:19:56,2,2006-02-16 02:30:53
7305,2005-07-27 12:57:06,2464,229,2005-07-30 13:13:06,2,2006-02-16 02:30:53
7306,2005-07-27 12:57:26,2269,207,2005-08-03 09:35:26,2,2006-02-16 02:30:53
7307,2005-07-27 12:59:10,3882,595,2005-07-29 11:35:10,1,2006-02-16 02:30:53
7308,2005-07-27 13:00:25,1452,229,2005-08-03 16:04:25,1,2006-02-16 02:30:53
7309,2005-07-27 13:00:29,633,317,2005-07-29 12:15:29,2,2006-02-16 02:30:53
7310,2005-07-27 13:00:55,3711,103,2005-07-28 17:54:55,1,2006-02-16 02:30:53
7311,2005-07-27 13:02:54,2807,582,2005-08-04 09:52:54,1,2006-02-16 02:30:53
7312,2005-07-27 13:03:14,228,543,2005-07-31 07:56:14,2,2006-02-16 02:30:53
7313,2005-07-27 13:11:57,1884,396,2005-08-02 07:31:57,1,2006-02-16 02:30:53
7314,2005-07-27 13:13:32,1376,11,2005-08-03 09:24:32,2,2006-02-16 02:30:53
7315,2005-07-27 13:14:56,974,208,2005-08-03 08:44:56,2,2006-02-16 02:30:53
7316,2005-07-27 13:19:03,3344,114,2005-07-28 07:43:03,2,2006-02-16 02:30:53
7317,2005-07-27 13:19:41,1518,443,2005-07-29 16:16:41,2,2006-02-16 02:30:53
7318,2005-07-27 13:25:31,1954,301,2005-07-31 11:44:31,2,2006-02-16 02:30:53
7319,2005-07-27 13:31:25,2370,576,2005-08-04 07:31:25,1,2006-02-16 02:30:53
7320,2005-07-27 13:33:35,4348,241,2005-07-31 13:22:35,2,2006-02-16 02:30:53
7321,2005-07-27 13:33:38,3525,38,2005-08-03 07:35:38,2,2006-02-16 02:30:53
7322,2005-07-27 13:37:26,1810,508,2005-08-03 18:00:26,2,2006-02-16 02:30:53
7323,2005-07-27 13:39:40,3830,125,2005-07-29 08:45:40,2,2006-02-16 02:30:53
7324,2005-07-27 13:42:39,2572,462,2005-08-04 10:33:39,2,2006-02-16 02:30:53
7325,2005-07-27 13:46:55,1727,289,2005-07-28 14:21:55,1,2006-02-16 02:30:53
7326,2005-07-27 13:50:40,2844,432,2005-07-30 08:16:40,1,2006-02-16 02:30:53
7327,2005-07-27 13:53:26,4074,508,2005-08-04 17:58:26,2,2006-02-16 02:30:53
7328,2005-07-27 13:55:18,663,26,2005-08-01 19:52:18,1,2006-02-16 02:30:53
7329,2005-07-27 13:55:34,906,226,2005-08-04 15:15:34,1,2006-02-16 02:30:53
7330,2005-07-27 13:56:46,3705,237,2005-08-04 07:56:46,1,2006-02-16 02:30:53
7331,2005-07-27 13:57:50,2090,60,2005-07-31 08:59:50,1,2006-02-16 02:30:53
7332,2005-07-27 13:58:57,1761,151,2005-08-02 12:40:57,1,2006-02-16 02:30:53
7333,2005-07-27 13:59:11,1331,230,2005-07-30 16:04:11,1,2006-02-16 02:30:53
7334,2005-07-27 13:59:58,3006,461,2005-07-29 11:33:58,1,2006-02-16 02:30:53
7335,2005-07-27 14:06:50,1219,219,2005-08-05 18:27:50,2,2006-02-16 02:30:53
7336,2005-07-27 14:11:45,2706,46,2005-07-28 11:00:45,2,2006-02-16 02:30:53
7337,2005-07-27 14:12:04,3314,525,2005-08-03 14:57:04,2,2006-02-16 02:30:53
7338,2005-07-27 14:13:34,107,251,2005-08-03 18:36:34,2,2006-02-16 02:30:53
7339,2005-07-27 14:17:48,3343,316,2005-07-31 12:47:48,2,2006-02-16 02:30:53
7340,2005-07-27 14:18:10,1344,567,2005-07-30 09:57:10,1,2006-02-16 02:30:53
7341,2005-07-27 14:23:55,3567,498,2005-07-28 14:11:55,2,2006-02-16 02:30:53
7342,2005-07-27 14:25:17,4083,504,2005-08-04 10:02:17,2,2006-02-16 02:30:53
7343,2005-07-27 14:27:13,1177,526,2005-07-30 09:27:13,2,2006-02-16 02:30:53
7344,2005-07-27 14:29:28,1714,366,2005-07-31 15:36:28,1,2006-02-16 02:30:53
7345,2005-07-27 14:29:53,2434,572,2005-08-03 18:38:53,2,2006-02-16 02:30:53
7346,2005-07-27 14:30:42,741,2,2005-08-02 16:48:42,1,2006-02-16 02:30:53
7347,2005-07-27 14:31:24,3779,225,2005-07-31 16:19:24,1,2006-02-16 02:30:53
7348,2005-07-27 14:32:32,3238,43,2005-07-28 17:05:32,1,2006-02-16 02:30:53
7349,2005-07-27 14:33:00,861,195,2005-08-01 15:01:00,2,2006-02-16 02:30:53
7350,2005-07-27 14:34:14,737,410,2005-08-02 19:19:14,2,2006-02-16 02:30:53
7351,2005-07-27 14:37:36,2147,445,2005-07-30 09:58:36,2,2006-02-16 02:30:53
7352,2005-07-27 14:38:29,35,429,2005-07-28 14:24:29,1,2006-02-16 02:30:53
7353,2005-07-27 14:38:39,1308,357,2005-07-31 19:50:39,1,2006-02-16 02:30:53
7354,2005-07-27 14:42:11,2395,598,2005-08-03 18:19:11,2,2006-02-16 02:30:53
7355,2005-07-27 14:45:59,3803,115,2005-08-02 17:23:59,2,2006-02-16 02:30:53
7356,2005-07-27 14:47:35,309,397,2005-07-28 18:10:35,2,2006-02-16 02:30:53
7357,2005-07-27 14:48:31,1917,438,2005-08-02 18:07:31,2,2006-02-16 02:30:53
7358,2005-07-27 14:49:44,175,245,2005-07-28 20:00:44,1,2006-02-16 02:30:53
7359,2005-07-27 14:51:04,174,183,2005-07-31 16:03:04,2,2006-02-16 02:30:53
7360,2005-07-27 14:52:06,1312,467,2005-08-02 12:24:06,2,2006-02-16 02:30:53
7361,2005-07-27 14:53:55,4567,463,2005-07-31 19:48:55,2,2006-02-16 02:30:53
7362,2005-07-27 14:58:27,1902,419,2005-08-01 11:51:27,1,2006-02-16 02:30:53
7363,2005-07-27 14:58:29,1649,407,2005-08-05 09:02:29,1,2006-02-16 02:30:53
7364,2005-07-27 14:58:40,3046,592,2005-08-03 09:01:40,2,2006-02-16 02:30:53
7365,2005-07-27 15:00:20,3283,450,2005-07-30 12:58:20,1,2006-02-16 02:30:53
7366,2005-07-27 15:01:17,461,357,2005-08-04 20:28:17,1,2006-02-16 02:30:53
7367,2005-07-27 15:05:45,1738,383,2005-08-02 13:46:45,1,2006-02-16 02:30:53
7368,2005-07-27 15:06:05,2265,286,2005-07-31 14:10:05,2,2006-02-16 02:30:53
7369,2005-07-27 15:07:58,3889,139,2005-07-30 09:16:58,2,2006-02-16 02:30:53
7370,2005-07-27 15:15:53,2022,89,2005-08-03 19:53:53,2,2006-02-16 02:30:53
7371,2005-07-27 15:18:42,1807,577,2005-08-01 09:58:42,1,2006-02-16 02:30:53
7372,2005-07-27 15:18:42,3202,584,2005-08-01 15:18:42,2,2006-02-16 02:30:53
7373,2005-07-27 15:19:33,3074,488,2005-08-04 10:45:33,1,2006-02-16 02:30:53
7374,2005-07-27 15:20:57,3184,438,2005-08-05 13:09:57,2,2006-02-16 02:30:53
7375,2005-07-27 15:22:33,2970,381,2005-08-01 20:06:33,1,2006-02-16 02:30:53
7376,2005-07-27 15:23:02,488,2,2005-08-04 10:35:02,2,2006-02-16 02:30:53
7377,2005-07-27 15:31:28,1369,588,2005-08-02 19:59:28,2,2006-02-16 02:30:53
7378,2005-07-27 15:31:33,3297,144,2005-08-03 17:15:33,2,2006-02-16 02:30:53
7379,2005-07-27 15:36:43,424,415,2005-07-30 16:37:43,2,2006-02-16 02:30:53
7380,2005-07-27 15:37:01,988,348,2005-08-03 19:24:01,1,2006-02-16 02:30:53
7381,2005-07-27 15:40:26,1595,483,2005-08-02 17:26:26,2,2006-02-16 02:30:53
7382,2005-07-27 15:43:15,356,518,2005-07-28 11:18:15,2,2006-02-16 02:30:53
7383,2005-07-27 15:46:53,3860,50,2005-08-03 11:10:53,1,2006-02-16 02:30:53
7384,2005-07-27 15:49:45,3573,585,2005-08-04 15:17:45,1,2006-02-16 02:30:53
7385,2005-07-27 15:49:46,2996,56,2005-07-28 13:50:46,2,2006-02-16 02:30:53
7386,2005-07-27 15:52:10,3569,190,2005-08-04 15:13:10,1,2006-02-16 02:30:53
7387,2005-07-27 15:54:19,3274,233,2005-08-03 14:46:19,1,2006-02-16 02:30:53
7388,2005-07-27 15:54:19,4559,455,2005-08-01 17:02:19,2,2006-02-16 02:30:53
7389,2005-07-27 15:56:15,3822,156,2005-07-30 21:28:15,2,2006-02-16 02:30:53
7390,2005-07-27 15:59:19,1723,230,2005-08-04 10:09:19,2,2006-02-16 02:30:53
7391,2005-07-27 16:00:00,1153,531,2005-08-04 18:07:00,2,2006-02-16 02:30:53
7392,2005-07-27 16:01:05,3159,204,2005-08-01 17:23:05,2,2006-02-16 02:30:53
7393,2005-07-27 16:02:52,2369,181,2005-08-02 13:24:52,1,2006-02-16 02:30:53
7394,2005-07-27 16:03:08,2399,30,2005-08-04 11:27:08,2,2006-02-16 02:30:53
7395,2005-07-27 16:03:11,2888,411,2005-07-31 20:26:11,2,2006-02-16 02:30:53
7396,2005-07-27 16:03:53,3346,595,2005-08-05 10:36:53,2,2006-02-16 02:30:53
7397,2005-07-27 16:05:00,4474,245,2005-08-01 20:29:00,1,2006-02-16 02:30:53
7398,2005-07-27 16:07:22,1572,51,2005-08-05 16:16:22,1,2006-02-16 02:30:53
7399,2005-07-27 16:16:02,1682,526,2005-08-03 18:02:02,2,2006-02-16 02:30:53
7400,2005-07-27 16:16:37,2874,133,2005-07-31 12:34:37,2,2006-02-16 02:30:53
7401,2005-07-27 16:17:55,2759,583,2005-08-04 15:48:55,1,2006-02-16 02:30:53
7402,2005-07-27 16:19:40,2707,287,2005-08-05 14:48:40,2,2006-02-16 02:30:53
7403,2005-07-27 16:22:09,2551,163,2005-08-01 15:32:09,1,2006-02-16 02:30:53
7404,2005-07-27 16:24:43,2359,190,2005-07-29 11:40:43,2,2006-02-16 02:30:53
7405,2005-07-27 16:25:11,2312,42,2005-08-01 12:33:11,2,2006-02-16 02:30:53
7406,2005-07-27 16:25:45,1412,77,2005-08-05 20:39:45,1,2006-02-16 02:30:53
7407,2005-07-27 16:29:04,3093,410,2005-08-01 17:47:04,2,2006-02-16 02:30:53
7408,2005-07-27 16:31:40,625,371,2005-07-31 11:56:40,2,2006-02-16 02:30:53
7409,2005-07-27 16:38:24,2352,585,2005-07-30 18:06:24,1,2006-02-16 02:30:53
7410,2005-07-27 16:41:59,1559,337,2005-07-29 22:11:59,1,2006-02-16 02:30:53
7411,2005-07-27 16:42:30,515,302,2005-08-05 17:38:30,1,2006-02-16 02:30:53
7412,2005-07-27 16:44:34,950,582,2005-08-04 15:06:34,2,2006-02-16 02:30:53
7413,2005-07-27 16:45:40,2909,254,2005-07-31 12:02:40,1,2006-02-16 02:30:53
7414,2005-07-27 16:46:07,3276,265,2005-08-02 20:04:07,1,2006-02-16 02:30:53
7415,2005-07-27 16:50:59,4410,294,2005-08-02 11:21:59,1,2006-02-16 02:30:53
7416,2005-07-27 16:55:25,653,350,2005-07-29 11:27:25,1,2006-02-16 02:30:53
7417,2005-07-27 16:58:33,2952,214,2005-07-30 22:17:33,1,2006-02-16 02:30:53
7418,2005-07-27 16:59:09,3029,332,2005-07-29 15:08:09,2,2006-02-16 02:30:53
7419,2005-07-27 17:04:15,3454,352,2005-08-05 21:54:15,2,2006-02-16 02:30:53
7420,2005-07-27 17:09:39,3505,547,2005-07-30 12:30:39,2,2006-02-16 02:30:53
7421,2005-07-27 17:10:05,3548,70,2005-08-05 17:55:05,1,2006-02-16 02:30:53
7422,2005-07-27 17:10:42,3954,286,2005-08-03 19:32:42,1,2006-02-16 02:30:53
7423,2005-07-27 17:11:47,666,277,2005-07-29 12:29:47,2,2006-02-16 02:30:53
7424,2005-07-27 17:14:19,660,558,2005-08-01 19:21:19,2,2006-02-16 02:30:53
7425,2005-07-27 17:18:35,435,263,2005-08-02 11:18:35,1,2006-02-16 02:30:53
7426,2005-07-27 17:19:46,4420,239,2005-07-29 21:41:46,1,2006-02-16 02:30:53
7427,2005-07-27 17:20:16,2548,442,2005-08-03 20:38:16,2,2006-02-16 02:30:53
7428,2005-07-27 17:21:52,243,90,2005-08-05 17:13:52,2,2006-02-16 02:30:53
7429,2005-07-27 17:24:50,2160,515,2005-08-05 23:02:50,1,2006-02-16 02:30:53
7430,2005-07-27 17:26:14,4205,562,2005-08-01 13:02:14,2,2006-02-16 02:30:53
7431,2005-07-27 17:27:27,3931,589,2005-07-31 18:40:27,1,2006-02-16 02:30:53
7432,2005-07-27 17:31:40,3169,132,2005-07-28 17:44:40,2,2006-02-16 02:30:53
7433,2005-07-27 17:32:20,1748,282,2005-08-01 18:49:20,1,2006-02-16 02:30:53
7434,2005-07-27 17:34:40,2927,241,2005-07-29 15:01:40,1,2006-02-16 02:30:53
7435,2005-07-27 17:38:44,1574,380,2005-07-30 16:57:44,1,2006-02-16 02:30:53
7436,2005-07-27 17:39:12,299,45,2005-08-01 12:40:12,2,2006-02-16 02:30:53
7437,2005-07-27 17:39:18,2617,135,2005-07-28 18:33:18,2,2006-02-16 02:30:53
7438,2005-07-27 17:40:40,1364,52,2005-08-05 15:25:40,1,2006-02-16 02:30:53
7439,2005-07-27 17:42:31,4091,102,2005-08-05 16:34:31,1,2006-02-16 02:30:53
7440,2005-07-27 17:43:27,1476,484,2005-08-03 22:12:27,1,2006-02-16 02:30:53
7441,2005-07-27 17:46:53,4039,198,2005-07-31 23:05:53,1,2006-02-16 02:30:53
7442,2005-07-27 17:47:00,2471,105,2005-07-28 21:37:00,1,2006-02-16 02:30:53
7443,2005-07-27 17:47:43,703,380,2005-07-29 13:15:43,1,2006-02-16 02:30:53
7444,2005-07-27 17:49:16,120,531,2005-07-28 15:05:16,1,2006-02-16 02:30:53
7445,2005-07-27 17:57:15,4115,394,2005-07-31 20:24:15,1,2006-02-16 02:30:53
7446,2005-07-27 18:00:24,2337,486,2005-07-29 13:40:24,1,2006-02-16 02:30:53
7447,2005-07-27 18:02:08,1795,107,2005-07-29 21:15:08,1,2006-02-16 02:30:53
7448,2005-07-27 18:06:30,3584,175,2005-07-29 15:43:30,1,2006-02-16 02:30:53
7449,2005-07-27 18:17:41,2084,421,2005-08-01 18:52:41,1,2006-02-16 02:30:53
7450,2005-07-27 18:18:35,3496,191,2005-08-04 15:18:35,1,2006-02-16 02:30:53
7451,2005-07-27 18:18:41,2382,29,2005-08-03 13:55:41,2,2006-02-16 02:30:53
7452,2005-07-27 18:26:39,3482,285,2005-08-04 17:35:39,2,2006-02-16 02:30:53
7453,2005-07-27 18:27:13,2992,29,2005-07-29 23:52:13,1,2006-02-16 02:30:53
7454,2005-07-27 18:27:26,3248,75,2005-07-30 23:50:26,1,2006-02-16 02:30:53
7455,2005-07-27 18:34:41,3815,405,2005-07-31 17:32:41,1,2006-02-16 02:30:53
7456,2005-07-27 18:34:53,1959,501,2005-07-29 17:46:53,2,2006-02-16 02:30:53
7457,2005-07-27 18:35:17,3635,510,2005-07-30 12:41:17,2,2006-02-16 02:30:53
7458,2005-07-27 18:36:17,2964,327,2005-07-31 22:43:17,1,2006-02-16 02:30:53
7459,2005-07-27 18:40:20,2053,2,2005-08-02 21:07:20,2,2006-02-16 02:30:53
7460,2005-07-27 18:41:35,919,442,2005-07-29 15:16:35,2,2006-02-16 02:30:53
7461,2005-07-27 18:45:15,1236,476,2005-07-29 17:19:15,1,2006-02-16 02:30:53
7462,2005-07-27 18:47:47,878,114,2005-07-29 20:46:47,2,2006-02-16 02:30:53
7463,2005-07-27 18:48:32,3676,284,2005-07-29 23:54:32,2,2006-02-16 02:30:53
7464,2005-07-27 18:49:42,845,31,2005-07-28 20:45:42,2,2006-02-16 02:30:53
7465,2005-07-27 18:50:30,2357,115,2005-07-30 20:55:30,1,2006-02-16 02:30:53
7466,2005-07-27 18:51:17,2791,53,2005-07-31 16:58:17,1,2006-02-16 02:30:53
7467,2005-07-27 18:51:54,3869,240,2005-08-03 23:27:54,2,2006-02-16 02:30:53
7468,2005-07-27 18:52:27,3166,113,2005-08-03 19:29:27,2,2006-02-16 02:30:53
7469,2005-07-27 18:57:40,3723,189,2005-07-31 00:17:40,1,2006-02-16 02:30:53
7470,2005-07-27 19:01:03,289,564,2005-08-05 19:16:03,2,2006-02-16 02:30:53
7471,2005-07-27 19:02:19,1776,95,2005-07-30 15:12:19,1,2006-02-16 02:30:53
7472,2005-07-27 19:04:19,1535,103,2005-08-03 00:08:19,2,2006-02-16 02:30:53
7473,2005-07-27 19:05:40,401,341,2005-08-05 14:47:40,1,2006-02-16 02:30:53
7474,2005-07-27 19:07:17,2971,110,2005-07-30 00:37:17,1,2006-02-16 02:30:53
7475,2005-07-27 19:07:43,1670,255,2005-08-04 22:12:43,2,2006-02-16 02:30:53
7476,2005-07-27 19:08:56,2288,64,2005-07-31 16:36:56,2,2006-02-16 02:30:53
7477,2005-07-27 19:11:03,2692,355,2005-08-02 19:25:03,1,2006-02-16 02:30:53
7478,2005-07-27 19:16:02,3791,521,2005-08-04 22:30:02,2,2006-02-16 02:30:53
7479,2005-07-27 19:18:17,218,434,2005-07-30 18:55:17,1,2006-02-16 02:30:53
7480,2005-07-27 19:19:53,452,344,2005-08-02 01:01:53,1,2006-02-16 02:30:53
7481,2005-07-27 19:20:25,1804,240,2005-07-29 19:07:25,2,2006-02-16 02:30:53
7482,2005-07-27 19:24:16,485,348,2005-08-05 18:49:16,2,2006-02-16 02:30:53
7483,2005-07-27 19:25:00,3678,106,2005-07-29 21:19:00,2,2006-02-16 02:30:53
7484,2005-07-27 19:28:17,2746,211,2005-07-31 20:05:17,2,2006-02-16 02:30:53
7485,2005-07-27 19:29:09,631,362,2005-07-30 16:28:09,1,2006-02-16 02:30:53
7486,2005-07-27 19:29:24,4362,393,2005-08-02 20:46:24,2,2006-02-16 02:30:53
7487,2005-07-27 19:32:45,4451,58,2005-07-28 15:11:45,1,2006-02-16 02:30:53
7488,2005-07-27 19:36:15,554,365,2005-08-05 14:14:15,1,2006-02-16 02:30:53
7489,2005-07-27 19:39:38,3732,16,2005-07-30 23:10:38,2,2006-02-16 02:30:53
7490,2005-07-27 19:48:12,4503,595,2005-08-04 17:15:12,1,2006-02-16 02:30:53
7491,2005-07-27 19:53:23,4261,239,2005-07-28 23:25:23,2,2006-02-16 02:30:53
7492,2005-07-27 19:54:18,908,155,2005-07-31 15:36:18,2,2006-02-16 02:30:53
7493,2005-07-27 19:55:46,2868,177,2005-08-02 19:46:46,2,2006-02-16 02:30:53
7494,2005-07-27 19:56:31,2259,60,2005-07-30 14:28:31,1,2006-02-16 02:30:53
7495,2005-07-27 20:01:20,3446,426,2005-07-30 16:40:20,1,2006-02-16 02:30:53
7496,2005-07-27 20:04:05,2449,257,2005-08-02 20:12:05,1,2006-02-16 02:30:53
7497,2005-07-27 20:05:27,286,387,2005-07-30 22:47:27,1,2006-02-16 02:30:53
7498,2005-07-27 20:09:31,1144,455,2005-07-29 23:38:31,1,2006-02-16 02:30:53
7499,2005-07-27 20:10:28,3503,157,2005-07-30 16:24:28,1,2006-02-16 02:30:53
7500,2005-07-27 20:16:03,609,160,2005-07-29 18:50:03,1,2006-02-16 02:30:53
7501,2005-07-27 20:16:59,1464,587,2005-08-04 00:11:59,2,2006-02-16 02:30:53
7502,2005-07-27 20:19:08,3229,303,2005-07-28 18:32:08,2,2006-02-16 02:30:53
7503,2005-07-27 20:23:12,579,3,2005-08-05 18:46:12,2,2006-02-16 02:30:53
7504,2005-07-27 20:24:31,3354,283,2005-07-30 21:25:31,2,2006-02-16 02:30:53
7505,2005-07-27 20:28:03,1342,209,2005-08-03 17:04:03,1,2006-02-16 02:30:53
7506,2005-07-27 20:28:34,2091,527,2005-08-05 18:14:34,1,2006-02-16 02:30:53
7507,2005-07-27 20:31:48,3618,512,2005-08-02 17:27:48,1,2006-02-16 02:30:53
7508,2005-07-27 20:33:08,3401,465,2005-08-01 01:29:08,1,2006-02-16 02:30:53
7509,2005-07-27 20:37:19,4134,228,2005-08-04 19:35:19,2,2006-02-16 02:30:53
7510,2005-07-27 20:37:57,1617,257,2005-08-01 17:14:57,2,2006-02-16 02:30:53
7511,2005-07-27 20:38:40,4044,591,2005-08-04 22:36:40,2,2006-02-16 02:30:53
7512,2005-07-27 20:40:40,1343,352,2005-08-05 01:44:40,1,2006-02-16 02:30:53
7513,2005-07-27 20:51:04,939,411,2005-08-03 20:15:04,2,2006-02-16 02:30:53
7514,2005-07-27 20:51:49,400,44,2005-07-29 18:21:49,2,2006-02-16 02:30:53
7515,2005-07-27 20:52:37,1211,390,2005-08-02 20:17:37,2,2006-02-16 02:30:53
7516,2005-07-27 20:55:28,2178,134,2005-07-30 00:50:28,1,2006-02-16 02:30:53
7517,2005-07-27 20:57:07,3177,41,2005-08-04 15:08:07,1,2006-02-16 02:30:53
7518,2005-07-27 21:01:16,2676,257,2005-08-03 15:26:16,1,2006-02-16 02:30:53
7519,2005-07-27 21:01:41,4009,124,2005-08-05 19:15:41,1,2006-02-16 02:30:53
7520,2005-07-27 21:02:02,3875,191,2005-07-28 18:18:02,1,2006-02-16 02:30:53
7521,2005-07-27 21:04:42,3144,176,2005-08-03 16:06:42,1,2006-02-16 02:30:53
7522,2005-07-27 21:11:03,2038,478,2005-08-02 16:40:03,1,2006-02-16 02:30:53
7523,2005-07-27 21:11:23,4153,410,2005-07-28 16:37:23,1,2006-02-16 02:30:53
7524,2005-07-27 21:11:44,4295,225,2005-08-03 02:17:44,1,2006-02-16 02:30:53
7525,2005-07-27 21:13:28,4084,281,2005-08-04 19:44:28,2,2006-02-16 02:30:53
7526,2005-07-27 21:13:47,696,44,2005-08-05 15:23:47,2,2006-02-16 02:30:53
7527,2005-07-27 21:14:28,2124,426,2005-08-05 21:08:28,1,2006-02-16 02:30:53
7528,2005-07-27 21:15:25,1218,213,2005-08-03 19:12:25,1,2006-02-16 02:30:53
7529,2005-07-27 21:18:08,3644,145,2005-08-06 00:59:08,1,2006-02-16 02:30:53
7530,2005-07-27 21:18:58,3810,98,2005-07-31 01:51:58,2,2006-02-16 02:30:53
7531,2005-07-27 21:19:34,2393,221,2005-08-06 01:07:34,2,2006-02-16 02:30:53
7532,2005-07-27 21:20:52,677,34,2005-07-30 21:38:52,1,2006-02-16 02:30:53
7533,2005-07-27 21:24:33,1791,594,2005-08-05 16:33:33,2,2006-02-16 02:30:53
7534,2005-07-27 21:26:17,2276,282,2005-08-05 00:23:17,2,2006-02-16 02:30:53
7535,2005-07-27 21:32:39,772,123,2005-08-05 23:42:39,1,2006-02-16 02:30:53
7536,2005-07-27 21:34:09,3417,307,2005-08-02 03:26:09,1,2006-02-16 02:30:53
7537,2005-07-27 21:36:09,4456,269,2005-08-01 01:51:09,1,2006-02-16 02:30:53
7538,2005-07-27 21:38:04,2486,361,2005-08-02 03:14:04,1,2006-02-16 02:30:53
7539,2005-07-27 21:39:42,1849,423,2005-08-06 00:12:42,1,2006-02-16 02:30:53
7540,2005-07-27 21:39:55,2198,207,2005-08-04 18:10:55,2,2006-02-16 02:30:53
7541,2005-07-27 21:40:05,4100,206,2005-07-29 16:13:05,1,2006-02-16 02:30:53
7542,2005-07-27 21:43:04,1912,110,2005-07-30 00:02:04,1,2006-02-16 02:30:53
7543,2005-07-27 21:44:28,1289,526,2005-08-04 21:42:28,2,2006-02-16 02:30:53
7544,2005-07-27 21:47:37,766,249,2005-08-05 02:29:37,2,2006-02-16 02:30:53
7545,2005-07-27 21:48:03,2541,292,2005-08-01 22:23:03,2,2006-02-16 02:30:53
7546,2005-07-27 21:50:09,3683,494,2005-08-05 03:07:09,2,2006-02-16 02:30:53
7547,2005-07-27 21:51:48,1733,547,2005-08-06 01:05:48,2,2006-02-16 02:30:53
7548,2005-07-27 21:53:18,2194,484,2005-08-02 17:50:18,1,2006-02-16 02:30:53
7549,2005-07-27 21:53:21,1765,591,2005-08-05 18:53:21,1,2006-02-16 02:30:53
7550,2005-07-27 21:55:07,4488,71,2005-07-28 23:34:07,2,2006-02-16 02:30:53
7551,2005-07-27 21:59:15,2635,304,2005-07-31 19:54:15,2,2006-02-16 02:30:53
7552,2005-07-27 22:03:41,2166,16,2005-07-28 22:24:41,1,2006-02-16 02:30:53
7553,2005-07-27 22:11:36,1643,275,2005-08-03 17:52:36,1,2006-02-16 02:30:53
7554,2005-07-27 22:12:41,1805,135,2005-08-04 01:34:41,2,2006-02-16 02:30:53
7555,2005-07-27 22:17:05,3421,533,2005-08-02 02:50:05,2,2006-02-16 02:30:53
7556,2005-07-27 22:17:17,794,188,2005-07-28 19:17:17,2,2006-02-16 02:30:53
7557,2005-07-27 22:18:19,3152,131,2005-07-29 00:24:19,1,2006-02-16 02:30:53
7558,2005-07-27 22:19:08,550,80,2005-07-30 21:31:08,1,2006-02-16 02:30:53
7559,2005-07-27 22:20:03,661,149,2005-08-06 00:26:03,2,2006-02-16 02:30:53
7560,2005-07-27 22:20:17,3574,562,2005-08-02 23:00:17,2,2006-02-16 02:30:53
7561,2005-07-27 22:21:05,3433,291,2005-08-04 01:02:05,1,2006-02-16 02:30:53
7562,2005-07-27 22:25:15,4417,366,2005-08-01 01:21:15,2,2006-02-16 02:30:53
7563,2005-07-27 22:25:36,2709,453,2005-08-01 03:59:36,2,2006-02-16 02:30:53
7564,2005-07-27 22:31:17,2887,291,2005-08-01 01:05:17,2,2006-02-16 02:30:53
7565,2005-07-27 22:33:59,1028,114,2005-07-30 03:03:59,2,2006-02-16 02:30:53
7566,2005-07-27 22:34:45,1802,144,2005-08-01 22:20:45,1,2006-02-16 02:30:53
7567,2005-07-27 22:38:05,1066,504,2005-07-30 17:20:05,1,2006-02-16 02:30:53
7568,2005-07-27 22:38:53,1578,296,2005-07-29 00:51:53,1,2006-02-16 02:30:53
7569,2005-07-27 22:38:53,2315,528,2005-08-05 19:03:53,2,2006-02-16 02:30:53
7570,2005-07-27 22:40:06,3189,110,2005-07-28 23:14:06,1,2006-02-16 02:30:53
7571,2005-07-27 22:43:42,3850,368,2005-07-30 22:17:42,1,2006-02-16 02:30:53
7572,2005-07-27 22:44:29,3068,532,2005-08-01 03:04:29,1,2006-02-16 02:30:53
7573,2005-07-27 22:46:20,314,467,2005-08-04 01:55:20,1,2006-02-16 02:30:53
7574,2005-07-27 22:53:00,298,200,2005-07-29 18:39:00,2,2006-02-16 02:30:53
7575,2005-07-27 22:53:52,702,582,2005-07-29 02:02:52,1,2006-02-16 02:30:53
7576,2005-07-27 22:54:35,3374,446,2005-08-03 03:53:35,2,2006-02-16 02:30:53
7577,2005-07-27 22:56:07,2723,332,2005-08-05 21:23:07,2,2006-02-16 02:30:53
7578,2005-07-27 22:58:17,4210,332,2005-07-29 23:14:17,1,2006-02-16 02:30:53
7579,2005-07-27 23:06:41,501,352,2005-07-31 20:08:41,2,2006-02-16 02:30:53
7580,2005-07-27 23:07:40,338,28,2005-08-05 02:17:40,1,2006-02-16 02:30:53
7581,2005-07-27 23:14:35,2051,166,2005-07-29 21:30:35,1,2006-02-16 02:30:53
7582,2005-07-27 23:15:14,3941,128,2005-07-29 03:18:14,2,2006-02-16 02:30:53
7583,2005-07-27 23:15:22,2890,198,2005-08-04 04:39:22,2,2006-02-16 02:30:53
7584,2005-07-27 23:15:46,4390,338,2005-08-03 02:18:46,2,2006-02-16 02:30:53
7585,2005-07-27 23:18:22,467,440,2005-07-30 23:08:22,1,2006-02-16 02:30:53
7586,2005-07-27 23:19:29,15,316,2005-07-29 23:04:29,1,2006-02-16 02:30:53
7587,2005-07-27 23:23:03,655,113,2005-08-01 17:34:03,1,2006-02-16 02:30:53
7588,2005-07-27 23:23:31,4033,360,2005-08-04 02:54:31,1,2006-02-16 02:30:53
7589,2005-07-27 23:23:36,1569,32,2005-08-04 00:16:36,1,2006-02-16 02:30:53
7590,2005-07-27 23:24:24,2152,73,2005-07-28 19:53:24,2,2006-02-16 02:30:53
7591,2005-07-27 23:25:54,651,525,2005-08-02 22:54:54,1,2006-02-16 02:30:53
7592,2005-07-27 23:26:04,4105,316,2005-07-29 23:48:04,2,2006-02-16 02:30:53
7593,2005-07-27 23:28:47,1158,436,2005-08-02 19:51:47,1,2006-02-16 02:30:53
7594,2005-07-27 23:30:41,3230,424,2005-08-02 04:29:41,1,2006-02-16 02:30:53
7595,2005-07-27 23:32:23,4313,390,2005-08-03 05:28:23,1,2006-02-16 02:30:53
7596,2005-07-27 23:33:57,2097,275,2005-08-01 20:46:57,2,2006-02-16 02:30:53
7597,2005-07-27 23:35:49,2856,169,2005-07-30 21:38:49,1,2006-02-16 02:30:53
7598,2005-07-27 23:36:01,4545,438,2005-07-29 23:35:01,2,2006-02-16 02:30:53
7599,2005-07-27 23:38:46,3272,87,2005-07-28 22:52:46,1,2006-02-16 02:30:53
7600,2005-07-27 23:41:18,3492,107,2005-08-06 04:40:18,1,2006-02-16 02:30:53
7601,2005-07-27 23:48:15,903,228,2005-07-29 02:45:15,1,2006-02-16 02:30:53
7602,2005-07-27 23:48:35,2516,366,2005-08-04 17:58:35,1,2006-02-16 02:30:53
7603,2005-07-27 23:54:44,124,497,2005-07-29 01:24:44,1,2006-02-16 02:30:53
7604,2005-07-27 23:54:52,3720,406,2005-08-05 03:04:52,2,2006-02-16 02:30:53
7605,2005-07-27 23:57:01,1391,576,2005-08-03 04:11:01,1,2006-02-16 02:30:53
7606,2005-07-28 00:02:15,637,201,2005-07-29 03:14:15,2,2006-02-16 02:30:53
7607,2005-07-28 00:05:53,3914,293,2005-07-31 04:13:53,1,2006-02-16 02:30:53
7608,2005-07-28 00:08:36,1256,167,2005-07-28 18:13:36,1,2006-02-16 02:30:53
7609,2005-07-28 00:11:00,3655,179,2005-07-31 03:04:00,1,2006-02-16 02:30:53
7610,2005-07-28 00:11:35,1279,450,2005-07-31 00:33:35,1,2006-02-16 02:30:53
7611,2005-07-28 00:11:47,3347,467,2005-07-28 18:35:47,1,2006-02-16 02:30:53
7612,2005-07-28 00:11:55,1411,563,2005-07-30 00:47:55,1,2006-02-16 02:30:53
7613,2005-07-28 00:13:58,4253,202,2005-08-06 05:36:58,2,2006-02-16 02:30:53
7614,2005-07-28 00:14:38,3475,440,2005-07-29 18:18:38,1,2006-02-16 02:30:53
7615,2005-07-28 00:15:24,3884,373,2005-07-31 02:00:24,1,2006-02-16 02:30:53
7616,2005-07-28 00:15:26,3790,9,2005-07-30 21:52:26,1,2006-02-16 02:30:53
7617,2005-07-28 00:18:40,2904,340,2005-08-01 01:17:40,1,2006-02-16 02:30:53
7618,2005-07-28 00:24:14,774,271,2005-08-01 04:35:14,1,2006-02-16 02:30:53
7619,2005-07-28 00:25:41,1057,419,2005-07-30 04:35:41,2,2006-02-16 02:30:53
7620,2005-07-28 00:27:17,931,580,2005-07-31 02:04:17,1,2006-02-16 02:30:53
7621,2005-07-28 00:34:06,1833,88,2005-08-06 00:13:06,1,2006-02-16 02:30:53
7622,2005-07-28 00:37:34,4014,198,2005-07-31 23:27:34,2,2006-02-16 02:30:53
7623,2005-07-28 00:37:41,1146,459,2005-08-04 19:38:41,2,2006-02-16 02:30:53
7624,2005-07-28 00:37:44,2756,415,2005-07-30 21:26:44,1,2006-02-16 02:30:53
7625,2005-07-28 00:47:56,3129,382,2005-08-02 23:34:56,1,2006-02-16 02:30:53
7626,2005-07-28 00:49:01,4200,450,2005-07-31 00:43:01,1,2006-02-16 02:30:53
7627,2005-07-28 00:56:47,782,52,2005-08-02 04:16:47,1,2006-02-16 02:30:53
7628,2005-07-28 00:58:04,1240,516,2005-08-03 19:16:04,1,2006-02-16 02:30:53
7629,2005-07-28 01:00:09,2453,229,2005-07-30 06:49:09,1,2006-02-16 02:30:53
7630,2005-07-28 01:01:03,2798,351,2005-07-31 01:08:03,2,2006-02-16 02:30:53
7631,2005-07-28 01:01:15,2437,132,2005-08-01 06:16:15,2,2006-02-16 02:30:53
7632,2005-07-28 01:02:40,3233,181,2005-07-30 05:31:40,2,2006-02-16 02:30:53
7633,2005-07-28 01:03:41,4171,402,2005-08-01 23:54:41,2,2006-02-16 02:30:53
7634,2005-07-28 01:07:01,4487,365,2005-07-31 05:00:01,1,2006-02-16 02:30:53
7635,2005-07-28 01:08:11,55,413,2005-08-01 03:32:11,2,2006-02-16 02:30:53
7636,2005-07-28 01:08:36,202,51,2005-08-03 21:36:36,1,2006-02-16 02:30:53
7637,2005-07-28 01:12:25,87,91,2005-08-02 03:48:25,1,2006-02-16 02:30:53
7638,2005-07-28 01:13:26,1890,172,2005-07-28 20:34:26,1,2006-02-16 02:30:53
7639,2005-07-28 01:14:36,767,459,2005-07-29 00:19:36,1,2006-02-16 02:30:53
7640,2005-07-28 01:14:49,3014,229,2005-08-03 21:50:49,1,2006-02-16 02:30:53
7641,2005-07-28 01:15:45,1868,475,2005-08-04 23:50:45,1,2006-02-16 02:30:53
7642,2005-07-28 01:16:51,3995,523,2005-08-02 00:45:51,2,2006-02-16 02:30:53
7643,2005-07-28 01:19:44,4369,407,2005-08-04 21:16:44,1,2006-02-16 02:30:53
7644,2005-07-28 01:27:33,882,173,2005-07-31 22:58:33,2,2006-02-16 02:30:53
7645,2005-07-28 01:27:42,830,381,2005-08-03 07:16:42,2,2006-02-16 02:30:53
7646,2005-07-28 01:31:45,1615,255,2005-07-31 07:16:45,1,2006-02-16 02:30:53
7647,2005-07-28 01:35:17,3079,36,2005-08-01 00:14:17,1,2006-02-16 02:30:53
7648,2005-07-28 01:35:33,797,310,2005-08-04 06:21:33,2,2006-02-16 02:30:53
7649,2005-07-28 01:37:26,2704,318,2005-07-28 21:18:26,1,2006-02-16 02:30:53
7650,2005-07-28 01:47:20,701,290,2005-08-05 06:00:20,2,2006-02-16 02:30:53
7651,2005-07-28 01:48:32,2753,401,2005-08-03 03:10:32,2,2006-02-16 02:30:53
7652,2005-07-28 01:50:29,92,5,2005-07-30 22:23:29,2,2006-02-16 02:30:53
7653,2005-07-28 01:58:30,814,232,2005-07-28 23:32:30,2,2006-02-16 02:30:53
7654,2005-07-28 02:00:14,1009,360,2005-07-31 20:50:14,2,2006-02-16 02:30:53
7655,2005-07-28 02:01:11,2665,513,2005-07-30 23:12:11,2,2006-02-16 02:30:53
7656,2005-07-28 02:07:19,178,148,2005-07-31 04:05:19,1,2006-02-16 02:30:53
7657,2005-07-28 02:09:00,2319,518,2005-08-04 21:44:00,1,2006-02-16 02:30:53
7658,2005-07-28 02:09:12,1798,272,2005-07-30 00:54:12,2,2006-02-16 02:30:53
7659,2005-07-28 02:09:45,1622,584,2005-08-02 05:34:45,2,2006-02-16 02:30:53
7660,2005-07-28 02:10:10,4385,4,2005-07-30 04:29:10,2,2006-02-16 02:30:53
7661,2005-07-28 02:10:27,3060,256,2005-08-05 03:45:27,2,2006-02-16 02:30:53
7662,2005-07-28 02:16:08,1017,534,2005-08-03 21:51:08,1,2006-02-16 02:30:53
7663,2005-07-28 02:19:48,832,470,2005-07-30 21:43:48,2,2006-02-16 02:30:53
7664,2005-07-28 02:24:23,1989,461,2005-07-29 23:01:23,1,2006-02-16 02:30:53
7665,2005-07-28 02:28:30,1455,590,2005-07-31 20:42:30,1,2006-02-16 02:30:53
7666,2005-07-28 02:35:12,688,196,2005-08-05 05:43:12,2,2006-02-16 02:30:53
7667,2005-07-28 02:37:22,2415,443,2005-08-05 21:37:22,1,2006-02-16 02:30:53
7668,2005-07-28 02:41:31,3880,508,2005-08-02 06:08:31,1,2006-02-16 02:30:53
7669,2005-07-28 02:44:07,2624,483,2005-07-29 00:54:07,1,2006-02-16 02:30:53
7670,2005-07-28 02:44:25,1356,252,2005-07-29 21:55:25,2,2006-02-16 02:30:53
7671,2005-07-28 02:48:31,3464,442,2005-07-30 23:04:31,1,2006-02-16 02:30:53
7672,2005-07-28 02:49:41,573,542,2005-08-04 02:38:41,1,2006-02-16 02:30:53
7673,2005-07-28 02:53:53,2368,409,2005-08-06 00:07:53,1,2006-02-16 02:30:53
7674,2005-07-28 02:54:30,682,177,2005-08-05 23:09:30,1,2006-02-16 02:30:53
7675,2005-07-28 02:55:20,153,189,2005-07-31 05:27:20,1,2006-02-16 02:30:53
7676,2005-07-28 02:55:27,1110,508,2005-08-01 03:50:27,2,2006-02-16 02:30:53
7677,2005-07-28 02:56:37,4464,566,2005-07-31 02:21:37,1,2006-02-16 02:30:53
7678,2005-07-28 02:58:16,3398,510,2005-08-06 04:22:16,1,2006-02-16 02:30:53
7679,2005-07-28 02:58:39,1063,444,2005-08-02 04:58:39,1,2006-02-16 02:30:53
7680,2005-07-28 02:59:08,1784,559,2005-08-03 03:37:08,2,2006-02-16 02:30:53
7681,2005-07-28 03:07:09,1176,432,2005-07-29 08:30:09,2,2006-02-16 02:30:53
7682,2005-07-28 03:07:29,3296,400,2005-08-04 08:48:29,2,2006-02-16 02:30:53
7683,2005-07-28 03:11:29,1760,73,2005-08-04 00:14:29,1,2006-02-16 02:30:53
7684,2005-07-28 03:11:54,3365,40,2005-07-31 04:40:54,2,2006-02-16 02:30:53
7685,2005-07-28 03:13:00,2213,468,2005-08-01 00:29:00,2,2006-02-16 02:30:53
7686,2005-07-28 03:19:23,2144,184,2005-08-04 05:17:23,2,2006-02-16 02:30:53
7687,2005-07-28 03:20:26,689,325,2005-08-02 05:48:26,2,2006-02-16 02:30:53
7688,2005-07-28 03:20:47,1179,491,2005-08-06 06:07:47,2,2006-02-16 02:30:53
7689,2005-07-28 03:21:24,1803,253,2005-07-31 08:01:24,2,2006-02-16 02:30:53
7690,2005-07-28 03:26:21,1076,150,2005-07-29 00:08:21,1,2006-02-16 02:30:53
7691,2005-07-28 03:30:09,1579,112,2005-07-29 21:31:09,1,2006-02-16 02:30:53
7692,2005-07-28 03:30:21,267,392,2005-07-30 22:25:21,1,2006-02-16 02:30:53
7693,2005-07-28 03:31:22,2479,148,2005-07-31 06:42:22,2,2006-02-16 02:30:53
7694,2005-07-28 03:39:25,2892,538,2005-07-31 05:47:25,1,2006-02-16 02:30:53
7695,2005-07-28 03:41:13,2742,323,2005-08-06 05:06:13,2,2006-02-16 02:30:53
7696,2005-07-28 03:41:35,3463,56,2005-08-06 05:48:35,2,2006-02-16 02:30:53
7697,2005-07-28 03:43:45,3966,377,2005-08-03 07:55:45,2,2006-02-16 02:30:53
7698,2005-07-28 03:44:14,3650,561,2005-08-04 03:44:14,2,2006-02-16 02:30:53
7699,2005-07-28 03:52:21,4332,53,2005-08-01 05:00:21,2,2006-02-16 02:30:53
7700,2005-07-28 03:54:14,3546,124,2005-08-05 06:20:14,2,2006-02-16 02:30:53
7701,2005-07-28 03:54:28,1604,306,2005-08-01 08:39:28,2,2006-02-16 02:30:53
7702,2005-07-28 03:56:05,253,349,2005-07-31 03:29:05,1,2006-02-16 02:30:53
7703,2005-07-28 03:59:21,2150,3,2005-08-05 08:52:21,1,2006-02-16 02:30:53
7704,2005-07-28 04:02:13,2342,265,2005-08-04 00:51:13,1,2006-02-16 02:30:53
7705,2005-07-28 04:02:58,1072,22,2005-08-05 01:19:58,2,2006-02-16 02:30:53
7706,2005-07-28 04:03:17,994,263,2005-07-29 22:16:17,2,2006-02-16 02:30:53
7707,2005-07-28 04:07:47,2563,232,2005-07-29 02:02:47,1,2006-02-16 02:30:53
7708,2005-07-28 04:19:15,398,363,2005-08-04 04:41:15,1,2006-02-16 02:30:53
7709,2005-07-28 04:22:14,3800,81,2005-07-31 09:18:14,2,2006-02-16 02:30:53
7710,2005-07-28 04:24:07,3716,77,2005-08-03 22:49:07,2,2006-02-16 02:30:53
7711,2005-07-28 04:26:42,2695,426,2005-07-29 07:30:42,2,2006-02-16 02:30:53
7712,2005-07-28 04:29:53,3256,361,2005-08-02 00:57:53,2,2006-02-16 02:30:53
7713,2005-07-28 04:32:14,2018,572,2005-08-03 04:30:14,2,2006-02-16 02:30:53
7714,2005-07-28 04:32:30,940,70,2005-08-02 07:10:30,2,2006-02-16 02:30:53
7715,2005-07-28 04:32:38,3210,512,2005-08-05 00:37:38,2,2006-02-16 02:30:53
7716,2005-07-28 04:33:15,1493,284,2005-08-04 00:08:15,2,2006-02-16 02:30:53
7717,2005-07-28 04:33:54,730,459,2005-07-30 02:46:54,2,2006-02-16 02:30:53
7718,2005-07-28 04:37:59,3587,4,2005-07-29 09:20:59,2,2006-02-16 02:30:53
7719,2005-07-28 04:39:09,2481,286,2005-08-05 03:15:09,1,2006-02-16 02:30:53
7720,2005-07-28 04:41:44,185,520,2005-08-04 06:51:44,2,2006-02-16 02:30:53
7721,2005-07-28 04:42:58,2228,83,2005-07-31 07:52:58,1,2006-02-16 02:30:53
7722,2005-07-28 04:44:58,3828,309,2005-07-30 01:29:58,1,2006-02-16 02:30:53
7723,2005-07-28 04:45:37,3263,147,2005-07-30 09:03:37,2,2006-02-16 02:30:53
7724,2005-07-28 04:46:30,346,3,2005-08-04 08:41:30,1,2006-02-16 02:30:53
7725,2005-07-28 04:47:14,1922,326,2005-08-04 09:03:14,1,2006-02-16 02:30:53
7726,2005-07-28 04:52:19,2578,219,2005-08-04 09:05:19,1,2006-02-16 02:30:53
7727,2005-07-28 04:52:43,2274,123,2005-08-03 01:12:43,2,2006-02-16 02:30:53
7728,2005-07-28 04:56:33,492,130,2005-07-31 07:54:33,1,2006-02-16 02:30:53
7729,2005-07-28 04:57:57,1491,89,2005-07-30 09:38:57,1,2006-02-16 02:30:53
7730,2005-07-28 04:59:48,3118,155,2005-08-04 04:35:48,2,2006-02-16 02:30:53
7731,2005-07-28 05:01:18,1533,413,2005-07-29 02:22:18,1,2006-02-16 02:30:53
7732,2005-07-28 05:03:32,3597,158,2005-07-29 10:20:32,1,2006-02-16 02:30:53
7733,2005-07-28 05:04:47,10,82,2005-08-05 05:12:47,2,2006-02-16 02:30:53
7734,2005-07-28 05:08:44,2726,135,2005-07-30 09:42:44,2,2006-02-16 02:30:53
7735,2005-07-28 05:09:56,3949,372,2005-07-31 23:34:56,2,2006-02-16 02:30:53
7736,2005-07-28 05:12:04,4466,205,2005-08-05 02:28:04,2,2006-02-16 02:30:53
7737,2005-07-28 05:15:03,1235,494,2005-08-04 01:24:03,1,2006-02-16 02:30:53
7738,2005-07-28 05:21:42,80,10,2005-08-03 09:46:42,2,2006-02-16 02:30:53
7739,2005-07-28 05:21:51,1554,186,2005-07-30 02:06:51,2,2006-02-16 02:30:53
7740,2005-07-28 05:23:36,3613,395,2005-08-01 02:20:36,2,2006-02-16 02:30:53
7741,2005-07-28 05:25:55,3917,591,2005-08-02 02:40:55,1,2006-02-16 02:30:53
7742,2005-07-28 05:33:16,1808,49,2005-08-06 01:04:16,2,2006-02-16 02:30:53
7743,2005-07-28 05:36:13,2883,210,2005-08-03 11:28:13,2,2006-02-16 02:30:53
7744,2005-07-28 05:38:20,1863,288,2005-07-31 11:00:20,1,2006-02-16 02:30:53
7745,2005-07-28 05:46:28,1014,285,2005-08-06 07:44:28,2,2006-02-16 02:30:53
7746,2005-07-28 05:48:56,176,299,2005-08-04 07:33:56,1,2006-02-16 02:30:53
7747,2005-07-28 05:50:11,1775,78,2005-08-03 09:51:11,1,2006-02-16 02:30:53
7748,2005-07-28 05:52:23,3523,415,2005-07-31 01:35:23,2,2006-02-16 02:30:53
7749,2005-07-28 05:53:36,3585,232,2005-08-01 03:49:36,1,2006-02-16 02:30:53
7750,2005-07-28 05:55:30,820,220,2005-08-06 04:32:30,2,2006-02-16 02:30:53
7751,2005-07-28 05:56:13,4425,176,2005-08-05 08:08:13,1,2006-02-16 02:30:53
7752,2005-07-28 06:01:00,2218,209,2005-08-03 06:09:00,1,2006-02-16 02:30:53
7753,2005-07-28 06:09:19,3071,531,2005-08-06 06:17:19,1,2006-02-16 02:30:53
7754,2005-07-28 06:10:55,1981,138,2005-07-29 02:46:55,1,2006-02-16 02:30:53
7755,2005-07-28 06:22:18,1247,449,2005-08-06 11:38:18,2,2006-02-16 02:30:53
7756,2005-07-28 06:22:52,1611,469,2005-08-05 11:55:52,2,2006-02-16 02:30:53
7757,2005-07-28 06:23:00,3445,502,2005-07-30 12:02:00,1,2006-02-16 02:30:53
7758,2005-07-28 06:23:41,4333,356,2005-08-03 06:06:41,2,2006-02-16 02:30:53
7759,2005-07-28 06:28:45,3381,405,2005-08-03 11:38:45,1,2006-02-16 02:30:53
7760,2005-07-28 06:29:45,409,307,2005-08-03 01:36:45,1,2006-02-16 02:30:53
7761,2005-07-28 06:31:45,3568,112,2005-07-30 01:36:45,2,2006-02-16 02:30:53
7762,2005-07-28 06:34:23,3234,462,2005-08-05 09:55:23,2,2006-02-16 02:30:53
7763,2005-07-28 06:35:16,2461,116,2005-08-03 02:46:16,2,2006-02-16 02:30:53
7764,2005-07-28 06:40:05,3537,142,2005-07-30 02:51:05,2,2006-02-16 02:30:53
7765,2005-07-28 06:40:33,4098,294,2005-07-31 01:25:33,1,2006-02-16 02:30:53
7766,2005-07-28 06:41:57,2774,292,2005-08-06 11:21:57,2,2006-02-16 02:30:53
7767,2005-07-28 06:42:02,329,139,2005-08-05 11:19:02,2,2006-02-16 02:30:53
7768,2005-07-28 06:44:03,2450,123,2005-07-29 09:46:03,1,2006-02-16 02:30:53
7769,2005-07-28 06:45:23,3250,30,2005-07-30 12:18:23,1,2006-02-16 02:30:53
7770,2005-07-28 06:49:35,1486,507,2005-08-06 08:16:35,1,2006-02-16 02:30:53
7771,2005-07-28 06:52:12,1003,175,2005-07-30 12:48:12,1,2006-02-16 02:30:53
7772,2005-07-28 06:59:09,986,552,2005-08-01 10:49:09,1,2006-02-16 02:30:53
7773,2005-07-28 07:02:17,4143,380,2005-07-30 04:16:17,2,2006-02-16 02:30:53
7774,2005-07-28 07:03:25,3483,259,2005-08-03 02:05:25,1,2006-02-16 02:30:53
7775,2005-07-28 07:04:36,3795,475,2005-08-03 06:36:36,2,2006-02-16 02:30:53
7776,2005-07-28 07:04:36,4170,385,2005-08-01 09:32:36,1,2006-02-16 02:30:53
7777,2005-07-28 07:04:42,4422,287,2005-07-29 01:57:42,1,2006-02-16 02:30:53
7778,2005-07-28 07:10:11,1044,248,2005-08-05 05:09:11,1,2006-02-16 02:30:53
7779,2005-07-28 07:11:11,3663,414,2005-07-30 11:12:11,1,2006-02-16 02:30:53
7780,2005-07-28 07:11:55,3069,236,2005-08-06 05:41:55,1,2006-02-16 02:30:53
7781,2005-07-28 07:13:20,541,539,2005-08-06 05:43:20,2,2006-02-16 02:30:53
7782,2005-07-28 07:13:40,3770,199,2005-08-05 06:50:40,1,2006-02-16 02:30:53
7783,2005-07-28 07:14:43,3817,581,2005-08-01 05:03:43,2,2006-02-16 02:30:53
7784,2005-07-28 07:15:32,3611,505,2005-08-06 05:00:32,1,2006-02-16 02:30:53
7785,2005-07-28 07:16:11,4277,460,2005-08-02 03:43:11,1,2006-02-16 02:30:53
7786,2005-07-28 07:18:26,2285,222,2005-07-29 03:00:26,1,2006-02-16 02:30:53
7787,2005-07-28 07:19:02,2191,203,2005-08-06 02:38:02,2,2006-02-16 02:30:53
7788,2005-07-28 07:21:55,95,487,2005-08-03 06:33:55,1,2006-02-16 02:30:53
7789,2005-07-28 07:22:07,2837,426,2005-08-06 10:47:07,1,2006-02-16 02:30:53
7790,2005-07-28 07:22:35,2327,189,2005-07-30 02:59:35,1,2006-02-16 02:30:53
7791,2005-07-28 07:22:51,822,514,2005-07-30 03:09:51,1,2006-02-16 02:30:53
7792,2005-07-28 07:24:02,3736,236,2005-08-04 11:13:02,1,2006-02-16 02:30:53
7793,2005-07-28 07:26:14,24,32,2005-08-03 07:45:14,1,2006-02-16 02:30:53
7794,2005-07-28 07:28:03,4509,510,2005-08-06 12:32:03,2,2006-02-16 02:30:53
7795,2005-07-28 07:28:16,1278,38,2005-07-31 12:03:16,1,2006-02-16 02:30:53
7796,2005-07-28 07:39:39,622,419,2005-08-02 05:34:39,2,2006-02-16 02:30:53
7797,2005-07-28 07:41:07,4180,370,2005-07-31 04:13:07,1,2006-02-16 02:30:53
7798,2005-07-28 07:41:59,3281,236,2005-07-31 12:36:59,1,2006-02-16 02:30:53
7799,2005-07-28 07:42:09,2163,384,2005-08-02 10:02:09,2,2006-02-16 02:30:53
7800,2005-07-28 07:50:59,3386,499,2005-07-29 07:31:59,2,2006-02-16 02:30:53
7801,2005-07-28 07:51:56,2052,9,2005-07-30 12:18:56,1,2006-02-16 02:30:53
7802,2005-07-28 07:51:57,1108,298,2005-07-29 09:32:57,1,2006-02-16 02:30:53
7803,2005-07-28 07:52:13,3438,449,2005-08-03 13:35:13,1,2006-02-16 02:30:53
7804,2005-07-28 07:56:00,592,249,2005-07-30 10:33:00,2,2006-02-16 02:30:53
7805,2005-07-28 07:56:41,3204,366,2005-08-04 06:53:41,1,2006-02-16 02:30:53
7806,2005-07-28 07:58:17,4317,440,2005-08-06 10:15:17,1,2006-02-16 02:30:53
7807,2005-07-28 07:58:27,2204,504,2005-08-01 02:48:27,2,2006-02-16 02:30:53
7808,2005-07-28 07:58:56,4052,327,2005-08-02 10:49:56,1,2006-02-16 02:30:53
7809,2005-07-28 07:59:46,4150,94,2005-08-02 02:56:46,1,2006-02-16 02:30:53
7810,2005-07-28 08:00:38,30,537,2005-08-02 06:14:38,2,2006-02-16 02:30:53
7811,2005-07-28 08:06:01,3891,347,2005-07-30 10:08:01,2,2006-02-16 02:30:53
7812,2005-07-28 08:06:52,4556,237,2005-07-31 09:57:52,2,2006-02-16 02:30:53
7813,2005-07-28 08:08:27,4216,411,2005-07-30 03:08:27,2,2006-02-16 02:30:53
7814,2005-07-28 08:09:48,2662,258,2005-08-01 13:14:48,2,2006-02-16 02:30:53
7815,2005-07-28 08:14:11,3551,300,2005-07-30 02:34:11,2,2006-02-16 02:30:53
7816,2005-07-28 08:14:12,1422,283,2005-07-30 08:00:12,2,2006-02-16 02:30:53
7817,2005-07-28 08:20:55,600,259,2005-07-30 11:55:55,1,2006-02-16 02:30:53
7818,2005-07-28 08:25:00,1672,301,2005-07-29 14:07:00,1,2006-02-16 02:30:53
7819,2005-07-28 08:27:14,3182,100,2005-08-02 12:34:14,2,2006-02-16 02:30:53
7820,2005-07-28 08:28:51,4475,459,2005-08-05 10:00:51,1,2006-02-16 02:30:53
7821,2005-07-28 08:31:23,1184,433,2005-08-03 05:08:23,2,2006-02-16 02:30:53
7822,2005-07-28 08:31:45,1428,156,2005-07-31 11:06:45,1,2006-02-16 02:30:53
7823,2005-07-28 08:32:53,84,428,2005-08-06 11:59:53,1,2006-02-16 02:30:53
7824,2005-07-28 08:34:47,2241,153,2005-08-05 09:43:47,2,2006-02-16 02:30:53
7825,2005-07-28 08:34:57,4340,348,2005-08-06 02:45:57,1,2006-02-16 02:30:53
7826,2005-07-28 08:35:51,1473,214,2005-08-05 07:57:51,2,2006-02-16 02:30:53
7827,2005-07-28 08:37:22,659,422,2005-07-31 04:27:22,1,2006-02-16 02:30:53
7828,2005-07-28 08:40:46,1710,212,2005-07-30 14:22:46,1,2006-02-16 02:30:53
7829,2005-07-28 08:43:39,111,5,2005-08-04 14:33:39,1,2006-02-16 02:30:53
7830,2005-07-28 08:43:49,4492,144,2005-08-04 09:30:49,2,2006-02-16 02:30:53
7831,2005-07-28 08:44:21,4436,499,2005-07-30 03:25:21,2,2006-02-16 02:30:53
7832,2005-07-28 08:46:11,284,92,2005-08-04 06:55:11,1,2006-02-16 02:30:53
7833,2005-07-28 08:46:14,1166,263,2005-08-04 06:13:14,1,2006-02-16 02:30:53
7834,2005-07-28 08:46:43,4124,278,2005-07-31 07:09:43,2,2006-02-16 02:30:53
7835,2005-07-28 08:49:39,43,547,2005-08-02 07:16:39,2,2006-02-16 02:30:53
7836,2005-07-28 08:55:27,1770,481,2005-08-05 09:35:27,1,2006-02-16 02:30:53
7837,2005-07-28 08:58:32,115,374,2005-07-29 14:11:32,1,2006-02-16 02:30:53
7838,2005-07-28 09:00:21,2222,550,2005-07-29 05:52:21,1,2006-02-16 02:30:53
7839,2005-07-28 09:01:13,914,518,2005-08-04 11:46:13,1,2006-02-16 02:30:53
7840,2005-07-28 09:03:02,2899,482,2005-08-06 06:15:02,1,2006-02-16 02:30:53
7841,2005-07-28 09:04:45,1092,1,2005-07-30 12:37:45,2,2006-02-16 02:30:53
7842,2005-07-28 09:10:06,2447,276,2005-08-04 06:52:06,2,2006-02-16 02:30:53
7843,2005-07-28 09:10:22,3962,75,2005-08-01 11:27:22,2,2006-02-16 02:30:53
7844,2005-07-28 09:16:19,4220,187,2005-08-05 14:06:19,2,2006-02-16 02:30:53
7845,2005-07-28 09:18:07,38,352,2005-08-04 10:23:07,2,2006-02-16 02:30:53
7846,2005-07-28 09:21:18,4201,309,2005-08-06 07:10:18,2,2006-02-16 02:30:53
7847,2005-07-28 09:23:14,3602,323,2005-08-02 11:02:14,2,2006-02-16 02:30:53
7848,2005-07-28 09:24:31,162,509,2005-08-05 05:11:31,2,2006-02-16 02:30:53
7849,2005-07-28 09:30:02,996,423,2005-08-06 12:41:02,2,2006-02-16 02:30:53
7850,2005-07-28 09:31:13,2913,118,2005-08-02 14:06:13,2,2006-02-16 02:30:53
7851,2005-07-28 09:31:58,3596,253,2005-08-04 09:58:58,2,2006-02-16 02:30:53
7852,2005-07-28 09:34:29,3462,123,2005-07-30 05:48:29,1,2006-02-16 02:30:53
7853,2005-07-28 09:36:38,4053,318,2005-07-29 15:01:38,1,2006-02-16 02:30:53
7854,2005-07-28 09:42:31,3531,84,2005-08-02 09:25:31,1,2006-02-16 02:30:53
7855,2005-07-28 09:43:02,2474,288,2005-07-30 12:57:02,2,2006-02-16 02:30:53
7856,2005-07-28 09:48:24,2376,375,2005-07-29 09:49:24,2,2006-02-16 02:30:53
7857,2005-07-28 09:49:40,4027,500,2005-08-01 05:34:40,2,2006-02-16 02:30:53
7858,2005-07-28 09:50:18,992,144,2005-08-05 14:33:18,1,2006-02-16 02:30:53
7859,2005-07-28 09:57:17,3392,547,2005-08-04 06:04:17,1,2006-02-16 02:30:53
7860,2005-07-28 09:58:02,2400,241,2005-08-05 06:04:02,1,2006-02-16 02:30:53
7861,2005-07-28 10:02:01,1781,208,2005-08-06 13:17:01,1,2006-02-16 02:30:53
7862,2005-07-28 10:02:25,2507,299,2005-08-05 13:10:25,1,2006-02-16 02:30:53
7863,2005-07-28 10:05:46,1212,182,2005-07-29 14:42:46,1,2006-02-16 02:30:53
7864,2005-07-28 10:06:10,1238,20,2005-08-04 08:38:10,1,2006-02-16 02:30:53
7865,2005-07-28 10:07:04,2334,148,2005-08-06 08:16:04,2,2006-02-16 02:30:53
7866,2005-07-28 10:08:01,1602,101,2005-08-04 09:29:01,2,2006-02-16 02:30:53
7867,2005-07-28 10:08:54,713,297,2005-07-30 10:26:54,2,2006-02-16 02:30:53
7868,2005-07-28 10:08:55,3589,43,2005-07-30 11:52:55,1,2006-02-16 02:30:53
7869,2005-07-28 10:13:15,3005,298,2005-08-03 12:58:15,1,2006-02-16 02:30:53
7870,2005-07-28 10:16:03,970,240,2005-07-31 16:06:03,1,2006-02-16 02:30:53
7871,2005-07-28 10:16:37,3990,491,2005-08-05 11:24:37,2,2006-02-16 02:30:53
7872,2005-07-28 10:18:16,826,66,2005-07-31 10:57:16,1,2006-02-16 02:30:53
7873,2005-07-28 10:19:46,2947,82,2005-07-31 04:43:46,2,2006-02-16 02:30:53
7874,2005-07-28 10:21:52,2981,86,2005-08-06 16:19:52,1,2006-02-16 02:30:53
7875,2005-07-28 10:23:48,3693,504,2005-08-02 12:09:48,1,2006-02-16 02:30:53
7876,2005-07-28 10:24:22,3563,577,2005-08-04 07:15:22,1,2006-02-16 02:30:53
7877,2005-07-28 10:25:36,2576,65,2005-08-05 12:46:36,1,2006-02-16 02:30:53
7878,2005-07-28 10:27:10,1564,141,2005-07-29 11:22:10,1,2006-02-16 02:30:53
7879,2005-07-28 10:27:46,1969,125,2005-07-31 07:48:46,1,2006-02-16 02:30:53
7880,2005-07-28 10:30:37,3670,182,2005-08-03 08:05:37,2,2006-02-16 02:30:53
7881,2005-07-28 10:33:22,533,249,2005-08-02 12:10:22,1,2006-02-16 02:30:53
7882,2005-07-28 10:33:42,3922,516,2005-07-29 13:49:42,1,2006-02-16 02:30:53
7883,2005-07-28 10:37:20,447,526,2005-08-02 05:08:20,1,2006-02-16 02:30:53
7884,2005-07-28 10:37:24,3871,502,2005-07-31 10:31:24,1,2006-02-16 02:30:53
7885,2005-07-28 10:37:41,4294,260,2005-08-05 07:56:41,1,2006-02-16 02:30:53
7886,2005-07-28 10:37:55,237,352,2005-08-04 13:22:55,2,2006-02-16 02:30:53
7887,2005-07-28 10:40:12,2820,253,2005-08-02 06:09:12,1,2006-02-16 02:30:53
7888,2005-07-28 10:40:24,545,378,2005-08-01 16:18:24,1,2006-02-16 02:30:53
7889,2005-07-28 10:43:21,3123,416,2005-07-30 09:11:21,1,2006-02-16 02:30:53
7890,2005-07-28 10:43:40,3443,553,2005-07-31 06:07:40,1,2006-02-16 02:30:53
7891,2005-07-28 10:43:56,3637,560,2005-08-05 14:04:56,2,2006-02-16 02:30:53
7892,2005-07-28 10:46:58,2717,397,2005-07-30 16:03:58,1,2006-02-16 02:30:53
7893,2005-07-28 10:49:27,3058,479,2005-08-02 06:46:27,1,2006-02-16 02:30:53
7894,2005-07-28 10:53:58,3532,330,2005-08-02 13:42:58,2,2006-02-16 02:30:53
7895,2005-07-28 10:57:15,900,67,2005-08-02 15:10:15,2,2006-02-16 02:30:53
7896,2005-07-28 11:00:58,3561,389,2005-08-04 14:30:58,2,2006-02-16 02:30:53
7897,2005-07-28 11:01:51,1396,75,2005-07-31 13:13:51,1,2006-02-16 02:30:53
7898,2005-07-28 11:08:22,2680,499,2005-08-03 12:28:22,1,2006-02-16 02:30:53
7899,2005-07-28 11:10:12,4130,452,2005-08-02 13:20:12,2,2006-02-16 02:30:53
7900,2005-07-28 11:11:33,2781,154,2005-08-05 06:29:33,2,2006-02-16 02:30:53
7901,2005-07-28 11:12:12,4435,280,2005-08-01 08:13:12,1,2006-02-16 02:30:53
7902,2005-07-28 11:14:19,3066,356,2005-07-30 09:01:19,2,2006-02-16 02:30:53
7903,2005-07-28 11:20:36,2767,588,2005-07-31 09:16:36,1,2006-02-16 02:30:53
7904,2005-07-28 11:25:39,316,477,2005-08-06 08:22:39,2,2006-02-16 02:30:53
7905,2005-07-28 11:26:57,4287,455,2005-08-02 06:14:57,1,2006-02-16 02:30:53
7906,2005-07-28 11:31:42,1216,85,2005-08-01 11:56:42,2,2006-02-16 02:30:53
7907,2005-07-28 11:32:00,3252,433,2005-07-30 15:27:00,1,2006-02-16 02:30:53
7908,2005-07-28 11:32:57,3646,360,2005-08-03 13:30:57,2,2006-02-16 02:30:53
7909,2005-07-28 11:38:08,3355,210,2005-07-29 13:54:08,1,2006-02-16 02:30:53
7910,2005-07-28 11:44:56,2044,480,2005-08-05 14:37:56,2,2006-02-16 02:30:53
7911,2005-07-28 11:46:45,390,3,2005-07-29 07:19:45,1,2006-02-16 02:30:53
7912,2005-07-28 11:46:58,745,127,2005-08-05 12:50:58,1,2006-02-16 02:30:53
7913,2005-07-28 11:47:23,4001,459,2005-08-05 06:36:23,1,2006-02-16 02:30:53
7914,2005-07-28 11:48:08,2796,469,2005-07-30 14:14:08,1,2006-02-16 02:30:53
7915,2005-07-28 11:49:46,2088,186,2005-08-04 12:21:46,2,2006-02-16 02:30:53
7916,2005-07-28 11:49:53,3877,13,2005-07-29 15:01:53,1,2006-02-16 02:30:53
7917,2005-07-28 11:56:57,2071,416,2005-07-29 14:06:57,1,2006-02-16 02:30:53
7918,2005-07-28 11:58:53,63,473,2005-08-04 12:08:53,2,2006-02-16 02:30:53
7919,2005-07-28 11:59:45,2138,36,2005-08-06 11:19:45,1,2006-02-16 02:30:53
7920,2005-07-28 12:01:19,66,48,2005-08-05 07:08:19,1,2006-02-16 02:30:53
7921,2005-07-28 12:02:46,116,100,2005-08-01 12:08:46,2,2006-02-16 02:30:53
7922,2005-07-28 12:05:25,817,125,2005-08-02 12:13:25,2,2006-02-16 02:30:53
7923,2005-07-28 12:08:29,2273,458,2005-08-04 12:30:29,1,2006-02-16 02:30:53
7924,2005-07-28 12:08:53,656,97,2005-07-30 06:45:53,2,2006-02-16 02:30:53
7925,2005-07-28 12:10:02,1763,500,2005-08-02 15:50:02,1,2006-02-16 02:30:53
7926,2005-07-28 12:13:02,180,78,2005-08-05 08:54:02,1,2006-02-16 02:30:53
7927,2005-07-28 12:13:42,1263,27,2005-08-05 12:02:42,1,2006-02-16 02:30:53
7928,2005-07-28 12:15:51,912,473,2005-08-05 06:34:51,1,2006-02-16 02:30:53
7929,2005-07-28 12:16:40,2652,307,2005-07-31 13:09:40,2,2006-02-16 02:30:53
7930,2005-07-28 12:21:08,4181,320,2005-07-30 11:56:08,1,2006-02-16 02:30:53
7931,2005-07-28 12:23:41,1923,326,2005-08-06 09:49:41,2,2006-02-16 02:30:53
7932,2005-07-28 12:24:54,3738,462,2005-07-30 11:33:54,1,2006-02-16 02:30:53
7933,2005-07-28 12:27:27,3175,297,2005-07-29 10:34:27,2,2006-02-16 02:30:53
7934,2005-07-28 12:33:10,2642,332,2005-08-04 07:40:10,2,2006-02-16 02:30:53
7935,2005-07-28 12:33:17,3664,462,2005-08-04 14:40:17,2,2006-02-16 02:30:53
7936,2005-07-28 12:33:21,563,520,2005-07-30 13:31:21,2,2006-02-16 02:30:53
7937,2005-07-28 12:38:22,3944,323,2005-07-29 09:19:22,1,2006-02-16 02:30:53
7938,2005-07-28 12:39:11,2579,114,2005-08-04 16:56:11,1,2006-02-16 02:30:53
7939,2005-07-28 12:45:47,2004,37,2005-07-30 18:32:47,2,2006-02-16 02:30:53
7940,2005-07-28 12:46:47,901,409,2005-07-29 06:46:47,2,2006-02-16 02:30:53
7941,2005-07-28 12:47:20,439,566,2005-08-01 08:46:20,1,2006-02-16 02:30:53
7942,2005-07-28 12:49:44,1636,56,2005-07-31 18:07:44,2,2006-02-16 02:30:53
7943,2005-07-28 12:50:55,2914,346,2005-08-04 11:29:55,2,2006-02-16 02:30:53
7944,2005-07-28 12:51:22,3148,504,2005-07-30 12:19:22,1,2006-02-16 02:30:53
7945,2005-07-28 12:53:58,3326,316,2005-08-03 14:04:58,1,2006-02-16 02:30:53
7946,2005-07-28 13:01:22,99,90,2005-08-03 15:27:22,2,2006-02-16 02:30:53
7947,2005-07-28 13:05:50,2504,279,2005-08-02 11:16:50,2,2006-02-16 02:30:53
7948,2005-07-28 13:06:16,215,589,2005-08-05 08:38:16,1,2006-02-16 02:30:53
7949,2005-07-28 13:07:24,2145,487,2005-08-02 09:41:24,1,2006-02-16 02:30:53
7950,2005-07-28 13:21:00,2286,122,2005-08-05 18:47:00,2,2006-02-16 02:30:53
7951,2005-07-28 13:21:16,3979,237,2005-08-06 08:21:16,1,2006-02-16 02:30:53
7952,2005-07-28 13:23:49,3313,158,2005-08-01 08:50:49,1,2006-02-16 02:30:53
7953,2005-07-28 13:24:32,4471,319,2005-08-05 16:09:32,2,2006-02-16 02:30:53
7954,2005-07-28 13:25:05,3735,145,2005-07-29 18:50:05,2,2006-02-16 02:30:53
7955,2005-07-28 13:31:36,1519,522,2005-07-30 10:03:36,1,2006-02-16 02:30:53
7956,2005-07-28 13:32:17,4335,118,2005-08-06 14:51:17,2,2006-02-16 02:30:53
7957,2005-07-28 13:34:08,1623,78,2005-08-05 07:58:08,1,2006-02-16 02:30:53
7958,2005-07-28 13:34:34,421,593,2005-07-29 16:03:34,1,2006-02-16 02:30:53
7959,2005-07-28 13:43:20,1549,178,2005-08-02 12:13:20,2,2006-02-16 02:30:53
7960,2005-07-28 13:47:08,2718,324,2005-08-03 15:17:08,1,2006-02-16 02:30:53
7961,2005-07-28 13:47:21,3284,45,2005-08-01 09:33:21,1,2006-02-16 02:30:53
7962,2005-07-28 13:48:09,1746,126,2005-08-03 19:21:09,1,2006-02-16 02:30:53
7963,2005-07-28 13:48:38,921,247,2005-08-06 19:37:38,2,2006-02-16 02:30:53
7964,2005-07-28 13:49:58,2528,574,2005-08-03 10:03:58,2,2006-02-16 02:30:53
7965,2005-07-28 13:52:57,3671,134,2005-07-29 14:54:57,1,2006-02-16 02:30:53
7966,2005-07-28 13:53:54,2514,91,2005-08-06 15:32:54,1,2006-02-16 02:30:53
7967,2005-07-28 13:56:51,2040,187,2005-08-03 19:38:51,1,2006-02-16 02:30:53
7968,2005-07-28 13:57:35,3865,597,2005-08-04 13:40:35,1,2006-02-16 02:30:53
7969,2005-07-28 13:57:37,2224,123,2005-08-04 19:31:37,1,2006-02-16 02:30:53
7970,2005-07-28 13:58:38,998,507,2005-08-02 12:27:38,1,2006-02-16 02:30:53
7971,2005-07-28 14:00:47,1910,445,2005-08-02 10:01:47,1,2006-02-16 02:30:53
7972,2005-07-28 14:07:46,2930,269,2005-08-01 11:28:46,2,2006-02-16 02:30:53
7973,2005-07-28 14:10:06,3936,339,2005-07-29 11:26:06,2,2006-02-16 02:30:53
7974,2005-07-28 14:11:57,2442,380,2005-08-02 19:25:57,2,2006-02-16 02:30:53
7975,2005-07-28 14:12:47,2565,211,2005-08-05 09:18:47,1,2006-02-16 02:30:53
7976,2005-07-28 14:13:24,2296,205,2005-08-05 09:01:24,1,2006-02-16 02:30:53
7977,2005-07-28 14:15:54,3162,389,2005-08-01 18:58:54,2,2006-02-16 02:30:53
7978,2005-07-28 14:16:14,508,431,2005-08-01 12:53:14,2,2006-02-16 02:30:53
7979,2005-07-28 14:16:30,3303,94,2005-08-03 09:39:30,2,2006-02-16 02:30:53
7980,2005-07-28 14:16:49,1019,329,2005-08-05 09:20:49,1,2006-02-16 02:30:53
7981,2005-07-28 14:18:25,90,392,2005-08-04 15:21:25,2,2006-02-16 02:30:53
7982,2005-07-28 14:19:59,668,71,2005-07-29 14:09:59,2,2006-02-16 02:30:53
7983,2005-07-28 14:23:01,1836,115,2005-07-29 11:51:01,1,2006-02-16 02:30:53
7984,2005-07-28 14:27:51,2893,208,2005-08-04 17:34:51,1,2006-02-16 02:30:53
7985,2005-07-28 14:29:01,4022,388,2005-08-03 17:20:01,2,2006-02-16 02:30:53
7986,2005-07-28 14:30:13,1283,395,2005-08-05 09:35:13,1,2006-02-16 02:30:53
7987,2005-07-28 14:36:52,288,443,2005-08-05 16:49:52,2,2006-02-16 02:30:53
7988,2005-07-28 14:37:18,2906,517,2005-08-05 10:53:18,1,2006-02-16 02:30:53
7989,2005-07-28 14:39:05,3196,149,2005-08-05 13:58:05,2,2006-02-16 02:30:53
7990,2005-07-28 14:43:08,188,232,2005-08-01 10:51:08,2,2006-02-16 02:30:53
7991,2005-07-28 14:45:45,1133,59,2005-07-29 15:05:45,2,2006-02-16 02:30:53
7992,2005-07-28 14:53:06,1851,33,2005-07-29 18:17:06,1,2006-02-16 02:30:53
7993,2005-07-28 14:56:41,2926,353,2005-08-01 17:01:41,2,2006-02-16 02:30:53
7994,2005-07-28 14:56:54,2431,21,2005-07-30 09:56:54,2,2006-02-16 02:30:53
7995,2005-07-28 15:00:09,536,89,2005-08-01 12:33:09,2,2006-02-16 02:30:53
7996,2005-07-28 15:00:49,2171,408,2005-08-04 20:58:49,2,2006-02-16 02:30:53
7997,2005-07-28 15:02:25,1845,591,2005-08-04 14:35:25,1,2006-02-16 02:30:53
7998,2005-07-28 15:08:48,1397,598,2005-07-31 16:14:48,2,2006-02-16 02:30:53
7999,2005-07-28 15:10:14,2750,170,2005-08-06 17:08:14,2,2006-02-16 02:30:53
8000,2005-07-28 15:10:25,1644,212,2005-08-06 19:15:25,1,2006-02-16 02:30:53
8001,2005-07-28 15:10:55,2570,10,2005-08-05 18:23:55,1,2006-02-16 02:30:53
8002,2005-07-28 15:11:00,22,449,2005-07-31 15:46:00,2,2006-02-16 02:30:53
8003,2005-07-28 15:11:27,2775,89,2005-08-04 18:35:27,1,2006-02-16 02:30:53
8004,2005-07-28 15:14:07,4428,393,2005-07-30 19:32:07,2,2006-02-16 02:30:53
8005,2005-07-28 15:15:11,670,488,2005-07-29 14:54:11,1,2006-02-16 02:30:53
8006,2005-07-28 15:15:41,3959,109,2005-08-05 19:29:41,2,2006-02-16 02:30:53
8007,2005-07-28 15:22:27,1942,525,2005-07-30 13:06:27,2,2006-02-16 02:30:53
8008,2005-07-28 15:25:55,2093,41,2005-08-04 13:16:55,1,2006-02-16 02:30:53
8009,2005-07-28 15:25:58,337,372,2005-08-04 10:16:58,2,2006-02-16 02:30:53
8010,2005-07-28 15:26:20,68,467,2005-08-04 18:39:20,2,2006-02-16 02:30:53
8011,2005-07-28 15:26:39,4274,497,2005-07-30 13:59:39,1,2006-02-16 02:30:53
8012,2005-07-28 15:29:00,1513,343,2005-08-05 12:28:00,2,2006-02-16 02:30:53
8013,2005-07-28 15:30:26,2074,403,2005-08-05 16:29:26,1,2006-02-16 02:30:53
8014,2005-07-28 15:32:07,2339,11,2005-07-31 20:52:07,1,2006-02-16 02:30:53
8015,2005-07-28 15:33:03,1814,23,2005-07-30 15:32:03,2,2006-02-16 02:30:53
8016,2005-07-28 15:35:41,516,391,2005-07-30 20:06:41,2,2006-02-16 02:30:53
8017,2005-07-28 15:35:41,1764,328,2005-08-01 19:12:41,1,2006-02-16 02:30:53
8018,2005-07-28 15:36:48,4129,377,2005-08-06 20:04:48,1,2006-02-16 02:30:53
8019,2005-07-28 15:37:43,1844,84,2005-08-04 15:40:43,2,2006-02-16 02:30:53
8020,2005-07-28 15:43:32,4459,498,2005-08-05 12:19:32,1,2006-02-16 02:30:53
8021,2005-07-28 15:45:24,1920,501,2005-08-04 10:49:24,1,2006-02-16 02:30:53
8022,2005-07-28 15:48:56,294,314,2005-08-06 13:40:56,1,2006-02-16 02:30:53
8023,2005-07-28 15:53:29,2133,411,2005-07-31 12:26:29,1,2006-02-16 02:30:53
8024,2005-07-28 15:55:40,1735,90,2005-08-02 09:56:40,1,2006-02-16 02:30:53
8025,2005-07-28 16:03:27,2932,421,2005-08-03 21:58:27,2,2006-02-16 02:30:53
8026,2005-07-28 16:05:38,4225,511,2005-07-29 21:28:38,2,2006-02-16 02:30:53
8027,2005-07-28 16:09:57,1335,436,2005-08-05 18:17:57,1,2006-02-16 02:30:53
8028,2005-07-28 16:11:15,2715,137,2005-08-05 15:11:15,1,2006-02-16 02:30:53
8029,2005-07-28 16:11:21,4273,61,2005-08-05 13:52:21,1,2006-02-16 02:30:53
8030,2005-07-28 16:12:53,2633,30,2005-07-31 17:15:53,1,2006-02-16 02:30:53
8031,2005-07-28 16:15:49,2196,40,2005-08-02 18:27:49,2,2006-02-16 02:30:53
8032,2005-07-28 16:17:00,431,230,2005-07-29 13:32:00,1,2006-02-16 02:30:53
8033,2005-07-28 16:18:23,4268,1,2005-07-30 17:56:23,1,2006-02-16 02:30:53
8034,2005-07-28 16:20:26,1997,502,2005-08-04 19:11:26,2,2006-02-16 02:30:53
8035,2005-07-28 16:23:01,1503,14,2005-08-05 10:52:01,1,2006-02-16 02:30:53
8036,2005-07-28 16:27:43,2741,412,2005-08-01 13:41:43,2,2006-02-16 02:30:53
8037,2005-07-28 16:31:20,3973,409,2005-07-31 12:18:20,2,2006-02-16 02:30:53
8038,2005-07-28 16:32:55,1225,30,2005-07-30 21:08:55,1,2006-02-16 02:30:53
8039,2005-07-28 16:35:16,1996,203,2005-07-30 14:49:16,1,2006-02-16 02:30:53
8040,2005-07-28 16:39:43,4543,163,2005-08-02 20:00:43,2,2006-02-16 02:30:53
8041,2005-07-28 16:39:56,763,357,2005-07-30 18:44:56,1,2006-02-16 02:30:53
8042,2005-07-28 16:45:11,4325,14,2005-08-04 17:16:11,2,2006-02-16 02:30:53
8043,2005-07-28 16:45:44,208,577,2005-08-01 12:26:44,1,2006-02-16 02:30:53
8044,2005-07-28 16:49:12,879,442,2005-08-02 22:41:12,1,2006-02-16 02:30:53
8045,2005-07-28 16:49:38,3427,368,2005-08-03 15:42:38,1,2006-02-16 02:30:53
8046,2005-07-28 16:49:41,2873,120,2005-07-31 21:33:41,1,2006-02-16 02:30:53
8047,2005-07-28 16:49:43,2936,292,2005-08-03 14:48:43,2,2006-02-16 02:30:53
8048,2005-07-28 16:50:26,2721,182,2005-08-06 19:20:26,1,2006-02-16 02:30:53
8049,2005-07-28 16:51:58,673,42,2005-07-31 22:18:58,1,2006-02-16 02:30:53
8050,2005-07-28 16:55:47,1864,488,2005-08-02 13:20:47,1,2006-02-16 02:30:53
8051,2005-07-28 16:56:16,4405,192,2005-07-29 22:48:16,1,2006-02-16 02:30:53
8052,2005-07-28 16:57:31,2460,166,2005-08-03 18:03:31,2,2006-02-16 02:30:53
8053,2005-07-28 16:59:41,1511,526,2005-08-03 22:28:41,2,2006-02-16 02:30:53
8054,2005-07-28 17:02:18,1062,225,2005-08-06 11:55:18,1,2006-02-16 02:30:53
8055,2005-07-28 17:02:32,4162,304,2005-07-31 22:05:32,2,2006-02-16 02:30:53
8056,2005-07-28 17:04:15,4018,589,2005-08-03 19:11:15,2,2006-02-16 02:30:53
8057,2005-07-28 17:07:13,4177,483,2005-08-03 16:25:13,1,2006-02-16 02:30:53
8058,2005-07-28 17:07:49,2148,404,2005-08-03 22:57:49,1,2006-02-16 02:30:53
8059,2005-07-28 17:09:59,2611,372,2005-07-31 15:42:59,2,2006-02-16 02:30:53
8060,2005-07-28 17:10:02,3765,577,2005-08-05 17:11:02,1,2006-02-16 02:30:53
8061,2005-07-28 17:12:53,650,467,2005-08-05 13:56:53,2,2006-02-16 02:30:53
8062,2005-07-28 17:15:06,1384,317,2005-07-30 16:56:06,2,2006-02-16 02:30:53
8063,2005-07-28 17:15:11,935,163,2005-08-04 16:45:11,1,2006-02-16 02:30:53
8064,2005-07-28 17:15:38,3788,488,2005-08-04 18:04:38,2,2006-02-16 02:30:53
8065,2005-07-28 17:15:48,413,220,2005-08-04 15:49:48,2,2006-02-16 02:30:53
8066,2005-07-28 17:20:09,3208,462,2005-07-31 18:36:09,2,2006-02-16 02:30:53
8067,2005-07-28 17:20:17,3923,209,2005-07-29 21:55:17,1,2006-02-16 02:30:53
8068,2005-07-28 17:22:28,209,216,2005-07-29 12:24:28,2,2006-02-16 02:30:53
8069,2005-07-28 17:23:46,2822,178,2005-07-30 16:19:46,1,2006-02-16 02:30:53
8070,2005-07-28 17:26:56,1606,89,2005-08-01 17:33:56,1,2006-02-16 02:30:53
8071,2005-07-28 17:27:48,2582,131,2005-08-03 11:48:48,2,2006-02-16 02:30:53
8072,2005-07-28 17:27:59,2347,99,2005-07-30 19:08:59,1,2006-02-16 02:30:53
8073,2005-07-28 17:29:02,630,314,2005-08-01 22:17:02,2,2006-02-16 02:30:53
8074,2005-07-28 17:33:39,1558,1,2005-07-29 20:17:39,1,2006-02-16 02:30:53
8075,2005-07-28 17:37:28,2175,61,2005-07-29 11:56:28,2,2006-02-16 02:30:53
8076,2005-07-28 17:45:58,214,17,2005-08-04 18:07:58,2,2006-02-16 02:30:53
8077,2005-07-28 17:54:35,3253,122,2005-07-29 19:28:35,2,2006-02-16 02:30:53
8078,2005-07-28 17:54:42,3839,407,2005-07-30 18:18:42,2,2006-02-16 02:30:53
8079,2005-07-28 17:58:36,3564,432,2005-07-29 14:48:36,2,2006-02-16 02:30:53
8080,2005-07-28 18:05:06,3035,406,2005-07-29 22:44:06,2,2006-02-16 02:30:53
8081,2005-07-28 18:06:46,4404,362,2005-08-04 18:54:46,1,2006-02-16 02:30:53
8082,2005-07-28 18:08:02,3089,423,2005-08-04 14:33:02,2,2006-02-16 02:30:53
8083,2005-07-28 18:09:48,2187,30,2005-08-04 21:47:48,2,2006-02-16 02:30:53
8084,2005-07-28 18:11:58,911,571,2005-08-03 23:41:58,2,2006-02-16 02:30:53
8085,2005-07-28 18:13:15,3059,552,2005-08-04 13:45:15,2,2006-02-16 02:30:53
8086,2005-07-28 18:17:14,1182,3,2005-07-30 18:22:14,2,2006-02-16 02:30:53
8087,2005-07-28 18:21:16,1913,295,2005-08-03 12:38:16,2,2006-02-16 02:30:53
8088,2005-07-28 18:23:49,2590,343,2005-08-06 23:25:49,2,2006-02-16 02:30:53
8089,2005-07-28 18:26:47,1414,50,2005-08-03 21:28:47,1,2006-02-16 02:30:53
8090,2005-07-28 18:27:29,1336,387,2005-08-02 14:08:29,2,2006-02-16 02:30:53
8091,2005-07-28 18:27:29,3025,126,2005-08-01 19:45:29,2,2006-02-16 02:30:53
8092,2005-07-28 18:28:07,2034,167,2005-07-30 19:17:07,2,2006-02-16 02:30:53
8093,2005-07-28 18:29:16,1427,533,2005-08-05 21:49:16,1,2006-02-16 02:30:53
8094,2005-07-28 18:30:28,4276,432,2005-08-05 17:37:28,2,2006-02-16 02:30:53
8095,2005-07-28 18:32:40,2685,42,2005-08-06 23:45:40,1,2006-02-16 02:30:53
8096,2005-07-28 18:32:46,502,506,2005-08-06 15:00:46,1,2006-02-16 02:30:53
8097,2005-07-28 18:32:49,2719,436,2005-08-06 16:09:49,1,2006-02-16 02:30:53
8098,2005-07-28 18:34:20,1757,41,2005-07-31 19:07:20,2,2006-02-16 02:30:53
8099,2005-07-28 18:35:12,3694,36,2005-07-30 15:44:12,2,2006-02-16 02:30:53
8100,2005-07-28 18:43:11,2859,11,2005-08-02 15:56:11,2,2006-02-16 02:30:53
8101,2005-07-28 18:47:23,731,6,2005-07-31 16:23:23,1,2006-02-16 02:30:53
8102,2005-07-28 18:49:43,4505,237,2005-08-03 23:04:43,2,2006-02-16 02:30:53
8103,2005-07-28 18:50:14,4472,397,2005-08-04 16:53:14,1,2006-02-16 02:30:53
8104,2005-07-28 18:59:36,1080,533,2005-08-03 22:05:36,2,2006-02-16 02:30:53
8105,2005-07-28 18:59:46,1316,314,2005-07-29 22:51:46,1,2006-02-16 02:30:53
8106,2005-07-28 19:02:46,963,137,2005-07-30 20:48:46,2,2006-02-16 02:30:53
8107,2005-07-28 19:03:16,1318,518,2005-08-05 17:18:16,2,2006-02-16 02:30:53
8108,2005-07-28 19:07:38,1600,295,2005-08-03 15:13:38,2,2006-02-16 02:30:53
8109,2005-07-28 19:07:44,652,407,2005-07-31 14:59:44,1,2006-02-16 02:30:53
8110,2005-07-28 19:07:45,1244,225,2005-08-04 22:12:45,1,2006-02-16 02:30:53
8111,2005-07-28 19:10:03,3226,148,2005-07-29 22:25:03,1,2006-02-16 02:30:53
8112,2005-07-28 19:11:07,2444,528,2005-08-03 18:41:07,1,2006-02-16 02:30:53
8113,2005-07-28 19:14:00,4269,541,2005-08-06 00:05:00,2,2006-02-16 02:30:53
8114,2005-07-28 19:14:06,815,509,2005-08-05 13:16:06,1,2006-02-16 02:30:53
8115,2005-07-28 19:14:17,2080,106,2005-08-03 14:58:17,2,2006-02-16 02:30:53
8116,2005-07-28 19:20:07,4497,1,2005-07-29 22:54:07,1,2006-02-16 02:30:53
8117,2005-07-28 19:20:16,1502,300,2005-08-05 23:55:16,1,2006-02-16 02:30:53
8118,2005-07-28 19:22:22,331,566,2005-08-01 22:13:22,1,2006-02-16 02:30:53
8119,2005-07-28 19:23:15,1542,398,2005-08-04 15:53:15,2,2006-02-16 02:30:53
8120,2005-07-28 19:24:24,3993,235,2005-07-31 14:31:24,2,2006-02-16 02:30:53
8121,2005-07-28 19:25:45,2229,363,2005-08-02 13:30:45,2,2006-02-16 02:30:53
8122,2005-07-28 19:27:37,2141,18,2005-07-29 19:48:37,2,2006-02-16 02:30:53
8123,2005-07-28 19:28:23,2256,138,2005-08-04 19:41:23,1,2006-02-16 02:30:53
8124,2005-07-28 19:28:58,1187,357,2005-07-31 00:45:58,1,2006-02-16 02:30:53
8125,2005-07-28 19:31:48,4330,96,2005-07-30 01:09:48,1,2006-02-16 02:30:53
8126,2005-07-28 19:32:41,719,537,2005-08-05 00:33:41,2,2006-02-16 02:30:53
8127,2005-07-28 19:45:19,4265,20,2005-07-31 22:07:19,2,2006-02-16 02:30:53
8128,2005-07-28 19:46:06,2872,71,2005-08-06 16:10:06,2,2006-02-16 02:30:53
8129,2005-07-28 19:47:02,2546,345,2005-07-31 21:33:02,2,2006-02-16 02:30:53
8130,2005-07-28 19:48:15,4055,499,2005-08-05 14:18:15,2,2006-02-16 02:30:53
8131,2005-07-28 19:55:21,437,281,2005-08-02 21:52:21,2,2006-02-16 02:30:53
8132,2005-07-28 19:57:31,1303,562,2005-08-02 22:16:31,2,2006-02-16 02:30:53
8133,2005-07-28 20:01:06,849,461,2005-08-01 20:01:06,1,2006-02-16 02:30:53
8134,2005-07-28 20:01:23,1695,41,2005-08-03 01:00:23,2,2006-02-16 02:30:53
8135,2005-07-28 20:03:25,1339,164,2005-08-03 01:28:25,2,2006-02-16 02:30:53
8136,2005-07-28 20:05:48,3434,429,2005-08-01 20:31:48,2,2006-02-16 02:30:53
8137,2005-07-28 20:07:18,3188,312,2005-08-03 17:41:18,1,2006-02-16 02:30:53
8138,2005-07-28 20:12:17,1258,371,2005-08-01 15:21:17,2,2006-02-16 02:30:53
8139,2005-07-28 20:16:30,3651,177,2005-08-03 18:00:30,2,2006-02-16 02:30:53
8140,2005-07-28 20:17:50,4270,119,2005-07-30 18:07:50,1,2006-02-16 02:30:53
8141,2005-07-28 20:21:19,361,523,2005-07-30 19:16:19,2,2006-02-16 02:30:53
8142,2005-07-28 20:21:54,1075,322,2005-07-31 18:39:54,2,2006-02-16 02:30:53
8143,2005-07-28 20:23:11,3629,429,2005-08-01 18:17:11,1,2006-02-16 02:30:53
8144,2005-07-28 20:30:55,3556,320,2005-07-31 18:10:55,2,2006-02-16 02:30:53
8145,2005-07-28 20:34:41,937,198,2005-08-05 15:28:41,2,2006-02-16 02:30:53
8146,2005-07-28 20:37:36,2430,476,2005-07-31 16:03:36,2,2006-02-16 02:30:53
8147,2005-07-28 20:37:56,628,228,2005-07-30 18:26:56,1,2006-02-16 02:30:53
8148,2005-07-28 20:39:47,537,347,2005-08-02 16:29:47,1,2006-02-16 02:30:53
8149,2005-07-28 20:48:12,1790,591,2005-08-01 20:07:12,2,2006-02-16 02:30:53
8150,2005-07-28 20:50:41,3489,497,2005-08-02 00:43:41,1,2006-02-16 02:30:53
8151,2005-07-28 20:50:52,4370,495,2005-07-31 14:50:52,1,2006-02-16 02:30:53
8152,2005-07-28 20:53:05,2557,46,2005-08-06 20:03:05,2,2006-02-16 02:30:53
8153,2005-07-28 20:55:49,2173,347,2005-08-01 15:56:49,2,2006-02-16 02:30:53
8154,2005-07-28 20:56:18,1180,285,2005-08-01 21:56:18,2,2006-02-16 02:30:53
8155,2005-07-28 20:57:06,3023,428,2005-08-02 18:40:06,2,2006-02-16 02:30:53
8156,2005-07-28 20:59:04,1977,257,2005-08-01 01:52:04,1,2006-02-16 02:30:53
8157,2005-07-28 21:06:45,915,566,2005-08-04 16:06:45,1,2006-02-16 02:30:53
8158,2005-07-28 21:08:46,4327,458,2005-08-01 21:50:46,2,2006-02-16 02:30:53
8159,2005-07-28 21:09:28,1118,47,2005-08-04 15:34:28,1,2006-02-16 02:30:53
8160,2005-07-28 21:10:30,2446,138,2005-08-05 16:52:30,2,2006-02-16 02:30:53
8161,2005-07-28 21:11:00,848,555,2005-08-03 23:32:00,1,2006-02-16 02:30:53
8162,2005-07-28 21:11:46,4393,107,2005-08-04 18:26:46,1,2006-02-16 02:30:53
8163,2005-07-28 21:11:48,1919,157,2005-07-31 18:30:48,1,2006-02-16 02:30:53
8164,2005-07-28 21:17:19,1674,461,2005-07-30 21:12:19,2,2006-02-16 02:30:53
8165,2005-07-28 21:23:06,3460,197,2005-08-01 21:32:06,1,2006-02-16 02:30:53
8166,2005-07-28 21:23:33,3906,42,2005-08-03 21:07:33,2,2006-02-16 02:30:53
8167,2005-07-28 21:25:45,3181,311,2005-08-04 18:04:45,1,2006-02-16 02:30:53
8168,2005-07-28 21:28:32,1120,365,2005-07-30 02:10:32,1,2006-02-16 02:30:53
8169,2005-07-28 21:29:46,4086,366,2005-08-06 22:29:46,1,2006-02-16 02:30:53
8170,2005-07-28 21:32:29,2495,40,2005-08-03 22:02:29,1,2006-02-16 02:30:53
8171,2005-07-28 21:32:57,3380,296,2005-07-30 21:19:57,1,2006-02-16 02:30:53
8172,2005-07-28 21:34:36,1237,329,2005-08-06 23:53:36,1,2006-02-16 02:30:53
8173,2005-07-28 21:35:44,4377,332,2005-08-06 19:15:44,2,2006-02-16 02:30:53
8174,2005-07-28 21:36:52,465,359,2005-08-04 00:32:52,1,2006-02-16 02:30:53
8175,2005-07-28 21:38:16,641,429,2005-08-07 01:34:16,2,2006-02-16 02:30:53
8176,2005-07-28 21:42:08,3527,347,2005-08-03 22:59:08,2,2006-02-16 02:30:53
8177,2005-07-28 21:43:54,3696,122,2005-08-02 22:38:54,2,2006-02-16 02:30:53
8178,2005-07-28 21:54:31,2825,503,2005-08-02 23:56:31,2,2006-02-16 02:30:53
8179,2005-07-28 22:05:13,2902,578,2005-07-30 21:57:13,2,2006-02-16 02:30:53
8180,2005-07-28 22:05:24,3236,281,2005-08-01 19:09:24,1,2006-02-16 02:30:53
8181,2005-07-28 22:18:38,357,522,2005-08-06 02:43:38,2,2006-02-16 02:30:53
8182,2005-07-28 22:19:12,4120,427,2005-08-01 22:40:12,2,2006-02-16 02:30:53
8183,2005-07-28 22:21:07,1545,119,2005-08-04 19:20:07,2,2006-02-16 02:30:53
8184,2005-07-28 22:22:35,1249,160,2005-07-31 19:30:35,1,2006-02-16 02:30:53
8185,2005-07-28 22:23:49,2452,568,2005-07-31 00:07:49,1,2006-02-16 02:30:53
8186,2005-07-28 22:30:27,4255,102,2005-07-31 21:08:27,1,2006-02-16 02:30:53
8187,2005-07-28 22:33:53,945,87,2005-08-03 03:54:53,1,2006-02-16 02:30:53
8188,2005-07-28 22:34:12,3826,10,2005-08-01 02:32:12,2,2006-02-16 02:30:53
8189,2005-07-28 22:36:26,3515,361,2005-08-04 00:12:26,2,2006-02-16 02:30:53
8190,2005-07-28 22:47:06,2290,267,2005-08-04 21:51:06,1,2006-02-16 02:30:53
8191,2005-07-28 22:47:14,1777,508,2005-07-31 23:13:14,2,2006-02-16 02:30:53
8192,2005-07-28 22:49:11,255,552,2005-07-30 04:13:11,1,2006-02-16 02:30:53
8193,2005-07-28 22:50:50,2402,15,2005-08-01 04:14:50,2,2006-02-16 02:30:53
8194,2005-07-28 22:51:44,1148,424,2005-07-29 17:13:44,1,2006-02-16 02:30:53
8195,2005-07-28 22:52:58,3989,590,2005-08-04 02:12:58,1,2006-02-16 02:30:53
8196,2005-07-28 22:56:11,3435,21,2005-08-06 04:53:11,1,2006-02-16 02:30:53
8197,2005-07-28 23:04:10,4126,407,2005-08-05 00:06:10,2,2006-02-16 02:30:53
8198,2005-07-28 23:08:05,1767,356,2005-08-06 00:43:05,2,2006-02-16 02:30:53
8199,2005-07-28 23:10:25,404,471,2005-08-04 23:30:25,1,2006-02-16 02:30:53
8200,2005-07-28 23:10:46,353,185,2005-07-29 18:35:46,1,2006-02-16 02:30:53
8201,2005-07-28 23:10:48,220,567,2005-08-01 00:50:48,2,2006-02-16 02:30:53
8202,2005-07-28 23:11:45,3802,75,2005-08-03 21:57:45,2,2006-02-16 02:30:53
8203,2005-07-28 23:14:56,3878,100,2005-07-31 04:19:56,2,2006-02-16 02:30:53
8204,2005-07-28 23:18:29,2472,398,2005-08-02 04:49:29,1,2006-02-16 02:30:53
8205,2005-07-28 23:18:48,2944,434,2005-07-30 00:37:48,2,2006-02-16 02:30:53
8206,2005-07-28 23:20:31,2979,422,2005-08-04 21:36:31,1,2006-02-16 02:30:53
8207,2005-07-28 23:26:31,1195,475,2005-08-06 03:26:31,1,2006-02-16 02:30:53
8208,2005-07-28 23:26:35,1362,530,2005-08-01 23:00:35,2,2006-02-16 02:30:53
8209,2005-07-28 23:29:28,2484,127,2005-08-07 04:22:28,2,2006-02-16 02:30:53
8210,2005-07-28 23:31:05,3424,300,2005-08-06 17:36:05,1,2006-02-16 02:30:53
8211,2005-07-28 23:34:22,1859,193,2005-08-04 21:18:22,1,2006-02-16 02:30:53
8212,2005-07-28 23:37:23,1305,159,2005-08-04 04:33:23,2,2006-02-16 02:30:53
8213,2005-07-28 23:37:33,3816,17,2005-07-31 00:32:33,2,2006-02-16 02:30:53
8214,2005-07-28 23:37:57,352,509,2005-08-07 00:29:57,2,2006-02-16 02:30:53
8215,2005-07-28 23:43:56,2921,437,2005-08-03 19:30:56,2,2006-02-16 02:30:53
8216,2005-07-28 23:43:59,2211,254,2005-08-06 05:05:59,1,2006-02-16 02:30:53
8217,2005-07-28 23:44:13,3747,206,2005-08-03 21:27:13,2,2006-02-16 02:30:53
8218,2005-07-28 23:45:41,2769,578,2005-08-02 00:14:41,1,2006-02-16 02:30:53
8219,2005-07-28 23:46:31,3609,227,2005-08-03 00:11:31,2,2006-02-16 02:30:53
8220,2005-07-28 23:46:41,1061,360,2005-07-31 22:14:41,2,2006-02-16 02:30:53
8221,2005-07-28 23:47:19,3138,496,2005-08-02 20:42:19,1,2006-02-16 02:30:53
8222,2005-07-28 23:51:53,2999,278,2005-08-05 22:48:53,1,2006-02-16 02:30:53
8223,2005-07-28 23:56:01,4508,282,2005-08-03 22:27:01,1,2006-02-16 02:30:53
8224,2005-07-28 23:59:02,1995,467,2005-08-02 04:54:02,1,2006-02-16 02:30:53
8225,2005-07-28 23:59:29,3631,41,2005-07-30 03:27:29,2,2006-02-16 02:30:53
8226,2005-07-29 00:01:04,3541,368,2005-08-01 19:08:04,2,2006-02-16 02:30:53
8227,2005-07-29 00:02:22,269,167,2005-07-31 04:05:22,1,2006-02-16 02:30:53
8228,2005-07-29 00:08:58,1955,72,2005-08-03 00:12:58,2,2006-02-16 02:30:53
8229,2005-07-29 00:09:08,4272,498,2005-07-31 19:29:08,2,2006-02-16 02:30:53
8230,2005-07-29 00:12:59,1937,2,2005-08-06 19:52:59,2,2006-02-16 02:30:53
8231,2005-07-29 00:14:37,1083,331,2005-07-31 19:12:37,1,2006-02-16 02:30:53
8232,2005-07-29 00:14:37,3255,526,2005-08-06 00:57:37,1,2006-02-16 02:30:53
8233,2005-07-29 00:16:23,1640,93,2005-08-03 05:17:23,2,2006-02-16 02:30:53
8234,2005-07-29 00:19:20,644,227,2005-08-03 19:16:20,2,2006-02-16 02:30:53
8235,2005-07-29 00:22:56,1581,320,2005-08-03 04:03:56,2,2006-02-16 02:30:53
8236,2005-07-29 00:27:04,1901,369,2005-07-31 05:02:04,2,2006-02-16 02:30:53
8237,2005-07-29 00:29:56,608,441,2005-08-06 03:10:56,1,2006-02-16 02:30:53
8238,2005-07-29 00:30:06,2941,320,2005-08-02 22:52:06,2,2006-02-16 02:30:53
8239,2005-07-29 00:31:39,3951,549,2005-07-29 19:33:39,1,2006-02-16 02:30:53
8240,2005-07-29 00:33:32,1975,509,2005-08-05 21:25:32,2,2006-02-16 02:30:53
8241,2005-07-29 00:33:36,4297,26,2005-08-03 01:31:36,1,2006-02-16 02:30:53
8242,2005-07-29 00:34:27,509,99,2005-08-05 23:13:27,2,2006-02-16 02:30:53
8243,2005-07-29 00:35:33,1873,481,2005-08-04 06:02:33,2,2006-02-16 02:30:53
8244,2005-07-29 00:35:34,1552,175,2005-08-05 04:18:34,2,2006-02-16 02:30:53
8245,2005-07-29 00:37:09,3330,555,2005-08-05 05:48:09,2,2006-02-16 02:30:53
8246,2005-07-29 00:38:41,1724,146,2005-08-05 06:28:41,2,2006-02-16 02:30:53
8247,2005-07-29 00:41:38,2607,539,2005-08-06 20:29:38,2,2006-02-16 02:30:53
8248,2005-07-29 00:41:56,2017,272,2005-08-05 18:53:56,2,2006-02-16 02:30:53
8249,2005-07-29 00:48:44,3331,57,2005-08-07 04:25:44,2,2006-02-16 02:30:53
8250,2005-07-29 00:49:15,4519,533,2005-08-04 02:53:15,1,2006-02-16 02:30:53
8251,2005-07-29 00:50:14,2317,408,2005-08-03 23:52:14,2,2006-02-16 02:30:53
8252,2005-07-29 00:54:17,3312,257,2005-07-31 20:34:17,1,2006-02-16 02:30:53
8253,2005-07-29 00:57:06,2388,76,2005-08-07 01:46:06,1,2006-02-16 02:30:53
8254,2005-07-29 00:59:31,1787,392,2005-08-03 23:43:31,2,2006-02-16 02:30:53
8255,2005-07-29 01:02:30,3715,224,2005-08-01 22:39:30,1,2006-02-16 02:30:53
8256,2005-07-29 01:02:42,1483,537,2005-07-31 22:29:42,2,2006-02-16 02:30:53
8257,2005-07-29 01:03:20,3024,566,2005-08-04 21:54:20,1,2006-02-16 02:30:53
8258,2005-07-29 01:03:42,1379,370,2005-08-04 22:08:42,2,2006-02-16 02:30:53
8259,2005-07-29 01:05:16,343,274,2005-08-01 23:27:16,2,2006-02-16 02:30:53
8260,2005-07-29 01:11:00,4249,366,2005-08-06 00:36:00,1,2006-02-16 02:30:53
8261,2005-07-29 01:11:05,1915,50,2005-08-04 03:13:05,2,2006-02-16 02:30:53
8262,2005-07-29 01:11:18,1341,563,2005-08-02 05:17:18,2,2006-02-16 02:30:53
8263,2005-07-29 01:11:23,28,5,2005-07-31 01:53:23,2,2006-02-16 02:30:53
8264,2005-07-29 01:18:50,2987,175,2005-08-03 05:31:50,2,2006-02-16 02:30:53
8265,2005-07-29 01:20:15,2389,409,2005-08-06 19:32:15,2,2006-02-16 02:30:53
8266,2005-07-29 01:20:16,1972,196,2005-07-30 04:31:16,1,2006-02-16 02:30:53
8267,2005-07-29 01:21:02,4107,131,2005-08-04 19:34:02,2,2006-02-16 02:30:53
8268,2005-07-29 01:23:23,4239,421,2005-08-05 01:36:23,1,2006-02-16 02:30:53
8269,2005-07-29 01:26:54,2778,376,2005-08-04 22:42:54,1,2006-02-16 02:30:53
8270,2005-07-29 01:27:22,3565,282,2005-07-29 20:55:22,1,2006-02-16 02:30:53
8271,2005-07-29 01:27:44,83,481,2005-08-07 05:01:44,2,2006-02-16 02:30:53
8272,2005-07-29 01:29:51,70,346,2005-08-03 21:56:51,2,2006-02-16 02:30:53
8273,2005-07-29 01:33:16,4244,532,2005-08-06 04:26:16,2,2006-02-16 02:30:53
8274,2005-07-29 01:34:32,2634,340,2005-08-01 20:15:32,2,2006-02-16 02:30:53
8275,2005-07-29 01:35:47,4432,336,2005-07-30 02:16:47,1,2006-02-16 02:30:53
8276,2005-07-29 01:38:43,2451,466,2005-08-03 23:00:43,1,2006-02-16 02:30:53
8277,2005-07-29 01:38:53,1296,13,2005-08-04 07:09:53,2,2006-02-16 02:30:53
8278,2005-07-29 01:42:55,768,265,2005-08-05 01:55:55,2,2006-02-16 02:30:53
8279,2005-07-29 01:43:37,3838,176,2005-08-03 02:36:37,1,2006-02-16 02:30:53
8280,2005-07-29 01:45:51,1208,195,2005-08-05 22:51:51,2,2006-02-16 02:30:53
8281,2005-07-29 01:46:00,899,441,2005-08-04 23:09:00,1,2006-02-16 02:30:53
8282,2005-07-29 01:49:04,980,462,2005-08-05 01:51:04,2,2006-02-16 02:30:53
8283,2005-07-29 01:52:22,2002,300,2005-08-05 03:22:22,2,2006-02-16 02:30:53
8284,2005-07-29 01:56:40,4371,446,2005-08-07 07:15:40,2,2006-02-16 02:30:53
8285,2005-07-29 02:00:18,678,56,2005-08-03 20:43:18,2,2006-02-16 02:30:53
8286,2005-07-29 02:02:46,4092,87,2005-08-06 06:00:46,1,2006-02-16 02:30:53
8287,2005-07-29 02:03:58,812,178,2005-08-07 02:11:58,1,2006-02-16 02:30:53
8288,2005-07-29 02:04:22,1822,55,2005-08-05 04:21:22,2,2006-02-16 02:30:53
8289,2005-07-29 02:23:24,4579,459,2005-08-06 03:23:24,2,2006-02-16 02:30:53
8290,2005-07-29 02:24:08,3823,462,2005-08-03 01:02:08,2,2006-02-16 02:30:53
8291,2005-07-29 02:28:25,2817,455,2005-08-03 20:57:25,2,2006-02-16 02:30:53
8292,2005-07-29 02:29:36,4003,192,2005-08-07 08:06:36,1,2006-02-16 02:30:53
8293,2005-07-29 02:30:50,831,71,2005-08-04 03:09:50,2,2006-02-16 02:30:53
8294,2005-07-29 02:32:41,1811,520,2005-08-02 06:28:41,1,2006-02-16 02:30:53
8295,2005-07-29 02:42:14,2065,406,2005-07-30 22:22:14,1,2006-02-16 02:30:53
8296,2005-07-29 02:43:25,2543,88,2005-08-01 00:23:25,1,2006-02-16 02:30:53
8297,2005-07-29 02:45:46,3774,349,2005-07-31 20:49:46,1,2006-02-16 02:30:53
8298,2005-07-29 02:47:36,952,493,2005-08-05 07:58:36,2,2006-02-16 02:30:53
8299,2005-07-29 02:56:00,1797,173,2005-07-30 22:35:00,2,2006-02-16 02:30:53
8300,2005-07-29 02:57:59,4364,222,2005-08-05 01:12:59,2,2006-02-16 02:30:53
8301,2005-07-29 03:00:08,562,101,2005-08-01 04:26:08,2,2006-02-16 02:30:53
8302,2005-07-29 03:01:24,1314,103,2005-07-30 01:08:24,2,2006-02-16 02:30:53
8303,2005-07-29 03:05:56,1620,574,2005-08-04 06:13:56,1,2006-02-16 02:30:53
8304,2005-07-29 03:08:30,4431,119,2005-08-02 03:04:30,2,2006-02-16 02:30:53
8305,2005-07-29 03:08:47,3916,566,2005-08-06 07:49:47,2,2006-02-16 02:30:53
8306,2005-07-29 03:12:26,1708,232,2005-08-01 23:26:26,1,2006-02-16 02:30:53
8307,2005-07-29 03:18:34,3197,39,2005-08-06 05:51:34,2,2006-02-16 02:30:53
8308,2005-07-29 03:22:15,601,582,2005-08-04 21:38:15,2,2006-02-16 02:30:53
8309,2005-07-29 03:22:20,2250,446,2005-08-01 06:30:20,1,2006-02-16 02:30:53
8310,2005-07-29 03:25:56,2637,238,2005-08-06 23:18:56,2,2006-02-16 02:30:53
8311,2005-07-29 03:26:07,3623,63,2005-08-02 01:46:07,1,2006-02-16 02:30:53
8312,2005-07-29 03:32:38,3996,143,2005-07-31 02:12:38,1,2006-02-16 02:30:53
8313,2005-07-29 03:34:21,2736,91,2005-08-02 01:32:21,1,2006-02-16 02:30:53
8314,2005-07-29 03:35:04,2182,118,2005-08-06 08:43:04,2,2006-02-16 02:30:53
8315,2005-07-29 03:37:07,1420,135,2005-07-29 23:22:07,2,2006-02-16 02:30:53
8316,2005-07-29 03:38:49,4118,549,2005-08-03 07:41:49,1,2006-02-16 02:30:53
8317,2005-07-29 03:39:07,3898,415,2005-08-03 00:14:07,1,2006-02-16 02:30:53
8318,2005-07-29 03:44:30,4524,167,2005-07-30 05:03:30,2,2006-02-16 02:30:53
8319,2005-07-29 03:44:52,747,280,2005-08-01 00:35:52,2,2006-02-16 02:30:53
8320,2005-07-29 03:49:58,1285,513,2005-08-03 01:00:58,1,2006-02-16 02:30:53
8321,2005-07-29 03:50:54,1875,354,2005-08-01 02:08:54,1,2006-02-16 02:30:53
8322,2005-07-29 03:52:49,301,541,2005-08-02 22:53:49,1,2006-02-16 02:30:53
8323,2005-07-29 03:52:59,2766,87,2005-08-06 01:49:59,2,2006-02-16 02:30:53
8324,2005-07-29 03:56:05,1467,98,2005-08-02 01:41:05,1,2006-02-16 02:30:53
8325,2005-07-29 03:57:27,932,362,2005-08-06 22:30:27,1,2006-02-16 02:30:53
8326,2005-07-29 03:58:49,108,1,2005-08-01 05:16:49,2,2006-02-16 02:30:53
8327,2005-07-29 04:00:52,2928,317,2005-07-31 08:27:52,1,2006-02-16 02:30:53
8328,2005-07-29 04:06:24,4454,314,2005-08-03 22:24:24,1,2006-02-16 02:30:53
8329,2005-07-29 04:06:33,3468,108,2005-08-06 01:46:33,1,2006-02-16 02:30:53
8330,2005-07-29 04:09:07,2294,412,2005-08-05 05:00:07,2,2006-02-16 02:30:53
8331,2005-07-29 04:13:29,18,148,2005-08-04 07:09:29,1,2006-02-16 02:30:53
8332,2005-07-29 04:16:00,1142,217,2005-08-03 03:34:00,1,2006-02-16 02:30:53
8333,2005-07-29 04:16:40,823,494,2005-08-02 10:10:40,2,2006-02-16 02:30:53
8334,2005-07-29 04:18:25,982,154,2005-08-07 07:18:25,2,2006-02-16 02:30:53
8335,2005-07-29 04:18:25,1719,143,2005-07-31 08:12:25,2,2006-02-16 02:30:53
8336,2005-07-29 04:20:42,2120,210,2005-08-05 10:17:42,1,2006-02-16 02:30:53
8337,2005-07-29 04:31:55,752,157,2005-08-02 02:38:55,2,2006-02-16 02:30:53
8338,2005-07-29 04:40:39,2257,389,2005-08-07 04:40:39,2,2006-02-16 02:30:53
8339,2005-07-29 04:41:13,1870,129,2005-07-30 09:01:13,2,2006-02-16 02:30:53
8340,2005-07-29 04:41:44,1553,386,2005-08-07 10:33:44,1,2006-02-16 02:30:53
8341,2005-07-29 04:42:01,4208,309,2005-08-04 00:58:01,1,2006-02-16 02:30:53
8342,2005-07-29 04:45:05,3301,572,2005-08-01 07:20:05,1,2006-02-16 02:30:53
8343,2005-07-29 04:45:16,4267,439,2005-08-02 03:37:16,1,2006-02-16 02:30:53
8344,2005-07-29 04:45:25,221,257,2005-08-06 01:53:25,1,2006-02-16 02:30:53
8345,2005-07-29 04:47:37,1034,129,2005-08-02 07:25:37,1,2006-02-16 02:30:53
8346,2005-07-29 04:48:22,2475,385,2005-08-01 04:22:22,1,2006-02-16 02:30:53
8347,2005-07-29 04:49:25,4407,157,2005-07-31 00:57:25,2,2006-02-16 02:30:53
8348,2005-07-29 04:49:26,4533,174,2005-08-05 03:26:26,2,2006-02-16 02:30:53
8349,2005-07-29 04:50:22,534,416,2005-08-05 08:50:22,1,2006-02-16 02:30:53
8350,2005-07-29 04:50:39,3726,513,2005-07-31 05:36:39,2,2006-02-16 02:30:53
8351,2005-07-29 04:50:53,2963,202,2005-07-30 07:28:53,2,2006-02-16 02:30:53
8352,2005-07-29 04:52:01,2710,168,2005-08-06 07:39:01,2,2006-02-16 02:30:53
8353,2005-07-29 04:52:10,26,585,2005-07-30 04:01:10,1,2006-02-16 02:30:53
8354,2005-07-29 04:56:26,4476,579,2005-08-01 08:04:26,2,2006-02-16 02:30:53
8355,2005-07-29 04:57:43,4569,270,2005-08-03 06:25:43,1,2006-02-16 02:30:53
8356,2005-07-29 04:58:56,2951,483,2005-08-06 03:07:56,1,2006-02-16 02:30:53
8357,2005-07-29 04:59:44,892,76,2005-08-01 04:26:44,1,2006-02-16 02:30:53
8358,2005-07-29 05:00:58,1449,372,2005-08-01 02:49:58,2,2006-02-16 02:30:53
8359,2005-07-29 05:02:12,140,531,2005-08-04 08:52:12,1,2006-02-16 02:30:53
8360,2005-07-29 05:08:00,4135,62,2005-08-02 00:40:00,1,2006-02-16 02:30:53
8361,2005-07-29 05:08:57,3404,360,2005-08-03 02:49:57,1,2006-02-16 02:30:53
8362,2005-07-29 05:09:11,2287,223,2005-08-04 00:08:11,2,2006-02-16 02:30:53
8363,2005-07-29 05:10:08,1607,302,2005-08-06 00:11:08,1,2006-02-16 02:30:53
8364,2005-07-29 05:10:31,1361,362,2005-07-30 04:02:31,2,2006-02-16 02:30:53
8365,2005-07-29 05:11:00,53,280,2005-07-30 05:30:00,2,2006-02-16 02:30:53
8366,2005-07-29 05:11:14,479,39,2005-08-05 01:48:14,1,2006-02-16 02:30:53
8367,2005-07-29 05:11:19,4551,383,2005-08-02 00:35:19,1,2006-02-16 02:30:53
8368,2005-07-29 05:15:41,1410,200,2005-08-07 01:35:41,1,2006-02-16 02:30:53
8369,2005-07-29 05:15:42,1456,507,2005-08-01 03:36:42,2,2006-02-16 02:30:53
8370,2005-07-29 05:16:21,1206,121,2005-08-06 23:16:21,1,2006-02-16 02:30:53
8371,2005-07-29 05:16:35,2466,396,2005-07-31 01:49:35,1,2006-02-16 02:30:53
8372,2005-07-29 05:18:08,754,523,2005-08-06 09:39:08,1,2006-02-16 02:30:53
8373,2005-07-29 05:19:53,2070,457,2005-08-04 04:39:53,1,2006-02-16 02:30:53
8374,2005-07-29 05:24:02,1084,589,2005-08-05 03:55:02,1,2006-02-16 02:30:53
8375,2005-07-29 05:25:30,3634,125,2005-08-04 01:43:30,2,2006-02-16 02:30:53
8376,2005-07-29 05:25:32,3588,43,2005-08-01 07:42:32,2,2006-02-16 02:30:53
8377,2005-07-29 05:27:40,270,73,2005-07-30 02:52:40,2,2006-02-16 02:30:53
8378,2005-07-29 05:28:35,3500,347,2005-08-02 05:55:35,1,2006-02-16 02:30:53
8379,2005-07-29 05:29:40,3907,193,2005-08-06 05:56:40,2,2006-02-16 02:30:53
8380,2005-07-29 05:31:29,2279,145,2005-08-02 01:27:29,1,2006-02-16 02:30:53
8381,2005-07-29 05:31:44,865,313,2005-07-31 09:20:44,1,2006-02-16 02:30:53
8382,2005-07-29 05:33:21,317,238,2005-08-03 03:38:21,1,2006-02-16 02:30:53
8383,2005-07-29 05:36:47,3809,495,2005-08-03 05:53:47,2,2006-02-16 02:30:53
8384,2005-07-29 05:38:43,3807,227,2005-08-01 07:31:43,2,2006-02-16 02:30:53
8385,2005-07-29 05:39:16,4108,233,2005-08-03 00:30:16,1,2006-02-16 02:30:53
8386,2005-07-29 05:45:30,388,435,2005-08-05 03:56:30,2,2006-02-16 02:30:53
8387,2005-07-29 05:47:27,910,428,2005-07-31 06:26:27,1,2006-02-16 02:30:53
8388,2005-07-29 05:48:15,770,178,2005-08-05 06:24:15,2,2006-02-16 02:30:53
8389,2005-07-29 05:50:09,1241,133,2005-08-06 05:15:09,2,2006-02-16 02:30:53
8390,2005-07-29 05:52:26,581,32,2005-08-04 08:12:26,2,2006-02-16 02:30:53
8391,2005-07-29 05:52:50,2134,36,2005-08-03 04:45:50,2,2006-02-16 02:30:53
8392,2005-07-29 06:00:27,1323,65,2005-08-02 00:30:27,2,2006-02-16 02:30:53
8393,2005-07-29 06:02:11,3369,504,2005-08-07 03:23:11,1,2006-02-16 02:30:53
8394,2005-07-29 06:02:14,3933,148,2005-08-03 08:15:14,1,2006-02-16 02:30:53
8395,2005-07-29 06:03:30,1471,535,2005-07-31 09:08:30,2,2006-02-16 02:30:53
8396,2005-07-29 06:07:00,3911,516,2005-07-30 05:32:00,2,2006-02-16 02:30:53
8397,2005-07-29 06:09:35,3542,518,2005-08-01 02:08:35,1,2006-02-16 02:30:53
8398,2005-07-29 06:12:40,348,220,2005-08-02 05:01:40,2,2006-02-16 02:30:53
8399,2005-07-29 06:20:18,233,286,2005-08-04 01:26:18,1,2006-02-16 02:30:53
8400,2005-07-29 06:23:56,3680,573,2005-07-31 02:41:56,2,2006-02-16 02:30:53
8401,2005-07-29 06:25:08,3121,232,2005-08-01 06:49:08,1,2006-02-16 02:30:53
8402,2005-07-29 06:25:45,186,47,2005-08-07 10:48:45,1,2006-02-16 02:30:53
8403,2005-07-29 06:26:39,1360,163,2005-08-02 05:37:39,1,2006-02-16 02:30:53
8404,2005-07-29 06:27:01,2086,65,2005-08-07 04:33:01,1,2006-02-16 02:30:53
8405,2005-07-29 06:28:19,2164,76,2005-08-07 08:14:19,2,2006-02-16 02:30:53
8406,2005-07-29 06:34:45,2047,274,2005-08-06 02:28:45,1,2006-02-16 02:30:53
8407,2005-07-29 06:37:02,2985,336,2005-08-04 03:13:02,1,2006-02-16 02:30:53
8408,2005-07-29 06:40:40,1841,90,2005-07-30 10:02:40,2,2006-02-16 02:30:53
8409,2005-07-29 06:41:22,4314,303,2005-07-31 11:21:22,1,2006-02-16 02:30:53
8410,2005-07-29 06:41:36,3448,277,2005-08-02 08:38:36,1,2006-02-16 02:30:53
8411,2005-07-29 06:44:23,3085,412,2005-08-07 03:56:23,1,2006-02-16 02:30:53
8412,2005-07-29 06:44:50,743,312,2005-08-06 05:04:50,1,2006-02-16 02:30:53
8413,2005-07-29 06:47:39,2762,104,2005-08-02 09:15:39,2,2006-02-16 02:30:53
8414,2005-07-29 06:48:35,1337,433,2005-08-06 10:54:35,2,2006-02-16 02:30:53
8415,2005-07-29 06:52:27,2903,128,2005-08-02 10:40:27,1,2006-02-16 02:30:53
8416,2005-07-29 06:52:54,1999,315,2005-08-05 09:50:54,2,2006-02-16 02:30:53
8417,2005-07-29 06:53:36,750,227,2005-08-06 09:31:36,2,2006-02-16 02:30:53
8418,2005-07-29 06:54:21,3081,355,2005-08-05 06:50:21,2,2006-02-16 02:30:53
8419,2005-07-29 06:54:48,4574,37,2005-08-06 05:02:48,1,2006-02-16 02:30:53
8420,2005-07-29 07:00:45,4184,376,2005-08-06 02:20:45,1,2006-02-16 02:30:53
8421,2005-07-29 07:00:47,3399,588,2005-08-02 08:03:47,2,2006-02-16 02:30:53
8422,2005-07-29 07:02:55,3104,7,2005-08-03 12:35:55,1,2006-02-16 02:30:53
8423,2005-07-29 07:02:57,187,468,2005-08-06 04:59:57,1,2006-02-16 02:30:53
8424,2005-07-29 07:06:03,366,138,2005-08-06 12:00:03,2,2006-02-16 02:30:53
8425,2005-07-29 07:06:21,3491,486,2005-08-05 07:57:21,2,2006-02-16 02:30:53
8426,2005-07-29 07:07:48,1840,564,2005-08-07 08:56:48,2,2006-02-16 02:30:53
8427,2005-07-29 07:08:36,1624,441,2005-07-30 11:54:36,2,2006-02-16 02:30:53
8428,2005-07-29 07:10:14,2545,398,2005-08-06 02:29:14,2,2006-02-16 02:30:53
8429,2005-07-29 07:11:49,2456,588,2005-07-31 02:45:49,1,2006-02-16 02:30:53
8430,2005-07-29 07:12:17,3377,219,2005-08-03 09:53:17,2,2006-02-16 02:30:53
8431,2005-07-29 07:12:48,1583,193,2005-08-01 10:03:48,1,2006-02-16 02:30:53
8432,2005-07-29 07:13:33,3896,572,2005-07-30 03:14:33,1,2006-02-16 02:30:53
8433,2005-07-29 07:19:16,1957,125,2005-08-05 03:29:16,1,2006-02-16 02:30:53
8434,2005-07-29 07:20:14,40,141,2005-07-30 08:50:14,2,2006-02-16 02:30:53
8435,2005-07-29 07:20:16,4462,520,2005-08-02 09:54:16,2,2006-02-16 02:30:53
8436,2005-07-29 07:21:20,2702,598,2005-07-31 12:56:20,2,2006-02-16 02:30:53
8437,2005-07-29 07:23:43,2118,96,2005-08-04 10:52:43,1,2006-02-16 02:30:53
8438,2005-07-29 07:25:42,720,97,2005-08-04 07:39:42,1,2006-02-16 02:30:53
8439,2005-07-29 07:28:43,182,224,2005-08-04 11:22:43,1,2006-02-16 02:30:53
8440,2005-07-29 07:31:26,489,175,2005-08-04 07:04:26,1,2006-02-16 02:30:53
8441,2005-07-29 07:33:05,1000,526,2005-08-04 04:00:05,2,2006-02-16 02:30:53
8442,2005-07-29 07:33:07,4345,185,2005-08-03 03:09:07,2,2006-02-16 02:30:53
8443,2005-07-29 07:33:12,1059,251,2005-08-02 01:36:12,2,2006-02-16 02:30:53
8444,2005-07-29 07:36:13,3329,213,2005-08-05 04:55:13,1,2006-02-16 02:30:53
8445,2005-07-29 07:37:48,2792,384,2005-08-04 10:43:48,1,2006-02-16 02:30:53
8446,2005-07-29 07:38:10,1593,235,2005-08-06 04:39:10,2,2006-02-16 02:30:53
8447,2005-07-29 07:38:14,930,11,2005-08-05 02:27:14,2,2006-02-16 02:30:53
8448,2005-07-29 07:41:54,4349,393,2005-08-02 13:12:54,1,2006-02-16 02:30:53
8449,2005-07-29 07:42:25,2610,273,2005-07-30 06:07:25,2,2006-02-16 02:30:53
8450,2005-07-29 07:44:05,484,401,2005-08-01 12:23:05,1,2006-02-16 02:30:53
8451,2005-07-29 07:44:56,3309,495,2005-08-06 02:29:56,1,2006-02-16 02:30:53
8452,2005-07-29 07:45:00,4312,16,2005-08-05 09:46:00,2,2006-02-16 02:30:53
8453,2005-07-29 07:46:29,2907,32,2005-07-30 07:07:29,1,2006-02-16 02:30:53
8454,2005-07-29 07:49:04,159,244,2005-08-03 04:43:04,2,2006-02-16 02:30:53
8455,2005-07-29 07:53:06,4043,404,2005-08-05 05:29:06,1,2006-02-16 02:30:53
8456,2005-07-29 07:58:31,671,388,2005-08-05 07:17:31,2,2006-02-16 02:30:53
8457,2005-07-29 07:59:03,3371,239,2005-08-04 08:42:03,1,2006-02-16 02:30:53
8458,2005-07-29 08:05:09,3857,317,2005-08-02 03:42:09,1,2006-02-16 02:30:53
8459,2005-07-29 08:05:40,3441,144,2005-08-04 03:24:40,1,2006-02-16 02:30:53
8460,2005-07-29 08:08:03,2826,329,2005-08-07 06:53:03,2,2006-02-16 02:30:53
8461,2005-07-29 08:11:31,3373,399,2005-08-06 09:23:31,1,2006-02-16 02:30:53
8462,2005-07-29 08:15:42,3633,200,2005-08-04 03:57:42,1,2006-02-16 02:30:53
8463,2005-07-29 08:17:51,466,203,2005-08-03 13:41:51,1,2006-02-16 02:30:53
8464,2005-07-29 08:18:20,2343,28,2005-08-03 04:50:20,2,2006-02-16 02:30:53
8465,2005-07-29 08:20:49,4109,238,2005-07-31 04:02:49,2,2006-02-16 02:30:53
8466,2005-07-29 08:24:47,4010,285,2005-07-31 03:43:47,1,2006-02-16 02:30:53
8467,2005-07-29 08:25:35,263,326,2005-08-07 03:28:35,2,2006-02-16 02:30:53
8468,2005-07-29 08:26:04,1338,282,2005-08-02 07:18:04,1,2006-02-16 02:30:53
8469,2005-07-29 08:26:27,2754,408,2005-08-05 04:26:27,2,2006-02-16 02:30:53
8470,2005-07-29 08:28:50,3717,159,2005-07-30 13:40:50,2,2006-02-16 02:30:53
8471,2005-07-29 08:32:11,1520,533,2005-08-01 13:55:11,1,2006-02-16 02:30:53
8472,2005-07-29 08:36:22,2975,196,2005-08-02 07:55:22,1,2006-02-16 02:30:53
8473,2005-07-29 08:36:53,4141,311,2005-07-31 12:14:53,1,2006-02-16 02:30:53
8474,2005-07-29 08:36:56,4346,323,2005-08-01 03:07:56,1,2006-02-16 02:30:53
8475,2005-07-29 08:37:41,3695,260,2005-08-04 10:03:41,2,2006-02-16 02:30:53
8476,2005-07-29 08:39:12,3741,470,2005-08-06 03:03:12,1,2006-02-16 02:30:53
8477,2005-07-29 08:40:36,3571,354,2005-08-06 08:28:36,2,2006-02-16 02:30:53
8478,2005-07-29 08:40:36,3742,162,2005-08-01 10:23:36,1,2006-02-16 02:30:53
8479,2005-07-29 08:42:04,1990,195,2005-08-01 03:10:04,1,2006-02-16 02:30:53
8480,2005-07-29 08:44:46,3512,467,2005-08-05 13:22:46,1,2006-02-16 02:30:53
8481,2005-07-29 08:45:57,1739,454,2005-08-01 12:50:57,2,2006-02-16 02:30:53
8482,2005-07-29 08:46:33,2686,405,2005-07-31 11:07:33,2,2006-02-16 02:30:53
8483,2005-07-29 08:50:18,2786,186,2005-08-03 06:46:18,1,2006-02-16 02:30:53
8484,2005-07-29 08:51:59,742,260,2005-07-30 09:07:59,1,2006-02-16 02:30:53
8485,2005-07-29 08:53:09,3172,420,2005-07-30 11:25:09,1,2006-02-16 02:30:53
8486,2005-07-29 08:53:38,1759,221,2005-08-01 14:12:38,2,2006-02-16 02:30:53
8487,2005-07-29 08:53:49,1893,82,2005-07-31 09:10:49,2,2006-02-16 02:30:53
8488,2005-07-29 08:57:38,2176,478,2005-08-02 04:16:38,1,2006-02-16 02:30:53
8489,2005-07-29 08:58:03,375,265,2005-08-02 07:50:03,2,2006-02-16 02:30:53
8490,2005-07-29 08:59:25,1943,367,2005-08-05 14:02:25,2,2006-02-16 02:30:53
8491,2005-07-29 09:02:13,1806,242,2005-08-03 04:32:13,1,2006-02-16 02:30:53
8492,2005-07-29 09:04:17,4553,266,2005-08-02 08:48:17,2,2006-02-16 02:30:53
8493,2005-07-29 09:04:31,664,390,2005-08-04 05:17:31,2,2006-02-16 02:30:53
8494,2005-07-29 09:04:32,3524,92,2005-07-31 10:30:32,1,2006-02-16 02:30:53
8495,2005-07-29 09:05:06,344,51,2005-08-06 05:48:06,2,2006-02-16 02:30:53
8496,2005-07-29 09:05:33,765,114,2005-08-02 06:32:33,1,2006-02-16 02:30:53
8497,2005-07-29 09:07:03,1837,593,2005-08-02 09:18:03,2,2006-02-16 02:30:53
8498,2005-07-29 09:07:38,4468,190,2005-08-04 07:01:38,1,2006-02-16 02:30:53
8499,2005-07-29 09:10:41,219,42,2005-08-05 10:01:41,1,2006-02-16 02:30:53
8500,2005-07-29 09:12:01,4516,348,2005-07-31 10:15:01,1,2006-02-16 02:30:53
8501,2005-07-29 09:12:51,1052,309,2005-07-30 11:19:51,2,2006-02-16 02:30:53
8502,2005-07-29 09:15:41,2149,457,2005-07-30 10:41:41,1,2006-02-16 02:30:53
8503,2005-07-29 09:16:50,1164,240,2005-08-04 11:34:50,2,2006-02-16 02:30:53
8504,2005-07-29 09:20:16,2295,561,2005-08-07 04:27:16,2,2006-02-16 02:30:53
8505,2005-07-29 09:22:52,1454,346,2005-08-06 05:23:52,1,2006-02-16 02:30:53
8506,2005-07-29 09:23:52,3714,506,2005-07-31 04:42:52,1,2006-02-16 02:30:53
8507,2005-07-29 09:29:44,3273,524,2005-08-07 05:48:44,2,2006-02-16 02:30:53
8508,2005-07-29 09:34:38,4173,484,2005-08-01 14:52:38,2,2006-02-16 02:30:53
8509,2005-07-29 09:38:19,1332,80,2005-08-04 11:45:19,1,2006-02-16 02:30:53
8510,2005-07-29 09:41:38,7,487,2005-08-05 05:30:38,2,2006-02-16 02:30:53
8511,2005-07-29 09:42:42,3667,598,2005-08-06 14:22:42,2,2006-02-16 02:30:53
8512,2005-07-29 09:48:03,4132,351,2005-07-31 13:40:03,1,2006-02-16 02:30:53
8513,2005-07-29 09:52:59,3156,142,2005-07-31 12:05:59,1,2006-02-16 02:30:53
8514,2005-07-29 09:53:33,3755,99,2005-07-30 06:34:33,2,2006-02-16 02:30:53
8515,2005-07-29 09:55:20,1071,477,2005-08-05 07:08:20,2,2006-02-16 02:30:53
8516,2005-07-29 10:00:03,981,337,2005-08-02 09:34:03,1,2006-02-16 02:30:53
8517,2005-07-29 10:00:48,2064,274,2005-08-06 14:37:48,2,2006-02-16 02:30:53
8518,2005-07-29 10:05:27,2311,385,2005-08-02 05:39:27,1,2006-02-16 02:30:53
8519,2005-07-29 10:09:43,1163,588,2005-08-03 08:14:43,2,2006-02-16 02:30:53
8520,2005-07-29 10:10:02,2440,103,2005-08-02 05:25:02,2,2006-02-16 02:30:53
8521,2005-07-29 10:12:45,2608,402,2005-08-07 04:37:45,2,2006-02-16 02:30:53
8522,2005-07-29 10:16:19,3636,363,2005-08-06 14:58:19,1,2006-02-16 02:30:53
8523,2005-07-29 10:18:27,3614,558,2005-08-04 09:31:27,1,2006-02-16 02:30:53
8524,2005-07-29 10:20:07,2110,124,2005-08-03 04:30:07,1,2006-02-16 02:30:53
8525,2005-07-29 10:20:19,1322,111,2005-07-30 05:49:19,2,2006-02-16 02:30:53
8526,2005-07-29 10:20:48,575,88,2005-08-03 14:15:48,1,2006-02-16 02:30:53
8527,2005-07-29 10:21:00,709,168,2005-08-05 16:05:00,2,2006-02-16 02:30:53
8528,2005-07-29 10:24:22,2107,428,2005-08-07 10:34:22,1,2006-02-16 02:30:53
8529,2005-07-29 10:24:31,1055,501,2005-08-01 16:06:31,1,2006-02-16 02:30:53
8530,2005-07-29 10:26:14,4528,233,2005-07-31 10:24:14,1,2006-02-16 02:30:53
8531,2005-07-29 10:26:15,1631,427,2005-08-06 09:28:15,1,2006-02-16 02:30:53
8532,2005-07-29 10:26:56,3045,546,2005-08-02 13:23:56,2,2006-02-16 02:30:53
8533,2005-07-29 10:29:16,551,542,2005-08-01 06:52:16,1,2006-02-16 02:30:53
8534,2005-07-29 10:30:13,4029,516,2005-08-02 04:47:13,1,2006-02-16 02:30:53
8535,2005-07-29 10:32:33,4489,536,2005-07-31 05:46:33,1,2006-02-16 02:30:53
8536,2005-07-29 10:37:23,4510,219,2005-07-31 07:21:23,2,2006-02-16 02:30:53
8537,2005-07-29 10:44:54,1012,447,2005-08-06 14:55:54,2,2006-02-16 02:30:53
8538,2005-07-29 10:45:17,3768,500,2005-08-04 15:12:17,1,2006-02-16 02:30:53
8539,2005-07-29 10:48:24,599,325,2005-07-30 06:29:24,2,2006-02-16 02:30:53
8540,2005-07-29 10:52:51,539,180,2005-08-07 11:44:51,2,2006-02-16 02:30:53
8541,2005-07-29 10:55:01,976,340,2005-07-31 10:53:01,1,2006-02-16 02:30:53
8542,2005-07-29 11:01:50,792,213,2005-07-30 08:19:50,1,2006-02-16 02:30:53
8543,2005-07-29 11:01:57,403,346,2005-08-03 06:03:57,1,2006-02-16 02:30:53
8544,2005-07-29 11:02:08,412,542,2005-08-06 15:06:08,2,2006-02-16 02:30:53
8545,2005-07-29 11:07:04,3261,3,2005-08-06 13:30:04,2,2006-02-16 02:30:53
8546,2005-07-29 11:08:48,3224,418,2005-08-03 16:50:48,2,2006-02-16 02:30:53
8547,2005-07-29 11:10:15,875,438,2005-08-03 12:50:15,1,2006-02-16 02:30:53
8548,2005-07-29 11:11:33,3366,14,2005-08-04 11:52:33,2,2006-02-16 02:30:53
8549,2005-07-29 11:12:13,1866,206,2005-08-06 06:04:13,2,2006-02-16 02:30:53
8550,2005-07-29 11:12:37,1340,70,2005-07-30 15:05:37,2,2006-02-16 02:30:53
8551,2005-07-29 11:13:11,2083,340,2005-08-05 05:17:11,2,2006-02-16 02:30:53
8552,2005-07-29 11:14:02,1987,490,2005-08-05 14:13:02,2,2006-02-16 02:30:53
8553,2005-07-29 11:15:36,2645,49,2005-08-07 16:37:36,1,2006-02-16 02:30:53
8554,2005-07-29 11:16:29,1563,582,2005-07-31 06:38:29,2,2006-02-16 02:30:53
8555,2005-07-29 11:18:01,2784,18,2005-07-30 10:47:01,2,2006-02-16 02:30:53
8556,2005-07-29 11:18:27,2793,231,2005-07-30 05:21:27,2,2006-02-16 02:30:53
8557,2005-07-29 11:19:59,1481,459,2005-08-07 12:50:59,1,2006-02-16 02:30:53
8558,2005-07-29 11:24:49,1160,169,2005-07-31 15:03:49,1,2006-02-16 02:30:53
8559,2005-07-29 11:25:54,2078,279,2005-08-04 10:16:54,2,2006-02-16 02:30:53
8560,2005-07-29 11:27:27,3499,430,2005-08-01 12:05:27,2,2006-02-16 02:30:53
8561,2005-07-29 11:29:12,2207,344,2005-08-05 09:17:12,1,2006-02-16 02:30:53
8562,2005-07-29 11:32:13,3595,255,2005-07-30 08:23:13,2,2006-02-16 02:30:53
8563,2005-07-29 11:32:58,61,67,2005-08-05 07:21:58,2,2006-02-16 02:30:53
8564,2005-07-29 11:33:00,2830,316,2005-08-05 15:35:00,1,2006-02-16 02:30:53
8565,2005-07-29 11:35:23,3211,280,2005-08-06 08:28:23,1,2006-02-16 02:30:53
8566,2005-07-29 11:35:46,2011,544,2005-07-30 13:50:46,1,2006-02-16 02:30:53
8567,2005-07-29 11:37:30,1612,594,2005-08-03 05:58:30,2,2006-02-16 02:30:53
8568,2005-07-29 11:38:22,1599,583,2005-08-04 13:22:22,2,2006-02-16 02:30:53
8569,2005-07-29 11:39:17,276,348,2005-07-31 07:50:17,2,2006-02-16 02:30:53
8570,2005-07-29 11:40:08,3094,131,2005-08-06 10:23:08,1,2006-02-16 02:30:53
8571,2005-07-29 11:48:39,1778,407,2005-08-03 06:35:39,2,2006-02-16 02:30:53
8572,2005-07-29 11:51:24,2815,267,2005-08-02 11:44:24,1,2006-02-16 02:30:53
8573,2005-07-29 11:51:25,1637,179,2005-08-07 08:53:25,1,2006-02-16 02:30:53
8574,2005-07-29 11:51:53,2949,71,2005-08-03 05:59:53,2,2006-02-16 02:30:53
8575,2005-07-29 11:52:47,1668,441,2005-08-03 08:14:47,2,2006-02-16 02:30:53
8576,2005-07-29 11:55:01,3552,157,2005-08-03 08:41:01,2,2006-02-16 02:30:53
8577,2005-07-29 11:56:30,520,328,2005-08-07 15:41:30,1,2006-02-16 02:30:53
8578,2005-07-29 11:58:14,3737,148,2005-08-03 06:25:14,1,2006-02-16 02:30:53
8579,2005-07-29 11:59:22,4045,250,2005-07-30 11:41:22,2,2006-02-16 02:30:53
8580,2005-07-29 12:00:27,4040,543,2005-08-04 16:39:27,1,2006-02-16 02:30:53
8581,2005-07-29 12:02:06,2102,254,2005-08-02 10:32:06,2,2006-02-16 02:30:53
8582,2005-07-29 12:03:27,841,162,2005-08-03 07:02:27,1,2006-02-16 02:30:53
8583,2005-07-29 12:04:50,3130,191,2005-08-04 17:21:50,1,2006-02-16 02:30:53
8584,2005-07-29 12:07:53,1656,482,2005-07-31 09:27:53,1,2006-02-16 02:30:53
8585,2005-07-29 12:14:18,512,516,2005-08-03 08:31:18,2,2006-02-16 02:30:53
8586,2005-07-29 12:16:34,2752,374,2005-08-07 06:48:34,1,2006-02-16 02:30:53
8587,2005-07-29 12:18:40,1941,108,2005-08-03 14:01:40,1,2006-02-16 02:30:53
8588,2005-07-29 12:22:20,2858,416,2005-07-31 10:49:20,1,2006-02-16 02:30:53
8589,2005-07-29 12:28:17,1628,293,2005-08-05 11:40:17,1,2006-02-16 02:30:53
8590,2005-07-29 12:32:20,2505,114,2005-08-07 08:00:20,1,2006-02-16 02:30:53
8591,2005-07-29 12:32:33,2568,418,2005-08-01 16:19:33,2,2006-02-16 02:30:53
8592,2005-07-29 12:33:58,1952,271,2005-08-04 07:14:58,2,2006-02-16 02:30:53
8593,2005-07-29 12:38:14,2601,181,2005-08-07 07:04:14,1,2006-02-16 02:30:53
8594,2005-07-29 12:42:13,4155,115,2005-08-02 07:38:13,1,2006-02-16 02:30:53
8595,2005-07-29 12:47:43,3225,423,2005-08-07 13:51:43,2,2006-02-16 02:30:53
8596,2005-07-29 12:48:54,59,233,2005-08-04 07:19:54,2,2006-02-16 02:30:53
8597,2005-07-29 12:55:55,4218,222,2005-08-05 18:54:55,1,2006-02-16 02:30:53
8598,2005-07-29 12:56:59,626,2,2005-08-01 08:39:59,2,2006-02-16 02:30:53
8599,2005-07-29 12:58:52,1169,545,2005-08-03 08:19:52,1,2006-02-16 02:30:53
8600,2005-07-29 13:01:19,1488,226,2005-07-31 15:40:19,2,2006-02-16 02:30:53
8601,2005-07-29 13:03:31,3247,181,2005-08-06 16:32:31,1,2006-02-16 02:30:53
8602,2005-07-29 13:04:27,4002,64,2005-08-03 12:21:27,2,2006-02-16 02:30:53
8603,2005-07-29 13:07:07,3007,594,2005-08-04 18:32:07,2,2006-02-16 02:30:53
8604,2005-07-29 13:07:13,3909,326,2005-07-31 18:00:13,2,2006-02-16 02:30:53
8605,2005-07-29 13:13:34,3805,224,2005-08-07 08:29:34,1,2006-02-16 02:30:53
8606,2005-07-29 13:14:24,4051,340,2005-07-30 14:52:24,1,2006-02-16 02:30:53
8607,2005-07-29 13:18:00,4290,336,2005-07-30 18:51:00,2,2006-02-16 02:30:53
8608,2005-07-29 13:18:52,2976,165,2005-07-30 19:01:52,2,2006-02-16 02:30:53
8609,2005-07-29 13:19:25,3997,354,2005-08-06 08:33:25,2,2006-02-16 02:30:53
8610,2005-07-29 13:25:02,4222,563,2005-08-03 08:10:02,2,2006-02-16 02:30:53
8611,2005-07-29 13:26:21,610,373,2005-08-07 18:20:21,2,2006-02-16 02:30:53
8612,2005-07-29 13:28:20,3518,392,2005-08-06 14:39:20,2,2006-02-16 02:30:53
8613,2005-07-29 13:30:58,394,411,2005-08-05 16:21:58,2,2006-02-16 02:30:53
8614,2005-07-29 13:32:05,604,552,2005-08-04 15:26:05,1,2006-02-16 02:30:53
8615,2005-07-29 13:36:01,4453,15,2005-08-03 13:15:01,1,2006-02-16 02:30:53
8616,2005-07-29 13:39:09,2583,493,2005-08-01 16:49:09,1,2006-02-16 02:30:53
8617,2005-07-29 13:46:14,385,441,2005-08-06 13:26:14,2,2006-02-16 02:30:53
8618,2005-07-29 13:48:20,985,270,2005-08-06 14:12:20,2,2006-02-16 02:30:53
8619,2005-07-29 13:50:08,2169,50,2005-08-06 13:15:08,1,2006-02-16 02:30:53
8620,2005-07-29 13:51:20,3718,306,2005-08-02 13:05:20,1,2006-02-16 02:30:53
8621,2005-07-29 13:52:42,2473,358,2005-07-30 11:42:42,2,2006-02-16 02:30:53
8622,2005-07-29 13:53:28,4076,98,2005-07-31 16:12:28,2,2006-02-16 02:30:53
8623,2005-07-29 13:55:11,458,142,2005-08-05 11:16:11,1,2006-02-16 02:30:53
8624,2005-07-29 13:55:36,4402,439,2005-08-02 12:23:36,2,2006-02-16 02:30:53
8625,2005-07-29 13:59:13,884,410,2005-08-07 17:56:13,2,2006-02-16 02:30:53
8626,2005-07-29 14:03:20,3092,148,2005-08-02 09:05:20,1,2006-02-16 02:30:53
8627,2005-07-29 14:05:12,4235,226,2005-08-05 16:53:12,2,2006-02-16 02:30:53
8628,2005-07-29 14:06:24,4484,550,2005-08-06 10:42:24,2,2006-02-16 02:30:53
8629,2005-07-29 14:06:35,853,567,2005-08-03 16:59:35,2,2006-02-16 02:30:53
8630,2005-07-29 14:07:59,1378,406,2005-08-03 13:18:59,2,2006-02-16 02:30:53
8631,2005-07-29 14:08:06,98,559,2005-08-05 14:57:06,1,2006-02-16 02:30:53
8632,2005-07-29 14:11:25,1666,563,2005-08-07 15:32:25,1,2006-02-16 02:30:53
8633,2005-07-29 14:19:53,3436,534,2005-08-01 11:31:53,2,2006-02-16 02:30:53
8634,2005-07-29 14:19:57,2023,335,2005-08-07 13:44:57,1,2006-02-16 02:30:53
8635,2005-07-29 14:22:48,2894,383,2005-08-01 11:59:48,2,2006-02-16 02:30:53
8636,2005-07-29 14:24:13,4308,252,2005-08-02 14:39:13,1,2006-02-16 02:30:53
8637,2005-07-29 14:30:11,1069,310,2005-08-04 14:00:11,1,2006-02-16 02:30:53
8638,2005-07-29 14:30:23,4060,571,2005-08-01 10:32:23,1,2006-02-16 02:30:53
8639,2005-07-29 14:30:31,3504,290,2005-08-02 16:04:31,1,2006-02-16 02:30:53
8640,2005-07-29 14:34:17,1874,257,2005-08-01 13:09:17,2,2006-02-16 02:30:53
8641,2005-07-29 14:37:30,3199,30,2005-08-02 19:32:30,2,2006-02-16 02:30:53
8642,2005-07-29 14:38:17,3947,522,2005-08-03 14:41:17,1,2006-02-16 02:30:53
8643,2005-07-29 14:45:23,381,59,2005-08-04 18:42:23,1,2006-02-16 02:30:53
8644,2005-07-29 14:45:45,4507,314,2005-08-03 20:10:45,2,2006-02-16 02:30:53
8645,2005-07-29 14:47:45,2532,535,2005-07-30 14:56:45,2,2006-02-16 02:30:53
8646,2005-07-29 14:48:48,89,302,2005-08-03 18:11:48,2,2006-02-16 02:30:53
8647,2005-07-29 14:52:59,556,307,2005-08-06 11:09:59,2,2006-02-16 02:30:53
8648,2005-07-29 14:56:21,160,416,2005-07-31 16:56:21,2,2006-02-16 02:30:53
8649,2005-07-29 14:57:33,789,69,2005-08-07 09:43:33,2,2006-02-16 02:30:53
8650,2005-07-29 14:59:04,1272,134,2005-08-04 13:13:04,2,2006-02-16 02:30:53
8651,2005-07-29 15:02:18,2095,61,2005-08-07 09:34:18,2,2006-02-16 02:30:53
8652,2005-07-29 15:02:54,2729,219,2005-08-07 17:21:54,2,2006-02-16 02:30:53
8653,2005-07-29 15:04:23,4440,230,2005-08-02 09:39:23,2,2006-02-16 02:30:53
8654,2005-07-29 15:04:27,3925,84,2005-08-07 18:37:27,1,2006-02-16 02:30:53
8655,2005-07-29 15:04:42,3986,232,2005-08-04 11:26:42,1,2006-02-16 02:30:53
8656,2005-07-29 15:05:52,1385,460,2005-07-31 20:57:52,2,2006-02-16 02:30:53
8657,2005-07-29 15:09:25,3194,236,2005-07-31 19:10:25,1,2006-02-16 02:30:53
8658,2005-07-29 15:16:37,2033,427,2005-08-07 20:45:37,2,2006-02-16 02:30:53
8659,2005-07-29 15:26:31,558,168,2005-08-06 19:05:31,2,2006-02-16 02:30:53
8660,2005-07-29 15:26:59,3122,566,2005-08-05 21:04:59,2,2006-02-16 02:30:53
8661,2005-07-29 15:28:24,3409,341,2005-08-05 20:04:24,2,2006-02-16 02:30:53
8662,2005-07-29 15:31:33,3758,362,2005-07-30 09:39:33,2,2006-02-16 02:30:53
8663,2005-07-29 15:33:18,1281,214,2005-07-30 18:03:18,1,2006-02-16 02:30:53
8664,2005-07-29 15:36:27,198,102,2005-08-04 20:11:27,1,2006-02-16 02:30:53
8665,2005-07-29 15:39:29,1113,265,2005-08-01 10:33:29,2,2006-02-16 02:30:53
8666,2005-07-29 15:39:38,3669,591,2005-08-06 17:12:38,1,2006-02-16 02:30:53
8667,2005-07-29 15:40:57,3439,25,2005-07-31 20:59:57,1,2006-02-16 02:30:53
8668,2005-07-29 15:41:31,4531,71,2005-08-01 16:20:31,2,2006-02-16 02:30:53
8669,2005-07-29 15:44:55,1667,401,2005-08-01 14:09:55,2,2006-02-16 02:30:53
8670,2005-07-29 15:49:03,2354,446,2005-08-01 20:19:03,2,2006-02-16 02:30:53
8671,2005-07-29 15:49:37,1431,577,2005-08-05 18:20:37,1,2006-02-16 02:30:53
8672,2005-07-29 15:49:48,405,495,2005-08-06 17:59:48,2,2006-02-16 02:30:53
8673,2005-07-29 15:50:14,2167,29,2005-08-03 18:30:14,1,2006-02-16 02:30:53
8674,2005-07-29 15:54:22,1744,412,2005-07-31 12:15:22,1,2006-02-16 02:30:53
8675,2005-07-29 15:56:18,1026,258,2005-07-30 18:50:18,1,2006-02-16 02:30:53
8676,2005-07-29 15:59:06,283,533,2005-08-05 19:12:06,2,2006-02-16 02:30:53
8677,2005-07-29 16:01:13,513,315,2005-08-07 19:21:13,2,2006-02-16 02:30:53
8678,2005-07-29 16:04:00,3991,210,2005-08-05 12:37:00,1,2006-02-16 02:30:53
8679,2005-07-29 16:07:47,3549,536,2005-08-02 18:37:47,1,2006-02-16 02:30:53
8680,2005-07-29 16:08:03,1227,330,2005-07-31 17:26:03,1,2006-02-16 02:30:53
8681,2005-07-29 16:12:01,4004,309,2005-08-01 18:14:01,2,2006-02-16 02:30:53
8682,2005-07-29 16:15:26,4328,348,2005-08-03 20:15:26,2,2006-02-16 02:30:53
8683,2005-07-29 16:15:43,3915,513,2005-08-07 19:19:43,1,2006-02-16 02:30:53
8684,2005-07-29 16:16:33,2457,185,2005-08-07 12:27:33,2,2006-02-16 02:30:53
8685,2005-07-29 16:17:05,1827,321,2005-08-07 17:44:05,1,2006-02-16 02:30:53
8686,2005-07-29 16:17:49,4160,52,2005-08-01 12:50:49,2,2006-02-16 02:30:53
8687,2005-07-29 16:19:17,222,117,2005-08-01 15:28:17,1,2006-02-16 02:30:53
8688,2005-07-29 16:31:32,2263,381,2005-07-30 12:39:32,1,2006-02-16 02:30:53
8689,2005-07-29 16:38:58,824,487,2005-08-01 17:09:58,2,2006-02-16 02:30:53
8690,2005-07-29 16:39:28,1292,291,2005-08-01 14:03:28,2,2006-02-16 02:30:53
8691,2005-07-29 16:41:23,672,446,2005-08-02 12:32:23,2,2006-02-16 02:30:53
8692,2005-07-29 16:43:39,3192,88,2005-08-01 15:54:39,2,2006-02-16 02:30:53
8693,2005-07-29 16:44:13,917,51,2005-08-01 15:56:13,1,2006-02-16 02:30:53
8694,2005-07-29 16:44:48,503,345,2005-08-06 16:28:48,1,2006-02-16 02:30:53
8695,2005-07-29 16:44:55,694,280,2005-08-07 12:47:55,1,2006-02-16 02:30:53
8696,2005-07-29 16:45:18,2553,178,2005-08-07 18:51:18,1,2006-02-16 02:30:53
8697,2005-07-29 16:46:07,443,291,2005-08-02 19:27:07,2,2006-02-16 02:30:53
8698,2005-07-29 16:52:17,2973,324,2005-08-04 13:20:17,2,2006-02-16 02:30:53
8699,2005-07-29 16:53:00,4080,123,2005-08-07 20:31:00,1,2006-02-16 02:30:53
8700,2005-07-29 16:56:01,3710,196,2005-07-31 16:19:01,2,2006-02-16 02:30:53
8701,2005-07-29 17:02:35,3158,245,2005-08-07 19:55:35,2,2006-02-16 02:30:53
8702,2005-07-29 17:04:37,2215,306,2005-08-05 15:30:37,2,2006-02-16 02:30:53
8703,2005-07-29 17:12:44,1065,439,2005-07-30 19:38:44,1,2006-02-16 02:30:53
8704,2005-07-29 17:13:45,2117,107,2005-08-03 20:03:45,2,2006-02-16 02:30:53
8705,2005-07-29 17:14:29,4038,2,2005-08-02 16:01:29,1,2006-02-16 02:30:53
8706,2005-07-29 17:19:15,2886,515,2005-08-03 22:52:15,1,2006-02-16 02:30:53
8707,2005-07-29 17:21:58,2525,157,2005-08-02 14:47:58,2,2006-02-16 02:30:53
8708,2005-07-29 17:24:13,4054,529,2005-08-04 13:57:13,1,2006-02-16 02:30:53
8709,2005-07-29 17:25:54,902,199,2005-08-02 22:35:54,1,2006-02-16 02:30:53
8710,2005-07-29 17:26:03,3391,566,2005-07-30 19:51:03,1,2006-02-16 02:30:53
8711,2005-07-29 17:27:15,3471,575,2005-07-31 12:57:15,1,2006-02-16 02:30:53
8712,2005-07-29 17:30:06,2800,41,2005-08-03 22:55:06,2,2006-02-16 02:30:53
8713,2005-07-29 17:31:19,473,433,2005-08-02 16:37:19,2,2006-02-16 02:30:53
8714,2005-07-29 17:31:40,4547,362,2005-08-04 16:12:40,2,2006-02-16 02:30:53
8715,2005-07-29 17:33:45,860,11,2005-08-01 17:30:45,1,2006-02-16 02:30:53
8716,2005-07-29 17:39:09,2123,48,2005-08-03 20:26:09,2,2006-02-16 02:30:53
8717,2005-07-29 17:40:45,1821,260,2005-08-01 22:38:45,2,2006-02-16 02:30:53
8718,2005-07-29 17:41:14,137,23,2005-08-01 18:22:14,2,2006-02-16 02:30:53
8719,2005-07-29 17:45:45,995,333,2005-08-01 13:53:45,1,2006-02-16 02:30:53
8720,2005-07-29 17:48:32,152,180,2005-08-04 14:30:32,2,2006-02-16 02:30:53
8721,2005-07-29 17:56:21,2416,312,2005-08-02 21:30:21,2,2006-02-16 02:30:53
8722,2005-07-29 17:58:58,1389,401,2005-08-07 23:40:58,1,2006-02-16 02:30:53
8723,2005-07-29 18:03:47,224,39,2005-08-06 18:53:47,1,2006-02-16 02:30:53
8724,2005-07-29 18:05:21,898,372,2005-08-01 15:41:21,1,2006-02-16 02:30:53
8725,2005-07-29 18:08:42,2385,421,2005-08-04 16:01:42,2,2006-02-16 02:30:53
8726,2005-07-29 18:09:22,897,409,2005-08-06 16:24:22,1,2006-02-16 02:30:53
8727,2005-07-29 18:09:57,3031,528,2005-08-03 13:41:57,2,2006-02-16 02:30:53
8728,2005-07-29 18:12:49,973,341,2005-08-06 22:45:49,1,2006-02-16 02:30:53
8729,2005-07-29 18:23:02,3342,83,2005-07-31 16:09:02,2,2006-02-16 02:30:53
8730,2005-07-29 18:23:34,4191,592,2005-08-01 19:56:34,1,2006-02-16 02:30:53
8731,2005-07-29 18:23:57,2638,179,2005-08-05 19:38:57,1,2006-02-16 02:30:53
8732,2005-07-29 18:25:03,1143,346,2005-08-07 18:56:03,2,2006-02-16 02:30:53
8733,2005-07-29 18:26:34,3187,450,2005-08-03 15:06:34,1,2006-02-16 02:30:53
8734,2005-07-29 18:28:15,2374,303,2005-08-05 23:38:15,1,2006-02-16 02:30:53
8735,2005-07-29 18:28:54,2881,570,2005-08-03 12:43:54,2,2006-02-16 02:30:53
8736,2005-07-29 18:31:15,1726,530,2005-07-30 16:24:15,2,2006-02-16 02:30:53
8737,2005-07-29 18:32:13,4154,298,2005-08-05 21:07:13,2,2006-02-16 02:30:53
8738,2005-07-29 18:32:47,3893,210,2005-08-02 13:05:47,2,2006-02-16 02:30:53
8739,2005-07-29 18:34:33,4310,326,2005-08-02 16:05:33,1,2006-02-16 02:30:53
8740,2005-07-29 18:41:31,3781,378,2005-08-01 18:38:31,1,2006-02-16 02:30:53
8741,2005-07-29 18:44:57,165,4,2005-08-03 18:25:57,2,2006-02-16 02:30:53
8742,2005-07-29 18:56:12,918,208,2005-08-03 16:42:12,1,2006-02-16 02:30:53
8743,2005-07-29 18:57:01,2664,282,2005-07-31 22:09:01,2,2006-02-16 02:30:53
8744,2005-07-29 18:58:24,1086,280,2005-08-05 17:56:24,1,2006-02-16 02:30:53
8745,2005-07-29 19:03:05,1766,293,2005-08-06 14:06:05,2,2006-02-16 02:30:53
8746,2005-07-29 19:03:15,2179,275,2005-07-30 17:06:15,1,2006-02-16 02:30:53
8747,2005-07-29 19:07:57,2584,70,2005-07-30 16:01:57,1,2006-02-16 02:30:53
8748,2005-07-29 19:08:37,2184,237,2005-08-01 16:24:37,1,2006-02-16 02:30:53
8749,2005-07-29 19:13:15,2252,456,2005-08-01 15:02:15,1,2006-02-16 02:30:53
8750,2005-07-29 19:14:21,3157,158,2005-07-31 17:22:21,2,2006-02-16 02:30:53
8751,2005-07-29 19:14:39,3467,386,2005-07-31 23:11:39,1,2006-02-16 02:30:53
8752,2005-07-29 19:15:07,4202,253,2005-07-31 13:27:07,1,2006-02-16 02:30:53
8753,2005-07-29 19:15:50,1345,560,2005-07-31 19:13:50,2,2006-02-16 02:30:53
8754,2005-07-29 19:18:30,1678,174,2005-08-05 18:39:30,2,2006-02-16 02:30:53
8755,2005-07-29 19:18:31,1498,372,2005-07-31 19:20:31,2,2006-02-16 02:30:53
8756,2005-07-29 19:18:57,4146,120,2005-08-02 20:07:57,2,2006-02-16 02:30:53
8757,2005-07-29 19:19:10,3473,462,2005-08-02 13:47:10,2,2006-02-16 02:30:53
8758,2005-07-29 19:20:49,2816,442,2005-08-05 21:57:49,2,2006-02-16 02:30:53
8759,2005-07-29 19:22:37,844,209,2005-08-07 15:36:37,2,2006-02-16 02:30:53
8760,2005-07-29 19:22:40,3566,118,2005-08-05 01:09:40,2,2006-02-16 02:30:53
8761,2005-07-29 19:26:47,1317,539,2005-08-08 00:09:47,1,2006-02-16 02:30:53
8762,2005-07-29 19:30:02,2765,463,2005-08-04 18:38:02,1,2006-02-16 02:30:53
8763,2005-07-29 19:38:24,374,510,2005-08-04 16:51:24,1,2006-02-16 02:30:53
8764,2005-07-29 19:39:04,2348,303,2005-08-01 13:52:04,1,2006-02-16 02:30:53
8765,2005-07-29 19:40:08,2631,538,2005-07-31 14:24:08,2,2006-02-16 02:30:53
8766,2005-07-29 19:41:04,3888,338,2005-08-02 00:41:04,2,2006-02-16 02:30:53
8767,2005-07-29 19:42:33,962,467,2005-08-01 20:52:33,2,2006-02-16 02:30:53
8768,2005-07-29 19:43:02,1601,468,2005-08-03 23:36:02,1,2006-02-16 02:30:53
8769,2005-07-29 19:45:33,2180,588,2005-08-05 22:09:33,2,2006-02-16 02:30:53
8770,2005-07-29 19:53:50,4025,499,2005-08-05 14:22:50,1,2006-02-16 02:30:53
8771,2005-07-29 19:54:41,3533,347,2005-08-03 20:38:41,1,2006-02-16 02:30:53
8772,2005-07-29 19:55:25,3526,122,2005-08-05 18:48:25,1,2006-02-16 02:30:53
8773,2005-07-29 19:55:34,131,592,2005-07-30 14:11:34,1,2006-02-16 02:30:53
8774,2005-07-29 20:05:04,315,161,2005-07-31 14:32:04,1,2006-02-16 02:30:53
8775,2005-07-29 20:05:38,1358,44,2005-07-30 21:13:38,1,2006-02-16 02:30:53
8776,2005-07-29 20:07:06,1565,587,2005-08-06 20:42:06,2,2006-02-16 02:30:53
8777,2005-07-29 20:10:21,2462,382,2005-07-30 20:32:21,2,2006-02-16 02:30:53
8778,2005-07-29 20:14:25,3654,582,2005-08-04 00:50:25,1,2006-02-16 02:30:53
8779,2005-07-29 20:15:00,3245,202,2005-08-03 21:17:00,1,2006-02-16 02:30:53
8780,2005-07-29 20:19:45,1095,328,2005-08-03 22:22:45,2,2006-02-16 02:30:53
8781,2005-07-29 20:20:16,3746,235,2005-07-30 16:19:16,2,2006-02-16 02:30:53
8782,2005-07-29 20:29:34,4379,365,2005-08-04 02:19:34,1,2006-02-16 02:30:53
8783,2005-07-29 20:31:28,2316,71,2005-08-02 19:33:28,2,2006-02-16 02:30:53
8784,2005-07-29 20:35:37,2308,580,2005-07-30 17:22:37,1,2006-02-16 02:30:53
8785,2005-07-29 20:36:26,216,42,2005-07-30 15:06:26,1,2006-02-16 02:30:53
8786,2005-07-29 20:39:49,2404,533,2005-08-03 18:08:49,1,2006-02-16 02:30:53
8787,2005-07-29 20:43:49,2366,222,2005-07-31 15:15:49,1,2006-02-16 02:30:53
8788,2005-07-29 20:46:44,3412,121,2005-08-03 02:25:44,2,2006-02-16 02:30:53
8789,2005-07-29 20:47:27,3062,71,2005-08-05 18:36:27,1,2006-02-16 02:30:53
8790,2005-07-29 20:51:41,751,323,2005-07-30 17:30:41,2,2006-02-16 02:30:53
8791,2005-07-29 20:53:23,1677,469,2005-07-31 18:14:23,1,2006-02-16 02:30:53
8792,2005-07-29 20:56:14,3764,203,2005-08-07 16:44:14,2,2006-02-16 02:30:53
8793,2005-07-29 20:57:22,1819,167,2005-08-02 01:40:22,2,2006-02-16 02:30:53
8794,2005-07-29 20:59:38,3509,320,2005-07-31 00:15:38,2,2006-02-16 02:30:53
8795,2005-07-29 21:04:14,1896,302,2005-07-31 02:58:14,2,2006-02-16 02:30:53
8796,2005-07-29 21:09:11,2234,74,2005-08-04 22:55:11,1,2006-02-16 02:30:53
8797,2005-07-29 21:10:37,2929,566,2005-08-07 21:43:37,1,2006-02-16 02:30:53
8798,2005-07-29 21:15:38,800,513,2005-08-05 02:46:38,2,2006-02-16 02:30:53
8799,2005-07-29 21:16:47,326,237,2005-08-07 22:09:47,2,2006-02-16 02:30:53
8800,2005-07-29 21:18:59,2082,207,2005-08-06 19:59:59,2,2006-02-16 02:30:53
8801,2005-07-29 21:25:22,1111,590,2005-08-01 00:02:22,1,2006-02-16 02:30:53
8802,2005-07-29 21:25:51,296,407,2005-07-30 18:15:51,2,2006-02-16 02:30:53
8803,2005-07-29 21:26:24,2814,86,2005-08-06 18:05:24,2,2006-02-16 02:30:53
8804,2005-07-29 21:28:19,4461,363,2005-08-01 20:15:19,2,2006-02-16 02:30:53
8805,2005-07-29 21:29:58,4041,39,2005-08-04 23:12:58,1,2006-02-16 02:30:53
8806,2005-07-29 21:36:34,4085,454,2005-08-02 00:58:34,1,2006-02-16 02:30:53
8807,2005-07-29 21:36:59,2612,396,2005-08-01 17:40:59,1,2006-02-16 02:30:53
8808,2005-07-29 21:39:07,593,173,2005-08-03 02:09:07,2,2006-02-16 02:30:53
8809,2005-07-29 21:42:49,3278,8,2005-08-04 01:13:49,1,2006-02-16 02:30:53
8810,2005-07-29 21:45:19,1233,431,2005-08-08 01:45:19,2,2006-02-16 02:30:53
8811,2005-07-29 21:46:21,2041,245,2005-08-07 16:51:21,2,2006-02-16 02:30:53
8812,2005-07-29 21:47:40,1172,563,2005-08-04 01:18:40,2,2006-02-16 02:30:53
8813,2005-07-29 21:47:55,3442,497,2005-08-05 01:16:55,1,2006-02-16 02:30:53
8814,2005-07-29 21:49:43,1492,487,2005-08-01 19:56:43,1,2006-02-16 02:30:53
8815,2005-07-29 21:51:26,3469,230,2005-08-03 22:37:26,1,2006-02-16 02:30:53
8816,2005-07-29 21:53:00,3984,209,2005-08-01 21:20:00,1,2006-02-16 02:30:53
8817,2005-07-29 22:09:08,2716,175,2005-08-01 19:07:08,1,2006-02-16 02:30:53
8818,2005-07-29 22:14:04,3090,98,2005-08-07 17:26:04,1,2006-02-16 02:30:53
8819,2005-07-29 22:14:26,3100,591,2005-08-06 23:02:26,2,2006-02-16 02:30:53
8820,2005-07-29 22:14:56,481,594,2005-08-05 23:36:56,2,2006-02-16 02:30:53
8821,2005-07-29 22:18:12,52,477,2005-08-05 22:00:12,1,2006-02-16 02:30:53
8822,2005-07-29 22:20:21,744,35,2005-08-06 03:00:21,2,2006-02-16 02:30:53
8823,2005-07-29 22:22:12,951,75,2005-08-07 21:03:12,1,2006-02-16 02:30:53
8824,2005-07-29 22:22:58,3506,164,2005-07-31 21:02:58,2,2006-02-16 02:30:53
8825,2005-07-29 22:24:16,881,101,2005-08-05 00:27:16,2,2006-02-16 02:30:53
8826,2005-07-29 22:30:16,1800,369,2005-07-30 19:43:16,1,2006-02-16 02:30:53
8827,2005-07-29 22:31:24,1517,157,2005-08-06 21:05:24,2,2006-02-16 02:30:53
8828,2005-07-29 22:32:54,1608,547,2005-07-30 20:41:54,1,2006-02-16 02:30:53
8829,2005-07-29 22:33:34,1466,173,2005-08-05 20:23:34,2,2006-02-16 02:30:53
8830,2005-07-29 22:34:35,1751,202,2005-08-05 20:12:35,2,2006-02-16 02:30:53
8831,2005-07-29 22:37:41,3520,13,2005-08-08 04:28:41,1,2006-02-16 02:30:53
8832,2005-07-29 22:37:49,380,125,2005-08-04 23:32:49,1,2006-02-16 02:30:53
8833,2005-07-29 22:39:36,1741,101,2005-08-05 21:19:36,1,2006-02-16 02:30:53
8834,2005-07-29 22:41:48,4477,243,2005-08-05 03:21:48,2,2006-02-16 02:30:53
8835,2005-07-29 22:44:35,2653,237,2005-08-05 23:28:35,1,2006-02-16 02:30:53
8836,2005-07-29 22:46:08,3265,14,2005-08-02 19:53:08,2,2006-02-16 02:30:53
8837,2005-07-29 22:49:00,42,372,2005-08-07 21:56:00,2,2006-02-16 02:30:53
8838,2005-07-29 22:52:23,133,550,2005-08-03 22:49:23,1,2006-02-16 02:30:53
8839,2005-07-29 22:52:34,3440,580,2005-08-05 03:24:34,2,2006-02-16 02:30:53
8840,2005-07-29 22:55:38,1484,295,2005-08-06 02:11:38,1,2006-02-16 02:30:53
8841,2005-07-29 22:56:07,3935,363,2005-08-01 21:21:07,2,2006-02-16 02:30:53
8842,2005-07-29 23:03:40,4203,292,2005-08-06 23:23:40,2,2006-02-16 02:30:53
8843,2005-07-29 23:04:25,406,294,2005-08-05 22:12:25,1,2006-02-16 02:30:53
8844,2005-07-29 23:05:08,327,244,2005-08-06 00:24:08,2,2006-02-16 02:30:53
8845,2005-07-29 23:06:13,3036,543,2005-08-02 20:16:13,1,2006-02-16 02:30:53
8846,2005-07-29 23:10:28,2912,108,2005-08-03 22:07:28,2,2006-02-16 02:30:53
8847,2005-07-29 23:13:41,4133,480,2005-07-31 23:55:41,1,2006-02-16 02:30:53
8848,2005-07-29 23:20:58,2972,545,2005-08-03 17:28:58,2,2006-02-16 02:30:53
8849,2005-07-29 23:21:01,4300,79,2005-08-03 20:01:01,1,2006-02-16 02:30:53
8850,2005-07-29 23:24:20,355,86,2005-07-31 00:43:20,2,2006-02-16 02:30:53
8851,2005-07-29 23:26:19,212,445,2005-08-05 03:59:19,2,2006-02-16 02:30:53
8852,2005-07-29 23:30:03,1138,42,2005-08-05 05:22:03,2,2006-02-16 02:30:53
8853,2005-07-29 23:34:21,2323,58,2005-07-31 21:20:21,2,2006-02-16 02:30:53
8854,2005-07-29 23:40:07,1365,527,2005-08-01 00:35:07,2,2006-02-16 02:30:53
8855,2005-07-29 23:40:10,4388,335,2005-08-02 18:07:10,2,2006-02-16 02:30:53
8856,2005-07-29 23:42:00,2942,365,2005-08-07 03:00:00,1,2006-02-16 02:30:53
8857,2005-07-29 23:44:22,1348,477,2005-07-31 21:32:22,2,2006-02-16 02:30:53
8858,2005-07-29 23:44:35,2378,558,2005-08-01 05:25:35,2,2006-02-16 02:30:53
8859,2005-07-29 23:44:43,603,216,2005-08-07 18:14:43,2,2006-02-16 02:30:53
8860,2005-07-29 23:45:57,2841,531,2005-08-06 02:14:57,2,2006-02-16 02:30:53
8861,2005-07-29 23:47:29,759,560,2005-08-07 01:27:29,1,2006-02-16 02:30:53
8862,2005-07-29 23:49:23,916,21,2005-08-04 20:11:23,1,2006-02-16 02:30:53
8863,2005-07-29 23:52:01,75,47,2005-08-04 20:28:01,1,2006-02-16 02:30:53
8864,2005-07-29 23:52:12,2321,167,2005-07-30 22:12:12,1,2006-02-16 02:30:53
8865,2005-07-29 23:54:54,1835,305,2005-07-31 05:10:54,2,2006-02-16 02:30:53
8866,2005-07-29 23:58:19,1530,44,2005-08-01 05:19:19,2,2006-02-16 02:30:53
8867,2005-07-30 00:02:18,1388,497,2005-08-04 00:44:18,2,2006-02-16 02:30:53
8868,2005-07-30 00:02:26,1229,512,2005-08-01 22:28:26,2,2006-02-16 02:30:53
8869,2005-07-30 00:06:32,4353,308,2005-07-31 20:49:32,2,2006-02-16 02:30:53
8870,2005-07-30 00:08:08,4104,90,2005-08-08 00:15:08,2,2006-02-16 02:30:53
8871,2005-07-30 00:12:41,4535,382,2005-08-08 03:53:41,1,2006-02-16 02:30:53
8872,2005-07-30 00:13:54,2669,186,2005-08-01 18:34:54,1,2006-02-16 02:30:53
8873,2005-07-30 00:14:32,3498,91,2005-08-04 20:42:32,2,2006-02-16 02:30:53
8874,2005-07-30 00:14:45,459,564,2005-08-02 22:34:45,2,2006-02-16 02:30:53
8875,2005-07-30 00:15:09,1294,121,2005-08-04 02:54:09,2,2006-02-16 02:30:53
8876,2005-07-30 00:15:09,2394,579,2005-08-02 23:56:09,1,2006-02-16 02:30:53
8877,2005-07-30 00:15:22,1140,417,2005-07-31 00:53:22,1,2006-02-16 02:30:53
8878,2005-07-30 00:15:57,440,25,2005-08-01 00:22:57,2,2006-02-16 02:30:53
8879,2005-07-30 00:16:02,2956,584,2005-08-06 20:10:02,2,2006-02-16 02:30:53
8880,2005-07-30 00:16:55,2920,51,2005-08-01 01:05:55,1,2006-02-16 02:30:53
8881,2005-07-30 00:22:31,2012,118,2005-08-04 19:10:31,1,2006-02-16 02:30:53
8882,2005-07-30 00:24:05,441,410,2005-08-03 19:48:05,2,2006-02-16 02:30:53
8883,2005-07-30 00:24:48,1421,168,2005-08-04 00:24:48,2,2006-02-16 02:30:53
8884,2005-07-30 00:26:22,3050,80,2005-08-05 03:24:22,1,2006-02-16 02:30:53
8885,2005-07-30 00:36:26,2984,135,2005-08-06 03:05:26,1,2006-02-16 02:30:53
8886,2005-07-30 00:36:31,1469,418,2005-08-08 06:18:31,1,2006-02-16 02:30:53
8887,2005-07-30 00:36:54,4119,389,2005-08-04 19:07:54,1,2006-02-16 02:30:53
8888,2005-07-30 00:39:36,2824,284,2005-08-01 02:28:36,2,2006-02-16 02:30:53
8889,2005-07-30 00:39:43,3457,558,2005-08-02 23:22:43,1,2006-02-16 02:30:53
8890,2005-07-30 00:42:06,3656,470,2005-08-05 21:04:06,1,2006-02-16 02:30:53
8891,2005-07-30 00:46:55,4093,435,2005-08-06 23:32:55,2,2006-02-16 02:30:53
8892,2005-07-30 00:47:03,1584,184,2005-08-06 03:23:03,2,2006-02-16 02:30:53
8893,2005-07-30 00:48:19,1048,147,2005-08-01 03:25:19,1,2006-02-16 02:30:53
8894,2005-07-30 00:48:31,2055,552,2005-07-31 05:49:31,1,2006-02-16 02:30:53
8895,2005-07-30 00:49:17,3217,494,2005-07-31 01:56:17,1,2006-02-16 02:30:53
8896,2005-07-30 00:51:21,3560,205,2005-07-31 22:33:21,1,2006-02-16 02:30:53
8897,2005-07-30 01:00:17,1964,459,2005-08-01 03:41:17,1,2006-02-16 02:30:53
8898,2005-07-30 01:02:20,3961,452,2005-08-05 22:02:20,2,2006-02-16 02:30:53
8899,2005-07-30 01:05:30,4148,252,2005-08-01 23:32:30,1,2006-02-16 02:30:53
8900,2005-07-30 01:07:03,3057,375,2005-08-06 04:07:03,1,2006-02-16 02:30:53
8901,2005-07-30 01:07:12,4392,28,2005-08-02 06:34:12,1,2006-02-16 02:30:53
8902,2005-07-30 01:08:06,2983,408,2005-08-05 00:00:06,2,2006-02-16 02:30:53
8903,2005-07-30 01:08:06,4546,406,2005-07-30 21:47:06,2,2006-02-16 02:30:53
8904,2005-07-30 01:08:33,3622,575,2005-08-04 02:33:33,1,2006-02-16 02:30:53
8905,2005-07-30 01:11:11,2154,240,2005-08-04 22:39:11,1,2006-02-16 02:30:53
8906,2005-07-30 01:21:39,2667,560,2005-08-07 02:14:39,2,2006-02-16 02:30:53
8907,2005-07-30 01:25:03,3239,576,2005-08-03 05:41:03,1,2006-02-16 02:30:53
8908,2005-07-30 01:26:05,4498,391,2005-07-31 20:39:05,1,2006-02-16 02:30:53
8909,2005-07-30 01:28:03,2606,556,2005-08-06 04:40:03,2,2006-02-16 02:30:53
8910,2005-07-30 01:29:48,1039,569,2005-07-31 21:33:48,2,2006-02-16 02:30:53
8911,2005-07-30 01:30:57,2159,445,2005-08-02 20:01:57,1,2006-02-16 02:30:53
8912,2005-07-30 01:31:25,1686,280,2005-08-02 07:14:25,2,2006-02-16 02:30:53
8913,2005-07-30 01:35:01,429,391,2005-08-06 06:13:01,1,2006-02-16 02:30:53
8914,2005-07-30 01:42:03,1347,32,2005-08-04 03:53:03,1,2006-02-16 02:30:53
8915,2005-07-30 01:42:09,3030,42,2005-08-04 23:29:09,2,2006-02-16 02:30:53
8916,2005-07-30 01:42:21,3852,377,2005-08-03 05:28:21,1,2006-02-16 02:30:53
8917,2005-07-30 01:47:02,4460,309,2005-08-05 21:10:02,2,2006-02-16 02:30:53
8918,2005-07-30 01:56:22,2544,424,2005-08-04 01:58:22,2,2006-02-16 02:30:53
8919,2005-07-30 01:57:03,4006,337,2005-08-08 05:14:03,1,2006-02-16 02:30:53
8920,2005-07-30 01:59:24,4079,78,2005-08-02 22:37:24,2,2006-02-16 02:30:53
8921,2005-07-30 02:04:02,1016,354,2005-07-31 06:18:02,1,2006-02-16 02:30:53
8922,2005-07-30 02:08:25,1696,446,2005-08-08 07:19:25,2,2006-02-16 02:30:53
8923,2005-07-30 02:08:49,2425,446,2005-08-03 23:45:49,2,2006-02-16 02:30:53
8924,2005-07-30 02:08:58,2291,38,2005-08-05 02:13:58,2,2006-02-16 02:30:53
8925,2005-07-30 02:09:14,3753,500,2005-07-30 21:39:14,1,2006-02-16 02:30:53
8926,2005-07-30 02:10:31,3677,510,2005-08-03 23:56:31,1,2006-02-16 02:30:53
8927,2005-07-30 02:13:31,272,15,2005-08-01 01:34:31,1,2006-02-16 02:30:53
8928,2005-07-30 02:18:19,706,366,2005-08-05 00:49:19,2,2006-02-16 02:30:53
8929,2005-07-30 02:28:22,3501,472,2005-08-06 06:13:22,1,2006-02-16 02:30:53
8930,2005-07-30 02:28:38,1107,202,2005-08-02 01:43:38,2,2006-02-16 02:30:53
8931,2005-07-30 02:30:07,16,268,2005-08-02 08:24:07,2,2006-02-16 02:30:53
8932,2005-07-30 02:31:26,4537,295,2005-08-04 02:17:26,2,2006-02-16 02:30:53
8933,2005-07-30 02:36:06,1664,260,2005-08-02 23:37:06,2,2006-02-16 02:30:53
8934,2005-07-30 02:37:05,3223,494,2005-08-01 20:42:05,1,2006-02-16 02:30:53
8935,2005-07-30 02:38:45,285,76,2005-08-02 07:11:45,2,2006-02-16 02:30:53
8936,2005-07-30 02:47:13,1408,227,2005-08-01 02:25:13,2,2006-02-16 02:30:53
8937,2005-07-30 02:53:21,2406,544,2005-08-08 03:33:21,2,2006-02-16 02:30:53
8938,2005-07-30 02:56:08,4031,92,2005-07-31 23:08:08,2,2006-02-16 02:30:53
8939,2005-07-30 02:56:53,4175,598,2005-08-01 21:19:53,1,2006-02-16 02:30:53
8940,2005-07-30 02:57:26,1566,212,2005-08-05 22:05:26,1,2006-02-16 02:30:53
8941,2005-07-30 02:59:21,4147,329,2005-08-02 05:18:21,2,2006-02-16 02:30:53
8942,2005-07-30 03:01:07,4375,77,2005-08-06 22:50:07,2,2006-02-16 02:30:53
8943,2005-07-30 03:06:48,3698,531,2005-08-02 00:59:48,2,2006-02-16 02:30:53
8944,2005-07-30 03:11:44,3513,172,2005-08-06 23:15:44,2,2006-02-16 02:30:53
8945,2005-07-30 03:11:48,1441,447,2005-08-07 07:53:48,2,2006-02-16 02:30:53
8946,2005-07-30 03:14:53,3510,257,2005-08-04 00:50:53,1,2006-02-16 02:30:53
8947,2005-07-30 03:15:37,341,24,2005-08-04 07:10:37,2,2006-02-16 02:30:53
8948,2005-07-30 03:16:18,948,597,2005-08-04 03:16:18,1,2006-02-16 02:30:53
8949,2005-07-30 03:17:02,2876,231,2005-08-08 07:38:02,1,2006-02-16 02:30:53
8950,2005-07-30 03:17:13,3015,11,2005-08-07 00:20:13,1,2006-02-16 02:30:53
8951,2005-07-30 03:18:24,127,336,2005-08-08 08:50:24,2,2006-02-16 02:30:53
8952,2005-07-30 03:20:38,4397,36,2005-08-02 02:54:38,1,2006-02-16 02:30:53
8953,2005-07-30 03:21:05,535,278,2005-08-02 05:24:05,2,2006-02-16 02:30:53
8954,2005-07-30 03:25:51,991,137,2005-08-06 05:10:51,2,2006-02-16 02:30:53
8955,2005-07-30 03:28:27,4532,405,2005-08-04 04:56:27,2,2006-02-16 02:30:53
8956,2005-07-30 03:32:29,2129,71,2005-08-01 03:08:29,2,2006-02-16 02:30:53
8957,2005-07-30 03:34:10,811,158,2005-08-06 07:05:10,1,2006-02-16 02:30:53
8958,2005-07-30 03:34:26,1556,536,2005-08-06 08:14:26,1,2006-02-16 02:30:53
8959,2005-07-30 03:35:49,3508,550,2005-08-06 02:02:49,2,2006-02-16 02:30:53
8960,2005-07-30 03:36:31,391,525,2005-08-01 23:46:31,2,2006-02-16 02:30:53
8961,2005-07-30 03:43:35,3679,211,2005-08-06 07:42:35,1,2006-02-16 02:30:53
8962,2005-07-30 03:43:45,4439,406,2005-08-07 00:33:45,1,2006-02-16 02:30:53
8963,2005-07-30 03:46:26,100,544,2005-08-08 06:12:26,1,2006-02-16 02:30:53
8964,2005-07-30 03:49:35,280,424,2005-08-06 23:28:35,2,2006-02-16 02:30:53
8965,2005-07-30 03:52:37,2419,599,2005-08-05 01:28:37,2,2006-02-16 02:30:53
8966,2005-07-30 03:54:12,1903,522,2005-07-31 04:51:12,1,2006-02-16 02:30:53
8967,2005-07-30 03:56:55,1536,480,2005-08-06 05:25:55,2,2006-02-16 02:30:53
8968,2005-07-30 03:57:32,2280,339,2005-07-31 00:09:32,1,2006-02-16 02:30:53
8969,2005-07-30 04:00:19,2043,121,2005-08-06 04:39:19,1,2006-02-16 02:30:53
8970,2005-07-30 04:02:05,2940,313,2005-08-07 03:40:05,2,2006-02-16 02:30:53
8971,2005-07-30 04:03:58,3572,35,2005-08-08 04:16:58,2,2006-02-16 02:30:53
8972,2005-07-30 04:06:25,1974,89,2005-08-04 22:49:25,1,2006-02-16 02:30:53
8973,2005-07-30 04:09:13,886,282,2005-08-07 22:30:13,2,2006-02-16 02:30:53
8974,2005-07-30 04:09:16,3376,425,2005-08-04 06:55:16,1,2006-02-16 02:30:53
8975,2005-07-30 04:10:18,3288,356,2005-08-07 01:06:18,2,2006-02-16 02:30:53
8976,2005-07-30 04:12:32,2135,507,2005-08-04 23:08:32,1,2006-02-16 02:30:53
8977,2005-07-30 04:14:07,4099,334,2005-08-05 23:45:07,2,2006-02-16 02:30:53
8978,2005-07-30 04:14:28,711,5,2005-08-06 09:08:28,1,2006-02-16 02:30:53
8979,2005-07-30 04:20:25,1394,529,2005-08-08 03:39:25,2,2006-02-16 02:30:53
8980,2005-07-30 04:22:15,3061,105,2005-08-04 08:16:15,1,2006-02-16 02:30:53
8981,2005-07-30 04:25:30,4413,310,2005-08-06 02:37:30,1,2006-02-16 02:30:53
8982,2005-07-30 04:31:02,1128,251,2005-07-31 04:22:02,1,2006-02-16 02:30:53
8983,2005-07-30 04:31:08,1861,144,2005-07-31 09:28:08,1,2006-02-16 02:30:53
8984,2005-07-30 04:31:50,2126,485,2005-08-04 03:24:50,1,2006-02-16 02:30:53
8985,2005-07-30 04:34:51,3179,12,2005-08-06 00:45:51,2,2006-02-16 02:30:53
8986,2005-07-30 04:37:20,3992,551,2005-07-31 23:54:20,1,2006-02-16 02:30:53
8987,2005-07-30 04:37:36,1434,135,2005-08-08 10:14:36,2,2006-02-16 02:30:53
8988,2005-07-30 04:38:49,777,487,2005-08-07 07:00:49,2,2006-02-16 02:30:53
8989,2005-07-30 04:39:19,954,575,2005-08-06 02:11:19,1,2006-02-16 02:30:53
8990,2005-07-30 04:41:42,1869,292,2005-08-07 22:50:42,2,2006-02-16 02:30:53
8991,2005-07-30 04:42:54,4540,474,2005-08-01 23:51:54,1,2006-02-16 02:30:53
8992,2005-07-30 04:44:18,4478,54,2005-08-01 00:29:18,1,2006-02-16 02:30:53
8993,2005-07-30 04:51:25,1891,382,2005-08-01 01:04:25,1,2006-02-16 02:30:53
8994,2005-07-30 04:51:32,1527,287,2005-08-07 09:41:32,1,2006-02-16 02:30:53
8995,2005-07-30 04:53:11,3575,331,2005-08-07 00:24:11,1,2006-02-16 02:30:53
8996,2005-07-30 04:53:23,1970,579,2005-07-31 06:01:23,1,2006-02-16 02:30:53
8997,2005-07-30 04:53:56,850,31,2005-08-03 07:10:56,1,2006-02-16 02:30:53
8998,2005-07-30 04:54:14,1573,120,2005-08-08 08:18:14,2,2006-02-16 02:30:53
8999,2005-07-30 04:55:46,3458,424,2005-08-01 00:16:46,2,2006-02-16 02:30:53
9000,2005-07-30 04:58:55,3763,290,2005-08-08 04:01:55,2,2006-02-16 02:30:53
9001,2005-07-30 04:59:41,3682,440,2005-07-31 08:56:41,2,2006-02-16 02:30:53
9002,2005-07-30 05:02:21,1936,137,2005-07-31 04:58:21,1,2006-02-16 02:30:53
9003,2005-07-30 05:02:52,1605,507,2005-07-31 10:33:52,1,2006-02-16 02:30:53
9004,2005-07-30 05:04:27,3775,178,2005-07-31 00:49:27,1,2006-02-16 02:30:53
9005,2005-07-30 05:04:58,157,204,2005-08-03 07:41:58,2,2006-02-16 02:30:53
9006,2005-07-30 05:06:32,3315,49,2005-07-31 08:24:32,1,2006-02-16 02:30:53
9007,2005-07-30 05:09:32,2813,63,2005-08-02 06:12:32,2,2006-02-16 02:30:53
9008,2005-07-30 05:10:26,3592,371,2005-07-31 08:13:26,1,2006-02-16 02:30:53
9009,2005-07-30 05:12:01,4136,166,2005-08-07 10:58:01,1,2006-02-16 02:30:53
9010,2005-07-30 05:12:04,1698,152,2005-08-06 02:54:04,2,2006-02-16 02:30:53
9011,2005-07-30 05:16:29,2799,236,2005-08-05 06:57:29,1,2006-02-16 02:30:53
9012,2005-07-30 05:18:57,3604,494,2005-08-06 06:21:57,1,2006-02-16 02:30:53
9013,2005-07-30 05:19:20,2367,347,2005-08-04 01:35:20,1,2006-02-16 02:30:53
9014,2005-07-30 05:19:27,311,297,2005-08-01 01:10:27,2,2006-02-16 02:30:53
9015,2005-07-30 05:21:32,4128,203,2005-08-08 07:03:32,2,2006-02-16 02:30:53
9016,2005-07-30 05:26:13,4309,312,2005-08-04 00:25:13,2,2006-02-16 02:30:53
9017,2005-07-30 05:26:20,3325,319,2005-08-04 10:00:20,2,2006-02-16 02:30:53
9018,2005-07-30 05:28:40,1982,218,2005-08-07 01:34:40,1,2006-02-16 02:30:53
9019,2005-07-30 05:28:53,946,235,2005-08-03 02:16:53,2,2006-02-16 02:30:53
9020,2005-07-30 05:31:27,1700,142,2005-08-08 06:44:27,2,2006-02-16 02:30:53
9021,2005-07-30 05:34:24,674,498,2005-08-03 04:13:24,1,2006-02-16 02:30:53
9022,2005-07-30 05:34:45,4473,159,2005-08-03 23:57:45,2,2006-02-16 02:30:53
9023,2005-07-30 05:36:40,2911,148,2005-08-07 06:20:40,1,2006-02-16 02:30:53
9024,2005-07-30 05:44:42,164,329,2005-08-05 03:15:42,2,2006-02-16 02:30:53
9025,2005-07-30 05:50:08,2244,473,2005-07-31 09:58:08,1,2006-02-16 02:30:53
9026,2005-07-30 05:55:31,1524,423,2005-08-01 03:19:31,1,2006-02-16 02:30:53
9027,2005-07-30 05:58:27,449,72,2005-08-03 03:02:27,1,2006-02-16 02:30:53
9028,2005-07-30 06:00:35,2687,119,2005-08-02 01:35:35,1,2006-02-16 02:30:53
9029,2005-07-30 06:03:11,2220,52,2005-08-04 01:42:11,1,2006-02-16 02:30:53
9030,2005-07-30 06:05:38,2237,367,2005-08-03 00:19:38,1,2006-02-16 02:30:53
9031,2005-07-30 06:06:10,2377,2,2005-08-04 10:45:10,2,2006-02-16 02:30:53
9032,2005-07-30 06:06:54,4448,369,2005-08-01 05:27:54,1,2006-02-16 02:30:53
9033,2005-07-30 06:07:42,3416,35,2005-08-05 01:18:42,1,2006-02-16 02:30:53
9034,2005-07-30 06:10:58,3847,144,2005-08-08 05:00:58,2,2006-02-16 02:30:53
9035,2005-07-30 06:16:07,3785,243,2005-08-06 09:22:07,1,2006-02-16 02:30:53
9036,2005-07-30 06:18:38,790,18,2005-07-31 01:22:38,1,2006-02-16 02:30:53
9037,2005-07-30 06:23:14,3833,356,2005-08-08 06:25:14,1,2006-02-16 02:30:53
9038,2005-07-30 06:23:35,217,514,2005-08-06 11:10:35,1,2006-02-16 02:30:53
9039,2005-07-30 06:24:28,4493,485,2005-08-08 00:28:28,1,2006-02-16 02:30:53
9040,2005-07-30 06:31:45,392,33,2005-08-03 12:20:45,1,2006-02-16 02:30:53
9041,2005-07-30 06:32:36,1103,454,2005-08-01 10:28:36,2,2006-02-16 02:30:53
9042,2005-07-30 06:33:55,2770,398,2005-08-04 09:31:55,2,2006-02-16 02:30:53
9043,2005-07-30 06:34:07,4127,9,2005-08-02 01:16:07,1,2006-02-16 02:30:53
9044,2005-07-30 06:35:21,3796,319,2005-07-31 10:27:21,1,2006-02-16 02:30:53
9045,2005-07-30 06:36:57,4521,46,2005-08-08 01:51:57,1,2006-02-16 02:30:53
9046,2005-07-30 06:46:55,1736,215,2005-08-01 02:21:55,2,2006-02-16 02:30:53
9047,2005-07-30 06:56:33,256,522,2005-08-08 06:40:33,2,2006-02-16 02:30:53
9048,2005-07-30 06:57:07,3929,100,2005-08-05 00:57:07,1,2006-02-16 02:30:53
9049,2005-07-30 06:57:28,2620,417,2005-08-04 09:02:28,1,2006-02-16 02:30:53
9050,2005-07-30 06:59:55,106,40,2005-08-06 06:37:55,1,2006-02-16 02:30:53
9051,2005-07-30 07:05:54,1847,337,2005-08-07 09:12:54,2,2006-02-16 02:30:53
9052,2005-07-30 07:06:08,3351,408,2005-08-03 10:30:08,1,2006-02-16 02:30:53
9053,2005-07-30 07:07:39,2535,485,2005-08-01 09:22:39,2,2006-02-16 02:30:53
9054,2005-07-30 07:11:44,2860,209,2005-08-08 01:55:44,2,2006-02-16 02:30:53
9055,2005-07-30 07:13:07,634,512,2005-08-01 12:18:07,1,2006-02-16 02:30:53
9056,2005-07-30 07:13:20,4363,380,2005-08-03 07:36:20,1,2006-02-16 02:30:53
9057,2005-07-30 07:14:18,3141,202,2005-08-01 05:10:18,2,2006-02-16 02:30:53
9058,2005-07-30 07:15:45,4214,403,2005-07-31 02:57:45,2,2006-02-16 02:30:53
9059,2005-07-30 07:18:44,480,267,2005-08-08 08:39:44,1,2006-02-16 02:30:53
9060,2005-07-30 07:20:36,4360,87,2005-08-03 10:51:36,1,2006-02-16 02:30:53
9061,2005-07-30 07:21:52,1933,255,2005-08-08 10:52:52,1,2006-02-16 02:30:53
9062,2005-07-30 07:23:17,2780,358,2005-08-02 12:07:17,1,2006-02-16 02:30:53
9063,2005-07-30 07:24:34,2851,564,2005-08-05 01:28:34,2,2006-02-16 02:30:53
9064,2005-07-30 07:24:55,1417,194,2005-08-07 08:44:55,2,2006-02-16 02:30:53
9065,2005-07-30 07:25:09,349,238,2005-07-31 05:18:09,2,2006-02-16 02:30:53
9066,2005-07-30 07:28:54,196,171,2005-08-02 05:23:54,1,2006-02-16 02:30:53
9067,2005-07-30 07:31:01,3628,382,2005-08-04 11:44:01,2,2006-02-16 02:30:53
9068,2005-07-30 07:31:45,2264,78,2005-08-08 06:40:45,1,2006-02-16 02:30:53
9069,2005-07-30 07:39:59,1852,258,2005-08-02 04:10:59,1,2006-02-16 02:30:53
9070,2005-07-30 07:40:39,3690,276,2005-08-01 04:19:39,2,2006-02-16 02:30:53
9071,2005-07-30 07:40:58,3151,523,2005-08-01 06:59:58,2,2006-02-16 02:30:53
9072,2005-07-30 07:45:49,4536,106,2005-08-04 10:00:49,1,2006-02-16 02:30:53
9073,2005-07-30 07:49:56,2185,141,2005-08-05 06:25:56,2,2006-02-16 02:30:53
9074,2005-07-30 07:50:10,3244,84,2005-08-01 11:21:10,2,2006-02-16 02:30:53
9075,2005-07-30 07:55:14,1931,20,2005-08-02 13:49:14,1,2006-02-16 02:30:53
9076,2005-07-30 07:58:12,496,447,2005-08-08 06:04:12,1,2006-02-16 02:30:53
9077,2005-07-30 08:00:19,4324,471,2005-08-08 11:21:19,1,2006-02-16 02:30:53
9078,2005-07-30 08:01:00,955,300,2005-07-31 10:39:00,1,2006-02-16 02:30:53
9079,2005-07-30 08:02:00,2143,193,2005-07-31 04:02:00,2,2006-02-16 02:30:53
9080,2005-07-30 08:02:39,94,276,2005-08-06 12:02:39,1,2006-02-16 02:30:53
9081,2005-07-30 08:09:58,3040,572,2005-08-03 13:27:58,1,2006-02-16 02:30:53
9082,2005-07-30 08:11:22,4042,438,2005-08-06 09:26:22,2,2006-02-16 02:30:53
9083,2005-07-30 08:14:27,456,488,2005-08-07 14:02:27,1,2006-02-16 02:30:53
9084,2005-07-30 08:14:29,3950,171,2005-08-03 11:12:29,2,2006-02-16 02:30:53
9085,2005-07-30 08:17:24,3400,33,2005-08-03 09:35:24,2,2006-02-16 02:30:53
9086,2005-07-30 08:18:46,2779,57,2005-08-06 06:10:46,2,2006-02-16 02:30:53
9087,2005-07-30 08:19:47,4048,546,2005-08-02 07:15:47,1,2006-02-16 02:30:53
9088,2005-07-30 08:21:02,3407,245,2005-08-01 09:55:02,1,2006-02-16 02:30:53
9089,2005-07-30 08:23:39,490,369,2005-07-31 06:00:39,1,2006-02-16 02:30:53
9090,2005-07-30 08:24:42,3426,104,2005-08-08 06:17:42,2,2006-02-16 02:30:53
9091,2005-07-30 08:30:45,2249,66,2005-08-07 13:28:45,1,2006-02-16 02:30:53
9092,2005-07-30 08:30:56,1877,17,2005-08-06 08:09:56,2,2006-02-16 02:30:53
9093,2005-07-30 08:33:24,2208,96,2005-08-04 11:07:24,1,2006-02-16 02:30:53
9094,2005-07-30 08:35:10,2699,140,2005-08-07 08:18:10,2,2006-02-16 02:30:53
9095,2005-07-30 08:38:36,3019,511,2005-07-31 06:14:36,1,2006-02-16 02:30:53
9096,2005-07-30 08:39:23,540,216,2005-08-01 03:33:23,1,2006-02-16 02:30:53
9097,2005-07-30 08:40:35,570,173,2005-08-04 11:19:35,2,2006-02-16 02:30:53
9098,2005-07-30 08:44:21,1267,144,2005-08-08 12:31:21,1,2006-02-16 02:30:53
9099,2005-07-30 08:45:48,594,250,2005-08-01 03:18:48,2,2006-02-16 02:30:53
9100,2005-07-30 08:46:09,4117,4,2005-08-05 10:34:09,1,2006-02-16 02:30:53
9101,2005-07-30 08:47:13,3165,566,2005-08-02 12:52:13,1,2006-02-16 02:30:53
9102,2005-07-30 08:48:20,1154,276,2005-08-04 10:19:20,1,2006-02-16 02:30:53
9103,2005-07-30 08:49:26,3806,280,2005-07-31 14:15:26,1,2006-02-16 02:30:53
9104,2005-07-30 08:49:55,3372,322,2005-08-06 12:23:55,1,2006-02-16 02:30:53
9105,2005-07-30 08:50:25,4443,262,2005-08-05 06:08:25,1,2006-02-16 02:30:53
9106,2005-07-30 08:52:34,2935,148,2005-08-02 07:38:34,2,2006-02-16 02:30:53
9107,2005-07-30 08:52:45,1068,531,2005-08-05 08:39:45,2,2006-02-16 02:30:53
9108,2005-07-30 08:56:36,3977,490,2005-08-04 11:07:36,1,2006-02-16 02:30:53
9109,2005-07-30 08:58:24,787,266,2005-08-07 06:56:24,1,2006-02-16 02:30:53
9110,2005-07-30 09:05:42,1474,317,2005-08-03 05:15:42,1,2006-02-16 02:30:53
9111,2005-07-30 09:05:44,166,211,2005-08-04 14:27:44,2,2006-02-16 02:30:53
9112,2005-07-30 09:06:31,395,74,2005-08-04 05:12:31,2,2006-02-16 02:30:53
9113,2005-07-30 09:09:03,3903,374,2005-07-31 03:13:03,1,2006-02-16 02:30:53
9114,2005-07-30 09:13:21,893,18,2005-08-05 06:00:21,2,2006-02-16 02:30:53
9115,2005-07-30 09:13:55,3750,322,2005-08-04 04:02:55,2,2006-02-16 02:30:53
9116,2005-07-30 09:19:41,2917,446,2005-08-03 08:01:41,2,2006-02-16 02:30:53
9117,2005-07-30 09:20:59,3055,371,2005-08-07 08:47:59,1,2006-02-16 02:30:53
9118,2005-07-30 09:24:18,4538,172,2005-08-02 14:46:18,2,2006-02-16 02:30:53
9119,2005-07-30 09:25:56,275,305,2005-08-03 03:36:56,1,2006-02-16 02:30:53
9120,2005-07-30 09:26:08,139,473,2005-08-08 09:52:08,1,2006-02-16 02:30:53
9121,2005-07-30 09:36:26,3098,150,2005-08-05 15:17:26,2,2006-02-16 02:30:53
9122,2005-07-30 09:36:52,627,365,2005-08-05 13:20:52,1,2006-02-16 02:30:53
9123,2005-07-30 09:39:15,3748,293,2005-08-02 08:12:15,2,2006-02-16 02:30:53
9124,2005-07-30 09:43:12,4552,105,2005-08-06 06:17:12,1,2006-02-16 02:30:53
9125,2005-07-30 09:43:39,333,335,2005-08-07 14:02:39,1,2006-02-16 02:30:53
9126,2005-07-30 09:44:15,4495,590,2005-08-02 11:02:15,2,2006-02-16 02:30:53
9127,2005-07-30 09:46:36,4114,300,2005-07-31 07:43:36,1,2006-02-16 02:30:53
9128,2005-07-30 09:51:14,3647,372,2005-08-07 06:23:14,1,2006-02-16 02:30:53
9129,2005-07-30 09:51:21,2658,125,2005-08-07 08:50:21,2,2006-02-16 02:30:53
9130,2005-07-30 09:55:10,1715,354,2005-08-04 08:57:10,1,2006-02-16 02:30:53
9131,2005-07-30 09:55:57,623,142,2005-08-01 14:21:57,1,2006-02-16 02:30:53
9132,2005-07-30 09:56:00,402,159,2005-08-02 09:22:00,1,2006-02-16 02:30:53
9133,2005-07-30 09:59:00,408,576,2005-08-07 04:24:00,1,2006-02-16 02:30:53
9134,2005-07-30 10:00:21,3797,559,2005-08-01 05:01:21,1,2006-02-16 02:30:53
9135,2005-07-30 10:06:53,821,161,2005-08-03 13:57:53,2,2006-02-16 02:30:53
9136,2005-07-30 10:07:20,1734,57,2005-07-31 08:20:20,2,2006-02-16 02:30:53
9137,2005-07-30 10:09:24,840,459,2005-08-06 04:30:24,2,2006-02-16 02:30:53
9138,2005-07-30 10:11:52,2550,17,2005-07-31 07:05:52,2,2006-02-16 02:30:53
9139,2005-07-30 10:11:52,2809,133,2005-08-03 12:44:52,1,2006-02-16 02:30:53
9140,2005-07-30 10:12:01,4095,25,2005-08-06 09:16:01,2,2006-02-16 02:30:53
9141,2005-07-30 10:16:04,3087,484,2005-08-05 08:01:04,1,2006-02-16 02:30:53
9142,2005-07-30 10:21:03,4467,486,2005-08-04 15:14:03,1,2006-02-16 02:30:53
9143,2005-07-30 10:22:11,2962,511,2005-08-07 06:13:11,2,2006-02-16 02:30:53
9144,2005-07-30 10:22:15,718,381,2005-08-05 08:14:15,1,2006-02-16 02:30:53
9145,2005-07-30 10:27:55,559,176,2005-08-07 14:41:55,2,2006-02-16 02:30:53
9146,2005-07-30 10:32:08,483,302,2005-08-08 14:30:08,1,2006-02-16 02:30:53
9147,2005-07-30 10:38:59,4167,394,2005-08-02 11:45:59,2,2006-02-16 02:30:53
9148,2005-07-30 10:39:10,1407,333,2005-08-04 07:17:10,2,2006-02-16 02:30:53
9149,2005-07-30 10:45:12,2632,21,2005-08-01 09:40:12,1,2006-02-16 02:30:53
9150,2005-07-30 10:49:32,2834,213,2005-08-08 15:43:32,1,2006-02-16 02:30:53
9151,2005-07-30 10:50:53,3956,102,2005-08-07 08:19:53,1,2006-02-16 02:30:53
9152,2005-07-30 10:51:27,3607,595,2005-07-31 06:38:27,2,2006-02-16 02:30:53
9153,2005-07-30 10:58:16,3743,589,2005-08-03 06:16:16,2,2006-02-16 02:30:53
9154,2005-07-30 10:59:54,576,312,2005-08-05 16:47:54,1,2006-02-16 02:30:53
9155,2005-07-30 11:00:00,3787,107,2005-08-02 05:24:00,2,2006-02-16 02:30:53
9156,2005-07-30 11:04:55,1747,145,2005-07-31 14:10:55,2,2006-02-16 02:30:53
9157,2005-07-30 11:06:23,146,19,2005-08-05 05:29:23,2,2006-02-16 02:30:53
9158,2005-07-30 11:12:03,4017,16,2005-08-02 05:55:03,2,2006-02-16 02:30:53
9159,2005-07-30 11:16:37,1234,217,2005-08-03 10:32:37,1,2006-02-16 02:30:53
9160,2005-07-30 11:17:33,183,34,2005-08-06 15:16:33,2,2006-02-16 02:30:53
9161,2005-07-30 11:19:18,969,433,2005-08-02 05:32:18,1,2006-02-16 02:30:53
9162,2005-07-30 11:21:56,4198,184,2005-08-02 15:32:56,1,2006-02-16 02:30:53
9163,2005-07-30 11:23:22,4562,345,2005-07-31 07:34:22,2,2006-02-16 02:30:53
9164,2005-07-30 11:24:14,4434,342,2005-08-08 16:24:14,1,2006-02-16 02:30:53
9165,2005-07-30 11:24:28,4034,291,2005-08-03 09:38:28,1,2006-02-16 02:30:53
9166,2005-07-30 11:26:28,308,12,2005-08-04 12:32:28,1,2006-02-16 02:30:53
9167,2005-07-30 11:30:37,1785,162,2005-08-08 17:13:37,1,2006-02-16 02:30:53
9168,2005-07-30 11:31:17,2035,75,2005-08-08 16:56:17,2,2006-02-16 02:30:53
9169,2005-07-30 11:35:00,1567,245,2005-08-06 16:16:00,2,2006-02-16 02:30:53
9170,2005-07-30 11:35:24,4279,425,2005-08-05 05:36:24,1,2006-02-16 02:30:53
9171,2005-07-30 11:36:24,1832,189,2005-08-07 06:04:24,2,2006-02-16 02:30:53
9172,2005-07-30 11:36:38,695,437,2005-08-04 09:39:38,1,2006-02-16 02:30:53
9173,2005-07-30 11:40:10,2103,381,2005-08-04 05:40:10,2,2006-02-16 02:30:53
9174,2005-07-30 11:42:10,2636,144,2005-07-31 09:52:10,1,2006-02-16 02:30:53
9175,2005-07-30 11:47:48,358,133,2005-08-02 08:13:48,1,2006-02-16 02:30:53
9176,2005-07-30 11:50:54,2659,260,2005-08-02 14:25:54,2,2006-02-16 02:30:53
9177,2005-07-30 11:52:40,1088,400,2005-08-08 09:35:40,1,2006-02-16 02:30:53
9178,2005-07-30 11:58:50,2046,448,2005-08-08 15:24:50,2,2006-02-16 02:30:53
9179,2005-07-30 12:02:41,62,50,2005-08-05 15:23:41,2,2006-02-16 02:30:53
9180,2005-07-30 12:03:15,3479,442,2005-08-01 14:25:15,1,2006-02-16 02:30:53
9181,2005-07-30 12:05:58,3953,224,2005-08-02 06:22:58,1,2006-02-16 02:30:53
9182,2005-07-30 12:06:58,2533,165,2005-08-08 11:33:58,2,2006-02-16 02:30:53
9183,2005-07-30 12:09:56,4320,475,2005-08-06 11:50:56,2,2006-02-16 02:30:53
9184,2005-07-30 12:10:19,51,365,2005-08-01 07:35:19,2,2006-02-16 02:30:53
9185,2005-07-30 12:10:40,2268,426,2005-08-06 07:01:40,1,2006-02-16 02:30:53
9186,2005-07-30 12:13:48,4513,273,2005-07-31 11:59:48,1,2006-02-16 02:30:53
9187,2005-07-30 12:14:03,4008,469,2005-08-04 13:10:03,2,2006-02-16 02:30:53
9188,2005-07-30 12:19:54,727,195,2005-08-06 09:12:54,2,2006-02-16 02:30:53
9189,2005-07-30 12:20:59,4529,485,2005-08-06 16:15:59,1,2006-02-16 02:30:53
9190,2005-07-30 12:24:17,4421,177,2005-08-03 07:41:17,2,2006-02-16 02:30:53
9191,2005-07-30 12:25:51,500,314,2005-08-05 16:13:51,1,2006-02-16 02:30:53
9192,2005-07-30 12:26:26,2372,102,2005-08-04 07:54:26,2,2006-02-16 02:30:53
9193,2005-07-30 12:28:42,3470,69,2005-08-02 12:17:42,2,2006-02-16 02:30:53
9194,2005-07-30 12:28:45,2467,294,2005-08-06 14:38:45,1,2006-02-16 02:30:53
9195,2005-07-30 12:29:43,944,440,2005-08-04 12:35:43,1,2006-02-16 02:30:53
9196,2005-07-30 12:30:19,4298,251,2005-07-31 18:01:19,2,2006-02-16 02:30:53
9197,2005-07-30 12:31:36,3214,168,2005-08-03 09:05:36,1,2006-02-16 02:30:53
9198,2005-07-30 12:37:08,2371,105,2005-08-07 16:37:08,2,2006-02-16 02:30:53
9199,2005-07-30 12:38:00,4336,580,2005-08-01 07:09:00,1,2006-02-16 02:30:53
9200,2005-07-30 12:39:52,3277,137,2005-08-08 09:43:52,2,2006-02-16 02:30:53
9201,2005-07-30 12:42:21,4387,291,2005-08-08 06:50:21,1,2006-02-16 02:30:53
9202,2005-07-30 12:43:24,4525,466,2005-08-07 10:39:24,2,2006-02-16 02:30:53
9203,2005-07-30 12:43:40,2112,169,2005-08-01 09:31:40,2,2006-02-16 02:30:53
9204,2005-07-30 12:43:58,4378,43,2005-08-03 16:26:58,2,2006-02-16 02:30:53
9205,2005-07-30 12:46:40,4165,259,2005-08-08 14:58:40,1,2006-02-16 02:30:53
9206,2005-07-30 12:46:59,2021,404,2005-08-03 14:58:59,1,2006-02-16 02:30:53
9207,2005-07-30 12:49:57,1346,345,2005-07-31 14:32:57,2,2006-02-16 02:30:53
9208,2005-07-30 12:54:03,2751,339,2005-08-06 17:22:03,2,2006-02-16 02:30:53
9209,2005-07-30 12:55:36,3940,23,2005-08-03 11:31:36,2,2006-02-16 02:30:53
9210,2005-07-30 12:56:44,101,105,2005-08-08 09:41:44,2,2006-02-16 02:30:53
9211,2005-07-30 12:59:45,595,57,2005-08-07 18:17:45,2,2006-02-16 02:30:53
9212,2005-07-30 13:03:13,2111,73,2005-08-06 09:48:13,1,2006-02-16 02:30:53
9213,2005-07-30 13:07:11,184,388,2005-08-01 15:30:11,1,2006-02-16 02:30:53
9214,2005-07-30 13:10:14,2823,181,2005-08-06 14:22:14,2,2006-02-16 02:30:53
9215,2005-07-30 13:11:11,3591,128,2005-08-06 13:06:11,1,2006-02-16 02:30:53
9216,2005-07-30 13:11:19,2783,38,2005-07-31 11:27:19,2,2006-02-16 02:30:53
9217,2005-07-30 13:13:55,1561,112,2005-08-05 17:27:55,1,2006-02-16 02:30:53
9218,2005-07-30 13:14:35,119,172,2005-08-07 18:03:35,1,2006-02-16 02:30:53
9219,2005-07-30 13:15:21,771,329,2005-08-01 11:39:21,1,2006-02-16 02:30:53
9220,2005-07-30 13:17:27,2463,569,2005-08-07 11:34:27,2,2006-02-16 02:30:53
9221,2005-07-30 13:20:06,2496,113,2005-08-06 13:58:06,2,2006-02-16 02:30:53
9222,2005-07-30 13:21:08,3648,95,2005-08-08 10:42:08,2,2006-02-16 02:30:53
9223,2005-07-30 13:23:20,3231,595,2005-08-04 11:24:20,1,2006-02-16 02:30:53
9224,2005-07-30 13:25:37,2260,406,2005-08-01 15:13:37,2,2006-02-16 02:30:53
9225,2005-07-30 13:29:47,1992,391,2005-08-02 17:08:47,2,2006-02-16 02:30:53
9226,2005-07-30 13:31:20,4315,3,2005-08-06 16:42:20,1,2006-02-16 02:30:53
9227,2005-07-30 13:36:13,2353,522,2005-08-07 17:39:13,1,2006-02-16 02:30:53
9228,2005-07-30 13:36:57,2325,91,2005-08-05 10:43:57,1,2006-02-16 02:30:53
9229,2005-07-30 13:38:17,3780,276,2005-08-08 18:17:17,2,2006-02-16 02:30:53
9230,2005-07-30 13:39:42,1199,109,2005-07-31 19:20:42,1,2006-02-16 02:30:53
9231,2005-07-30 13:42:15,1587,489,2005-08-02 19:27:15,1,2006-02-16 02:30:53
9232,2005-07-30 13:43:00,1991,502,2005-08-02 11:39:00,2,2006-02-16 02:30:53
9233,2005-07-30 13:44:15,2320,357,2005-08-07 13:02:15,2,2006-02-16 02:30:53
9234,2005-07-30 13:45:54,1660,128,2005-08-02 15:33:54,1,2006-02-16 02:30:53
9235,2005-07-30 13:47:17,984,181,2005-08-06 17:15:17,2,2006-02-16 02:30:53
9236,2005-07-30 13:47:43,4030,2,2005-08-08 18:52:43,1,2006-02-16 02:30:53
9237,2005-07-30 13:48:17,2777,157,2005-07-31 13:57:17,2,2006-02-16 02:30:53
9238,2005-07-30 13:49:43,3356,12,2005-08-08 08:25:43,2,2006-02-16 02:30:53
9239,2005-07-30 13:50:52,1728,580,2005-08-06 16:28:52,1,2006-02-16 02:30:53
9240,2005-07-30 13:57:54,587,92,2005-08-03 12:23:54,2,2006-02-16 02:30:53
9241,2005-07-30 13:58:41,4145,187,2005-08-04 09:44:41,2,2006-02-16 02:30:53
9242,2005-07-30 14:03:58,755,306,2005-08-02 18:09:58,2,2006-02-16 02:30:53
9243,2005-07-30 14:06:27,876,516,2005-08-06 09:26:27,2,2006-02-16 02:30:53
9244,2005-07-30 14:06:53,3640,27,2005-08-03 19:46:53,1,2006-02-16 02:30:53
9245,2005-07-30 14:07:50,2586,116,2005-08-06 17:59:50,2,2006-02-16 02:30:53
9246,2005-07-30 14:12:31,3390,185,2005-08-02 14:25:31,2,2006-02-16 02:30:53
9247,2005-07-30 14:13:56,4106,426,2005-08-02 16:34:56,2,2006-02-16 02:30:53
9248,2005-07-30 14:14:11,1382,2,2005-08-05 11:19:11,1,2006-02-16 02:30:53
9249,2005-07-30 14:15:02,2015,296,2005-08-05 13:02:02,1,2006-02-16 02:30:53
9250,2005-07-30 14:18:16,4544,539,2005-08-04 12:31:16,1,2006-02-16 02:30:53
9251,2005-07-30 14:19:25,2948,390,2005-08-08 11:22:25,2,2006-02-16 02:30:53
9252,2005-07-30 14:19:59,2350,322,2005-08-07 15:17:59,1,2006-02-16 02:30:53
9253,2005-07-30 14:20:12,4183,151,2005-07-31 11:31:12,2,2006-02-16 02:30:53
9254,2005-07-30 14:26:11,495,33,2005-08-04 16:12:11,1,2006-02-16 02:30:53
9255,2005-07-30 14:26:46,1596,23,2005-08-07 18:16:46,1,2006-02-16 02:30:53
9256,2005-07-30 14:29:29,4021,19,2005-08-05 16:59:29,1,2006-02-16 02:30:53
9257,2005-07-30 14:30:38,2615,466,2005-08-04 17:57:38,1,2006-02-16 02:30:53
9258,2005-07-30 14:31:31,2007,275,2005-08-05 16:29:31,2,2006-02-16 02:30:53
9259,2005-07-30 14:37:44,97,138,2005-08-06 18:05:44,2,2006-02-16 02:30:53
9260,2005-07-30 14:38:22,3969,13,2005-08-07 18:47:22,2,2006-02-16 02:30:53
9261,2005-07-30 14:39:35,372,380,2005-08-08 11:26:35,1,2006-02-16 02:30:53
9262,2005-07-30 14:45:02,2322,349,2005-08-05 15:18:02,2,2006-02-16 02:30:53
9263,2005-07-30 14:48:24,73,410,2005-08-04 19:06:24,2,2006-02-16 02:30:53
9264,2005-07-30 14:51:36,4071,157,2005-08-02 10:06:36,1,2006-02-16 02:30:53
9265,2005-07-30 14:55:25,3700,560,2005-08-02 11:34:25,1,2006-02-16 02:30:53
9266,2005-07-30 14:59:01,1705,364,2005-07-31 17:01:01,2,2006-02-16 02:30:53
9267,2005-07-30 14:59:05,645,409,2005-08-04 10:17:05,1,2006-02-16 02:30:53
9268,2005-07-30 15:02:30,3593,592,2005-08-05 12:50:30,1,2006-02-16 02:30:53
9269,2005-07-30 15:02:33,548,435,2005-08-02 16:32:33,1,2006-02-16 02:30:53
9270,2005-07-30 15:03:16,700,232,2005-07-31 16:09:16,2,2006-02-16 02:30:53
9271,2005-07-30 15:04:31,2660,100,2005-07-31 20:33:31,1,2006-02-16 02:30:53
9272,2005-07-30 15:05:22,1352,553,2005-08-05 10:02:22,2,2006-02-16 02:30:53
9273,2005-07-30 15:05:36,1867,497,2005-08-08 09:07:36,1,2006-02-16 02:30:53
9274,2005-07-30 15:07:04,4424,47,2005-08-06 11:17:04,2,2006-02-16 02:30:53
9275,2005-07-30 15:09:15,1916,439,2005-07-31 10:23:15,2,2006-02-16 02:30:53
9276,2005-07-30 15:09:28,1528,237,2005-08-06 19:39:28,1,2006-02-16 02:30:53
9277,2005-07-30 15:13:45,3734,82,2005-08-05 10:25:45,2,2006-02-16 02:30:53
9278,2005-07-30 15:15:19,3782,581,2005-08-03 20:21:19,1,2006-02-16 02:30:53
9279,2005-07-30 15:15:21,1070,567,2005-08-07 18:46:21,1,2006-02-16 02:30:53
9280,2005-07-30 15:15:38,4103,286,2005-08-05 19:20:38,2,2006-02-16 02:30:53
9281,2005-07-30 15:15:51,3086,398,2005-08-05 12:58:51,1,2006-02-16 02:30:53
9282,2005-07-30 15:17:31,736,259,2005-08-07 20:46:31,1,2006-02-16 02:30:53
9283,2005-07-30 15:25:19,1858,360,2005-08-01 15:35:19,2,2006-02-16 02:30:53
9284,2005-07-30 15:25:19,3976,38,2005-08-01 17:45:19,2,2006-02-16 02:30:53
9285,2005-07-30 15:26:08,3686,273,2005-08-06 15:59:08,2,2006-02-16 02:30:53
9286,2005-07-30 15:32:28,2477,154,2005-07-31 20:42:28,2,2006-02-16 02:30:53
9287,2005-07-30 15:35:39,2048,551,2005-08-02 10:15:39,1,2006-02-16 02:30:53
9288,2005-07-30 15:56:39,2640,447,2005-08-04 13:25:39,2,2006-02-16 02:30:53
9289,2005-07-30 15:57:04,389,453,2005-08-07 18:46:04,1,2006-02-16 02:30:53
9290,2005-07-30 15:59:08,2275,500,2005-08-06 21:49:08,2,2006-02-16 02:30:53
9291,2005-07-30 16:03:39,2884,406,2005-08-05 11:11:39,2,2006-02-16 02:30:53
9292,2005-07-30 16:08:21,1702,11,2005-08-07 10:38:21,2,2006-02-16 02:30:53
9293,2005-07-30 16:12:28,1676,65,2005-08-05 18:34:28,2,2006-02-16 02:30:53
9294,2005-07-30 16:14:37,2468,433,2005-08-07 18:49:37,1,2006-02-16 02:30:53
9295,2005-07-30 16:18:39,494,102,2005-08-03 12:46:39,1,2006-02-16 02:30:53
9296,2005-07-30 16:21:13,4088,2,2005-08-08 11:57:13,1,2006-02-16 02:30:53
9297,2005-07-30 16:26:29,3502,191,2005-08-03 13:51:29,1,2006-02-16 02:30:53
9298,2005-07-30 16:27:53,2106,208,2005-08-07 12:32:53,2,2006-02-16 02:30:53
9299,2005-07-30 16:32:51,1515,555,2005-08-08 15:28:51,2,2006-02-16 02:30:53
9300,2005-07-30 16:33:12,1639,571,2005-08-05 15:56:12,1,2006-02-16 02:30:53
9301,2005-07-30 16:34:29,1073,174,2005-07-31 18:41:29,2,2006-02-16 02:30:53
9302,2005-07-30 16:34:57,2326,55,2005-07-31 11:08:57,2,2006-02-16 02:30:53
9303,2005-07-30 16:35:59,4299,186,2005-08-03 18:31:59,1,2006-02-16 02:30:53
9304,2005-07-30 16:41:34,2937,296,2005-08-02 13:55:34,2,2006-02-16 02:30:53
9305,2005-07-30 16:45:56,1224,82,2005-08-08 21:15:56,2,2006-02-16 02:30:53
9306,2005-07-30 16:47:17,3983,336,2005-08-02 22:15:17,1,2006-02-16 02:30:53
9307,2005-07-30 16:52:43,3831,538,2005-08-01 11:58:43,1,2006-02-16 02:30:53
9308,2005-07-30 16:53:21,2202,267,2005-08-08 15:33:21,2,2006-02-16 02:30:53
9309,2005-07-30 16:55:53,3616,30,2005-08-07 11:23:53,1,2006-02-16 02:30:53
9310,2005-07-30 16:57:09,2957,529,2005-08-03 18:14:09,1,2006-02-16 02:30:53
9311,2005-07-30 16:58:31,1432,178,2005-08-07 15:23:31,1,2006-02-16 02:30:53
9312,2005-07-30 16:59:17,2483,76,2005-08-03 17:24:17,2,2006-02-16 02:30:53
9313,2005-07-30 16:59:43,4070,41,2005-08-05 14:06:43,2,2006-02-16 02:30:53
9314,2005-07-30 17:05:19,2358,390,2005-07-31 12:19:19,1,2006-02-16 02:30:53
9315,2005-07-30 17:05:29,444,96,2005-08-01 12:47:29,1,2006-02-16 02:30:53
9316,2005-07-30 17:11:58,4409,366,2005-08-05 14:36:58,1,2006-02-16 02:30:53
9317,2005-07-30 17:13:37,4138,217,2005-08-08 11:33:37,1,2006-02-16 02:30:53
9318,2005-07-30 17:14:30,2426,314,2005-08-06 16:53:30,1,2006-02-16 02:30:53
9319,2005-07-30 17:15:27,4066,136,2005-08-03 14:03:27,1,2006-02-16 02:30:53
9320,2005-07-30 17:16:39,909,221,2005-08-06 18:43:39,2,2006-02-16 02:30:53
9321,2005-07-30 17:19:44,3558,112,2005-08-06 22:42:44,2,2006-02-16 02:30:53
9322,2005-07-30 17:21:39,223,439,2005-08-06 16:58:39,2,2006-02-16 02:30:53
9323,2005-07-30 17:21:44,3749,131,2005-08-03 16:28:44,1,2006-02-16 02:30:53
9324,2005-07-30 17:28:52,1231,332,2005-08-06 19:02:52,1,2006-02-16 02:30:53
9325,2005-07-30 17:29:19,1938,476,2005-08-08 12:55:19,2,2006-02-16 02:30:53
9326,2005-07-30 17:30:03,3772,588,2005-08-01 13:41:03,2,2006-02-16 02:30:53
9327,2005-07-30 17:31:03,345,373,2005-08-08 19:16:03,1,2006-02-16 02:30:53
9328,2005-07-30 17:32:11,1087,89,2005-08-05 13:36:11,1,2006-02-16 02:30:53
9329,2005-07-30 17:42:38,1293,593,2005-08-08 23:17:38,1,2006-02-16 02:30:53
9330,2005-07-30 17:44:24,4227,232,2005-08-08 17:39:24,1,2006-02-16 02:30:53
9331,2005-07-30 17:46:50,2248,274,2005-08-01 19:03:50,1,2006-02-16 02:30:53
9332,2005-07-30 17:53:39,1156,480,2005-08-02 12:25:39,1,2006-02-16 02:30:53
9333,2005-07-30 17:53:45,1377,437,2005-07-31 22:35:45,2,2006-02-16 02:30:53
9334,2005-07-30 17:56:38,1499,25,2005-08-03 21:27:38,1,2006-02-16 02:30:53
9335,2005-07-30 18:00:53,1006,522,2005-08-01 16:05:53,1,2006-02-16 02:30:53
9336,2005-07-30 18:01:15,1911,557,2005-08-05 23:10:15,1,2006-02-16 02:30:53
9337,2005-07-30 18:02:25,2363,90,2005-07-31 12:30:25,2,2006-02-16 02:30:53
9338,2005-07-30 18:03:13,1482,333,2005-08-08 23:57:13,2,2006-02-16 02:30:53
9339,2005-07-30 18:03:28,3171,68,2005-08-08 19:45:28,2,2006-02-16 02:30:53
9340,2005-07-30 18:07:16,3228,213,2005-08-04 14:33:16,2,2006-02-16 02:30:53
9341,2005-07-30 18:07:58,894,557,2005-08-01 17:43:58,1,2006-02-16 02:30:53
9342,2005-07-30 18:09:56,2318,552,2005-08-08 13:54:56,2,2006-02-16 02:30:53
9343,2005-07-30 18:13:13,3521,53,2005-08-02 13:48:13,1,2006-02-16 02:30:53
9344,2005-07-30 18:13:45,1005,396,2005-08-07 15:23:45,2,2006-02-16 02:30:53
9345,2005-07-30 18:13:51,2042,436,2005-08-07 13:45:51,2,2006-02-16 02:30:53
9346,2005-07-30 18:13:52,2845,196,2005-08-03 17:58:52,1,2006-02-16 02:30:53
9347,2005-07-30 18:16:03,3557,479,2005-08-05 18:35:03,1,2006-02-16 02:30:53
9348,2005-07-30 18:17:09,3128,87,2005-08-07 15:25:09,1,2006-02-16 02:30:53
9349,2005-07-30 18:20:08,3739,579,2005-08-08 22:06:08,1,2006-02-16 02:30:53
9350,2005-07-30 18:24:30,798,434,2005-08-02 15:34:30,2,2006-02-16 02:30:53
9351,2005-07-30 18:28:30,2063,107,2005-08-02 17:26:30,1,2006-02-16 02:30:53
9352,2005-07-30 18:29:26,2619,360,2005-07-31 19:43:26,1,2006-02-16 02:30:53
9353,2005-07-30 18:30:37,3581,283,2005-08-06 22:32:37,2,2006-02-16 02:30:53
9354,2005-07-30 18:32:51,510,595,2005-08-02 21:28:51,2,2006-02-16 02:30:53
9355,2005-07-30 18:35:25,1122,201,2005-08-03 20:33:25,2,2006-02-16 02:30:53
9356,2005-07-30 18:36:24,4188,60,2005-08-03 14:10:24,1,2006-02-16 02:30:53
9357,2005-07-30 18:37:00,3927,181,2005-08-08 19:57:00,2,2006-02-16 02:30:53
9358,2005-07-30 18:37:24,712,302,2005-08-07 23:34:24,2,2006-02-16 02:30:53
9359,2005-07-30 18:39:28,21,501,2005-07-31 15:39:28,1,2006-02-16 02:30:53
9360,2005-07-30 18:39:43,2119,186,2005-08-04 22:41:43,2,2006-02-16 02:30:53
9361,2005-07-30 18:43:49,4163,335,2005-08-06 21:24:49,1,2006-02-16 02:30:53
9362,2005-07-30 18:44:16,3357,420,2005-08-01 20:14:16,1,2006-02-16 02:30:53
9363,2005-07-30 18:44:23,873,323,2005-08-04 15:03:23,1,2006-02-16 02:30:53
9364,2005-07-30 18:44:44,306,87,2005-08-08 23:55:44,2,2006-02-16 02:30:53
9365,2005-07-30 18:46:02,1539,232,2005-08-03 20:15:02,1,2006-02-16 02:30:53
9366,2005-07-30 18:48:57,4013,557,2005-08-03 15:17:57,2,2006-02-16 02:30:53
9367,2005-07-30 18:49:58,793,557,2005-08-08 22:04:58,1,2006-02-16 02:30:53
9368,2005-07-30 18:50:53,3026,388,2005-08-05 17:56:53,2,2006-02-16 02:30:53
9369,2005-07-30 18:52:19,3538,36,2005-08-01 12:53:19,1,2006-02-16 02:30:53
9370,2005-07-30 18:57:29,4433,588,2005-08-01 21:35:29,2,2006-02-16 02:30:53
9371,2005-07-30 18:58:00,2980,4,2005-08-03 15:14:00,1,2006-02-16 02:30:53
9372,2005-07-30 19:04:30,4075,454,2005-08-09 00:18:30,2,2006-02-16 02:30:53
9373,2005-07-30 19:05:36,3478,180,2005-08-05 16:16:36,2,2006-02-16 02:30:53
9374,2005-07-30 19:10:03,103,302,2005-08-06 21:54:03,2,2006-02-16 02:30:53
9375,2005-07-30 19:10:17,3063,529,2005-08-02 23:00:17,1,2006-02-16 02:30:53
9376,2005-07-30 19:11:49,451,86,2005-08-04 18:14:49,1,2006-02-16 02:30:53
9377,2005-07-30 19:12:18,4164,421,2005-08-05 19:38:18,1,2006-02-16 02:30:53
9378,2005-07-30 19:12:54,2209,197,2005-08-05 18:16:54,1,2006-02-16 02:30:53
9379,2005-07-30 19:13:01,3855,452,2005-08-07 19:18:01,2,2006-02-16 02:30:53
9380,2005-07-30 19:17:31,4403,264,2005-08-01 20:46:31,1,2006-02-16 02:30:53
9381,2005-07-30 19:23:04,4064,329,2005-07-31 23:37:04,2,2006-02-16 02:30:53
9382,2005-07-30 19:23:44,2127,17,2005-08-06 16:20:44,2,2006-02-16 02:30:53
9383,2005-07-30 19:24:50,2806,416,2005-08-01 21:41:50,2,2006-02-16 02:30:53
9384,2005-07-30 19:25:35,2313,220,2005-08-08 21:50:35,1,2006-02-16 02:30:53
9385,2005-07-30 19:25:49,3453,570,2005-08-08 17:08:49,2,2006-02-16 02:30:53
9386,2005-07-30 19:26:21,1123,189,2005-08-05 21:00:21,2,2006-02-16 02:30:53
9387,2005-07-30 19:27:05,577,495,2005-08-07 21:19:05,2,2006-02-16 02:30:53
9388,2005-07-30 19:27:22,2116,332,2005-08-08 15:31:22,2,2006-02-16 02:30:53
9389,2005-07-30 19:27:59,3124,198,2005-08-04 18:25:59,2,2006-02-16 02:30:53
9390,2005-07-30 19:42:07,1794,103,2005-08-01 23:17:07,1,2006-02-16 02:30:53
9391,2005-07-30 19:48:41,665,273,2005-08-04 15:27:41,1,2006-02-16 02:30:53
9392,2005-07-30 19:50:13,2797,29,2005-08-03 22:38:13,2,2006-02-16 02:30:53
9393,2005-07-30 20:04:48,843,158,2005-08-02 15:52:48,2,2006-02-16 02:30:53
9394,2005-07-30 20:06:24,161,204,2005-08-06 22:36:24,1,2006-02-16 02:30:53
9395,2005-07-30 20:07:06,1298,306,2005-08-08 21:21:06,1,2006-02-16 02:30:53
9396,2005-07-30 20:07:24,1250,91,2005-08-03 21:20:24,2,2006-02-16 02:30:53
9397,2005-07-30 20:07:29,1550,373,2005-08-05 00:36:29,1,2006-02-16 02:30:53
9398,2005-07-30 20:09:00,1175,570,2005-08-01 23:35:00,2,2006-02-16 02:30:53
9399,2005-07-30 20:14:50,3668,569,2005-08-03 17:30:50,1,2006-02-16 02:30:53
9400,2005-07-30 20:15:58,3910,368,2005-08-03 21:21:58,1,2006-02-16 02:30:53
9401,2005-07-30 20:18:19,2057,331,2005-08-07 15:46:19,1,2006-02-16 02:30:53
9402,2005-07-30 20:18:27,2424,48,2005-08-07 21:29:27,2,2006-02-16 02:30:53
9403,2005-07-30 20:18:53,3466,267,2005-08-06 19:54:53,1,2006-02-16 02:30:53
9404,2005-07-30 20:21:35,3832,140,2005-08-02 15:52:35,1,2006-02-16 02:30:53
9405,2005-07-30 20:22:17,1983,463,2005-08-08 16:55:17,1,2006-02-16 02:30:53
9406,2005-07-30 20:24:00,3419,453,2005-08-07 19:50:00,1,2006-02-16 02:30:53
9407,2005-07-30 20:25:24,2594,585,2005-08-08 22:51:24,2,2006-02-16 02:30:53
9408,2005-07-30 20:32:09,4383,571,2005-08-04 20:14:09,2,2006-02-16 02:30:53
9409,2005-07-30 20:33:53,3053,156,2005-08-05 18:32:53,2,2006-02-16 02:30:53
9410,2005-07-30 20:38:05,1789,22,2005-07-31 19:57:05,2,2006-02-16 02:30:53
9411,2005-07-30 20:38:22,3484,536,2005-08-06 01:23:22,2,2006-02-16 02:30:53
9412,2005-07-30 20:44:10,2482,522,2005-08-06 21:13:10,2,2006-02-16 02:30:53
9413,2005-07-30 20:44:39,2618,290,2005-08-01 01:56:39,2,2006-02-16 02:30:53
9414,2005-07-30 20:46:02,578,484,2005-08-07 21:23:02,2,2006-02-16 02:30:53
9415,2005-07-30 20:48:31,3336,139,2005-08-05 19:45:31,2,2006-02-16 02:30:53
9416,2005-07-30 20:52:45,1470,265,2005-08-02 17:38:45,2,2006-02-16 02:30:53
9417,2005-07-30 20:54:55,2509,519,2005-08-04 00:54:55,2,2006-02-16 02:30:53
9418,2005-07-30 21:00:52,241,168,2005-08-08 15:56:52,2,2006-02-16 02:30:53
9419,2005-07-30 21:04:59,4427,142,2005-08-06 15:47:59,2,2006-02-16 02:30:53
9420,2005-07-30 21:05:18,147,72,2005-08-05 23:52:18,2,2006-02-16 02:30:53
9421,2005-07-30 21:08:32,2206,161,2005-08-02 00:43:32,1,2006-02-16 02:30:53
9422,2005-07-30 21:08:41,1843,470,2005-08-07 15:55:41,1,2006-02-16 02:30:53
9423,2005-07-30 21:10:14,3145,242,2005-08-07 16:34:14,2,2006-02-16 02:30:53
9424,2005-07-30 21:10:56,4499,256,2005-08-05 00:01:56,1,2006-02-16 02:30:53
9425,2005-07-30 21:11:21,271,295,2005-08-05 19:00:21,1,2006-02-16 02:30:53
9427,2005-07-30 21:16:33,1494,85,2005-08-05 17:23:33,2,2006-02-16 02:30:53
9428,2005-07-30 21:18:37,1948,335,2005-08-05 16:09:37,1,2006-02-16 02:30:53
9429,2005-07-30 21:19:26,1769,288,2005-08-07 18:39:26,1,2006-02-16 02:30:53
9430,2005-07-30 21:20:13,1529,367,2005-08-04 21:45:13,2,2006-02-16 02:30:53
9431,2005-07-30 21:24:22,3364,39,2005-08-03 01:22:22,2,2006-02-16 02:30:53
9432,2005-07-30 21:26:18,2489,570,2005-08-05 00:23:18,1,2006-02-16 02:30:53
9433,2005-07-30 21:28:17,1082,128,2005-08-08 18:20:17,2,2006-02-16 02:30:53
9434,2005-07-30 21:29:41,3792,13,2005-08-01 16:30:41,2,2006-02-16 02:30:53
9435,2005-07-30 21:31:02,3116,301,2005-08-05 22:34:02,1,2006-02-16 02:30:53
9436,2005-07-30 21:33:01,2329,268,2005-08-06 17:38:01,1,2006-02-16 02:30:53
9437,2005-07-30 21:36:04,1230,592,2005-08-08 01:26:04,1,2006-02-16 02:30:53
9438,2005-07-30 21:36:15,121,14,2005-08-07 16:54:15,2,2006-02-16 02:30:53
9439,2005-07-30 21:38:12,290,479,2005-08-06 00:03:12,1,2006-02-16 02:30:53
9440,2005-07-30 21:40:15,414,535,2005-08-04 15:45:15,2,2006-02-16 02:30:53
9441,2005-07-30 21:43:28,3982,519,2005-08-08 16:57:28,1,2006-02-16 02:30:53
9442,2005-07-30 21:44:31,44,75,2005-08-04 01:29:31,1,2006-02-16 02:30:53
9443,2005-07-30 21:45:46,1675,3,2005-08-05 21:22:46,1,2006-02-16 02:30:53
9444,2005-07-30 21:48:44,1134,259,2005-08-08 22:36:44,2,2006-02-16 02:30:53
9445,2005-07-30 21:50:42,1480,549,2005-08-05 18:34:42,2,2006-02-16 02:30:53
9446,2005-07-30 21:53:01,1880,477,2005-08-06 19:00:01,2,2006-02-16 02:30:53
9447,2005-07-30 21:54:22,1053,82,2005-08-09 01:07:22,2,2006-02-16 02:30:53
9448,2005-07-30 21:56:13,1213,278,2005-08-04 18:03:13,1,2006-02-16 02:30:53
9449,2005-07-30 22:02:34,2,581,2005-08-06 02:09:34,1,2006-02-16 02:30:53
9450,2005-07-30 22:04:04,1371,430,2005-08-05 18:39:04,2,2006-02-16 02:30:53
9451,2005-07-30 22:10:17,685,584,2005-08-07 02:53:17,2,2006-02-16 02:30:53
9452,2005-07-30 22:19:16,3178,130,2005-08-04 19:26:16,1,2006-02-16 02:30:53
9453,2005-07-30 22:20:04,1988,221,2005-08-08 02:27:04,1,2006-02-16 02:30:53
9454,2005-07-30 22:20:09,3028,81,2005-08-04 01:33:09,2,2006-02-16 02:30:53
9455,2005-07-30 22:20:29,2647,220,2005-08-08 20:08:29,1,2006-02-16 02:30:53
9456,2005-07-30 22:22:16,2068,534,2005-08-05 18:56:16,2,2006-02-16 02:30:53
9457,2005-07-30 22:23:05,2172,487,2005-07-31 23:07:05,2,2006-02-16 02:30:53
9458,2005-07-30 22:24:34,3105,343,2005-08-04 21:26:34,2,2006-02-16 02:30:53
9459,2005-07-30 22:24:46,1132,489,2005-08-02 00:44:46,2,2006-02-16 02:30:53
9460,2005-07-30 22:25:39,4463,580,2005-08-08 20:56:39,2,2006-02-16 02:30:53
9461,2005-07-30 22:29:13,1679,377,2005-08-05 20:55:13,2,2006-02-16 02:30:53
9462,2005-07-30 22:30:44,4090,192,2005-08-09 03:54:44,2,2006-02-16 02:30:53
9463,2005-07-30 22:30:57,883,352,2005-08-03 22:53:57,1,2006-02-16 02:30:53
9464,2005-07-30 22:31:31,3904,534,2005-08-07 01:10:31,2,2006-02-16 02:30:53
9465,2005-07-30 22:39:53,3084,2,2005-08-06 16:43:53,2,2006-02-16 02:30:53
9466,2005-07-30 22:44:36,2595,137,2005-08-07 02:35:36,2,2006-02-16 02:30:53
9467,2005-07-30 22:45:34,1905,202,2005-08-08 00:58:34,2,2006-02-16 02:30:53
9468,2005-07-30 22:53:52,4366,20,2005-08-07 00:22:52,2,2006-02-16 02:30:53
9469,2005-07-30 22:56:34,967,59,2005-08-07 03:16:34,2,2006-02-16 02:30:53
9470,2005-07-30 23:01:31,3908,566,2005-08-07 01:35:31,2,2006-02-16 02:30:53
9471,2005-07-30 23:02:36,2390,424,2005-08-04 17:49:36,1,2006-02-16 02:30:53
9472,2005-07-30 23:03:32,4178,404,2005-08-01 18:02:32,1,2006-02-16 02:30:53
9473,2005-07-30 23:04:13,1717,185,2005-08-04 21:48:13,2,2006-02-16 02:30:53
9474,2005-07-30 23:05:44,3771,206,2005-08-05 23:46:44,1,2006-02-16 02:30:53
9475,2005-07-30 23:06:33,2186,567,2005-08-04 23:23:33,1,2006-02-16 02:30:53
9476,2005-07-30 23:06:40,3599,197,2005-08-04 22:52:40,2,2006-02-16 02:30:53
9477,2005-07-30 23:07:22,1932,213,2005-08-04 20:54:22,1,2006-02-16 02:30:53
9478,2005-07-30 23:12:53,1139,283,2005-08-04 02:41:53,1,2006-02-16 02:30:53
9479,2005-07-30 23:22:09,3461,308,2005-07-31 22:26:09,2,2006-02-16 02:30:53
9480,2005-07-30 23:26:03,597,373,2005-08-04 21:18:03,2,2006-02-16 02:30:53
9481,2005-07-30 23:26:05,613,481,2005-08-04 17:46:05,1,2006-02-16 02:30:53
9482,2005-07-30 23:29:16,2421,348,2005-08-02 20:37:16,2,2006-02-16 02:30:53
9483,2005-07-30 23:31:31,1136,593,2005-08-09 04:29:31,2,2006-02-16 02:30:53
9484,2005-07-30 23:31:40,3389,26,2005-08-02 18:25:40,1,2006-02-16 02:30:53
9485,2005-07-30 23:32:40,3722,338,2005-08-08 17:44:40,1,2006-02-16 02:30:53
9486,2005-07-30 23:35:42,2787,403,2005-08-09 02:08:42,2,2006-02-16 02:30:53
9487,2005-07-30 23:40:22,2165,406,2005-08-01 22:29:22,1,2006-02-16 02:30:53
9488,2005-07-30 23:42:42,4221,528,2005-08-08 22:15:42,1,2006-02-16 02:30:53
9489,2005-07-30 23:43:32,4011,17,2005-07-31 20:45:32,2,2006-02-16 02:30:53
9490,2005-07-30 23:45:09,1302,487,2005-08-07 18:50:09,1,2006-02-16 02:30:53
9491,2005-07-30 23:45:23,3624,179,2005-08-01 00:33:23,2,2006-02-16 02:30:53
9492,2005-07-30 23:52:21,639,126,2005-08-08 20:50:21,2,2006-02-16 02:30:53
9493,2005-07-30 23:52:30,1522,5,2005-08-08 05:22:30,1,2006-02-16 02:30:53
9494,2005-07-30 23:52:46,3799,254,2005-08-05 23:13:46,2,2006-02-16 02:30:53
9495,2005-07-30 23:54:26,2128,397,2005-08-01 22:02:26,2,2006-02-16 02:30:53
9496,2005-07-30 23:55:20,453,125,2005-08-02 02:47:20,2,2006-02-16 02:30:53
9497,2005-07-30 23:56:54,933,595,2005-08-04 19:52:54,1,2006-02-16 02:30:53
9498,2005-07-30 23:56:55,1035,289,2005-08-03 18:34:55,2,2006-02-16 02:30:53
9499,2005-07-30 23:58:30,602,461,2005-08-01 00:55:30,2,2006-02-16 02:30:53
9500,2005-07-30 23:58:36,2808,241,2005-08-07 21:08:36,2,2006-02-16 02:30:53
9501,2005-07-30 23:59:21,4398,75,2005-08-05 19:50:21,2,2006-02-16 02:30:53
9502,2005-07-31 00:02:10,2700,471,2005-08-01 19:47:10,1,2006-02-16 02:30:53
9503,2005-07-31 00:02:38,1013,311,2005-08-06 06:01:38,1,2006-02-16 02:30:53
9504,2005-07-31 00:09:07,91,125,2005-08-02 05:44:07,1,2006-02-16 02:30:53
9505,2005-07-31 00:11:19,4047,543,2005-08-05 18:24:19,2,2006-02-16 02:30:53
9506,2005-07-31 00:19:01,3872,189,2005-08-02 00:20:01,1,2006-02-16 02:30:53
9507,2005-07-31 00:22:29,387,525,2005-08-07 05:59:29,2,2006-02-16 02:30:53
9508,2005-07-31 00:22:39,1204,316,2005-08-04 05:40:39,1,2006-02-16 02:30:53
9509,2005-07-31 00:22:42,818,320,2005-08-03 23:24:42,1,2006-02-16 02:30:53
9510,2005-07-31 00:24:17,2301,494,2005-08-08 18:47:17,2,2006-02-16 02:30:53
9511,2005-07-31 00:25:05,964,549,2005-08-09 02:46:05,1,2006-02-16 02:30:53
9512,2005-07-31 00:26:30,3786,173,2005-08-04 23:43:30,2,2006-02-16 02:30:53
9513,2005-07-31 00:28:30,396,317,2005-08-01 00:22:30,2,2006-02-16 02:30:53
9514,2005-07-31 00:29:44,1892,243,2005-08-02 23:49:44,1,2006-02-16 02:30:53
9515,2005-07-31 00:35:05,3099,264,2005-08-02 23:35:05,2,2006-02-16 02:30:53
9516,2005-07-31 00:40:58,3519,424,2005-08-07 02:13:58,2,2006-02-16 02:30:53
9517,2005-07-31 00:41:23,3299,170,2005-08-02 23:08:23,1,2006-02-16 02:30:53
9518,2005-07-31 00:43:26,2714,215,2005-08-04 19:12:26,2,2006-02-16 02:30:53
9519,2005-07-31 00:45:57,3767,235,2005-08-06 00:59:57,2,2006-02-16 02:30:53
9520,2005-07-31 00:50:54,1306,299,2005-08-04 20:05:54,1,2006-02-16 02:30:53
9521,2005-07-31 00:52:24,1423,227,2005-08-06 03:33:24,2,2006-02-16 02:30:53
9522,2005-07-31 00:55:11,4266,294,2005-08-03 06:41:11,2,2006-02-16 02:30:53
9523,2005-07-31 00:56:09,891,356,2005-08-05 05:44:09,2,2006-02-16 02:30:53
9524,2005-07-31 01:01:06,1796,535,2005-08-04 04:06:06,2,2006-02-16 02:30:53
9525,2005-07-31 01:02:18,2990,246,2005-08-06 21:31:18,1,2006-02-16 02:30:53
9526,2005-07-31 01:02:22,417,342,2005-08-04 03:00:22,1,2006-02-16 02:30:53
9527,2005-07-31 01:02:24,2539,200,2005-08-09 02:08:24,2,2006-02-16 02:30:53
9528,2005-07-31 01:05:04,193,241,2005-08-07 01:16:04,1,2006-02-16 02:30:53
9529,2005-07-31 01:05:26,816,123,2005-08-02 22:30:26,2,2006-02-16 02:30:53
9530,2005-07-31 01:09:06,1718,148,2005-08-04 23:47:06,2,2006-02-16 02:30:53
9531,2005-07-31 01:11:53,4550,268,2005-08-07 02:49:53,1,2006-02-16 02:30:53
9532,2005-07-31 01:16:51,1309,488,2005-08-01 20:23:51,1,2006-02-16 02:30:53
9533,2005-07-31 01:18:10,4156,522,2005-08-07 19:58:10,1,2006-02-16 02:30:53
9534,2005-07-31 01:18:27,4457,519,2005-08-06 00:28:27,1,2006-02-16 02:30:53
9535,2005-07-31 01:18:53,2413,485,2005-08-04 03:04:53,2,2006-02-16 02:30:53
9536,2005-07-31 01:19:02,2547,310,2005-08-02 19:38:02,1,2006-02-16 02:30:53
9537,2005-07-31 01:23:00,546,488,2005-08-01 01:16:00,2,2006-02-16 02:30:53
9538,2005-07-31 01:25:22,3402,68,2005-08-06 00:10:22,2,2006-02-16 02:30:53
9539,2005-07-31 01:36:19,3793,436,2005-08-04 23:47:19,1,2006-02-16 02:30:53
9540,2005-07-31 01:40:06,2200,365,2005-08-01 01:09:06,1,2006-02-16 02:30:53
9541,2005-07-31 01:40:14,1774,422,2005-08-05 06:34:14,2,2006-02-16 02:30:53
9542,2005-07-31 01:41:48,2243,595,2005-08-01 00:49:48,2,2006-02-16 02:30:53
9543,2005-07-31 01:43:34,956,369,2005-08-01 06:49:34,1,2006-02-16 02:30:53
9544,2005-07-31 01:44:51,2383,28,2005-08-05 05:25:51,2,2006-02-16 02:30:53
9545,2005-07-31 01:46:24,3451,594,2005-08-09 06:11:24,1,2006-02-16 02:30:53
9546,2005-07-31 01:47:40,211,63,2005-08-02 07:25:40,2,2006-02-16 02:30:53
9547,2005-07-31 01:52:34,2414,440,2005-08-03 23:12:34,2,2006-02-16 02:30:53
9548,2005-07-31 01:54:19,3038,576,2005-08-05 00:50:19,2,2006-02-16 02:30:53
9549,2005-07-31 01:57:04,2409,63,2005-08-07 21:00:04,2,2006-02-16 02:30:53
9550,2005-07-31 01:57:34,2233,583,2005-08-08 23:33:34,1,2006-02-16 02:30:53
9551,2005-07-31 02:04:58,1260,30,2005-08-06 04:07:58,2,2006-02-16 02:30:53
9552,2005-07-31 02:05:32,3544,261,2005-08-01 06:59:32,1,2006-02-16 02:30:53
9553,2005-07-31 02:06:34,4187,579,2005-08-08 02:20:34,1,2006-02-16 02:30:53
9554,2005-07-31 02:06:49,2581,490,2005-08-01 22:27:49,1,2006-02-16 02:30:53
9555,2005-07-31 02:11:16,2108,382,2005-08-03 06:58:16,2,2006-02-16 02:30:53
9556,2005-07-31 02:13:30,3269,521,2005-08-08 06:46:30,1,2006-02-16 02:30:53
9557,2005-07-31 02:14:01,708,328,2005-08-05 23:55:01,1,2006-02-16 02:30:53
9558,2005-07-31 02:14:35,1161,418,2005-08-06 03:00:35,1,2006-02-16 02:30:53
9559,2005-07-31 02:15:53,2882,159,2005-08-08 02:38:53,1,2006-02-16 02:30:53
9560,2005-07-31 02:17:27,4236,471,2005-08-07 03:33:27,1,2006-02-16 02:30:53
9561,2005-07-31 02:22:13,1079,58,2005-08-03 07:00:13,2,2006-02-16 02:30:53
9562,2005-07-31 02:23:20,1571,116,2005-08-06 21:01:20,2,2006-02-16 02:30:53
9563,2005-07-31 02:28:39,3858,167,2005-08-05 22:10:39,1,2006-02-16 02:30:53
9564,2005-07-31 02:31:37,383,377,2005-08-03 22:57:37,2,2006-02-16 02:30:53
9565,2005-07-31 02:32:00,3621,485,2005-08-04 05:45:00,1,2006-02-16 02:30:53
9566,2005-07-31 02:32:10,643,346,2005-08-02 23:54:10,2,2006-02-16 02:30:53
9567,2005-07-31 02:36:11,3688,37,2005-08-07 01:19:11,2,2006-02-16 02:30:53
9568,2005-07-31 02:37:44,1248,358,2005-08-02 07:07:44,2,2006-02-16 02:30:53
9569,2005-07-31 02:39:38,813,405,2005-08-02 05:09:38,2,2006-02-16 02:30:53
9570,2005-07-31 02:40:37,591,385,2005-08-01 01:59:37,1,2006-02-16 02:30:53
9571,2005-07-31 02:42:18,2219,1,2005-08-02 23:26:18,2,2006-02-16 02:30:53
9572,2005-07-31 02:44:10,1453,283,2005-08-01 03:30:10,2,2006-02-16 02:30:53
9573,2005-07-31 02:45:38,3745,59,2005-08-09 04:31:38,2,2006-02-16 02:30:53
9574,2005-07-31 02:49:20,2782,233,2005-08-05 02:36:20,2,2006-02-16 02:30:53
9575,2005-07-31 02:51:53,3971,193,2005-08-03 20:54:53,2,2006-02-16 02:30:53
9576,2005-07-31 02:52:59,3327,145,2005-08-05 23:35:59,2,2006-02-16 02:30:53
9577,2005-07-31 02:53:33,2423,526,2005-08-07 05:56:33,1,2006-02-16 02:30:53
9578,2005-07-31 02:54:31,2965,115,2005-08-02 02:48:31,1,2006-02-16 02:30:53
9579,2005-07-31 02:59:20,3547,35,2005-08-06 03:52:20,2,2006-02-16 02:30:53
9580,2005-07-31 03:01:11,532,22,2005-08-05 06:01:11,1,2006-02-16 02:30:53
9581,2005-07-31 03:03:07,2588,302,2005-08-05 23:01:07,1,2006-02-16 02:30:53
9582,2005-07-31 03:05:19,3913,347,2005-08-04 07:26:19,1,2006-02-16 02:30:53
9583,2005-07-31 03:05:21,3543,568,2005-08-06 00:14:21,2,2006-02-16 02:30:53
9584,2005-07-31 03:05:48,419,141,2005-08-01 05:50:48,2,2006-02-16 02:30:53
9585,2005-07-31 03:05:55,3249,197,2005-08-02 23:54:55,2,2006-02-16 02:30:53
9586,2005-07-31 03:07:16,3987,415,2005-08-04 00:39:16,1,2006-02-16 02:30:53
9587,2005-07-31 03:10:30,2966,235,2005-08-06 06:54:30,2,2006-02-16 02:30:53
9588,2005-07-31 03:13:13,1368,499,2005-08-02 04:06:13,1,2006-02-16 02:30:53
9589,2005-07-31 03:13:29,2604,574,2005-08-09 01:51:29,2,2006-02-16 02:30:53
9590,2005-07-31 03:17:16,2293,585,2005-08-08 04:24:16,1,2006-02-16 02:30:53
9591,2005-07-31 03:19:28,504,97,2005-08-01 07:30:28,1,2006-02-16 02:30:53
9592,2005-07-31 03:21:16,1828,14,2005-08-05 08:32:16,1,2006-02-16 02:30:53
9593,2005-07-31 03:22:30,1223,28,2005-08-05 08:23:30,1,2006-02-16 02:30:53
9594,2005-07-31 03:23:52,4382,148,2005-08-04 23:06:52,1,2006-02-16 02:30:53
9595,2005-07-31 03:27:58,2829,3,2005-08-03 05:58:58,1,2006-02-16 02:30:53
9596,2005-07-31 03:28:47,2847,55,2005-08-04 03:43:47,2,2006-02-16 02:30:53
9597,2005-07-31 03:29:07,3317,61,2005-08-09 03:33:07,2,2006-02-16 02:30:53
9598,2005-07-31 03:30:41,1105,468,2005-08-04 03:54:41,1,2006-02-16 02:30:53
9599,2005-07-31 03:32:06,3164,502,2005-08-04 07:47:06,2,2006-02-16 02:30:53
9600,2005-07-31 03:35:34,3731,464,2005-08-08 22:50:34,1,2006-02-16 02:30:53
9601,2005-07-31 03:42:17,1592,553,2005-08-04 02:02:17,2,2006-02-16 02:30:53
9602,2005-07-31 03:42:51,3173,386,2005-08-01 08:39:51,1,2006-02-16 02:30:53
9603,2005-07-31 03:43:43,2266,541,2005-08-02 00:11:43,2,2006-02-16 02:30:53
9604,2005-07-31 03:47:12,4342,580,2005-08-03 06:48:12,1,2006-02-16 02:30:53
9605,2005-07-31 03:50:07,1477,94,2005-08-07 09:15:07,2,2006-02-16 02:30:53
9606,2005-07-31 03:50:46,1357,253,2005-08-01 05:29:46,2,2006-02-16 02:30:53
9607,2005-07-31 03:51:06,3414,294,2005-08-02 00:18:06,2,2006-02-16 02:30:53
9608,2005-07-31 03:51:52,363,397,2005-08-06 05:38:52,2,2006-02-16 02:30:53
9609,2005-07-31 03:53:24,693,112,2005-08-05 08:32:24,2,2006-02-16 02:30:53
9610,2005-07-31 03:54:05,3110,16,2005-08-06 23:11:05,1,2006-02-16 02:30:53
9611,2005-07-31 03:54:43,1976,215,2005-08-05 03:54:43,2,2006-02-16 02:30:53
9612,2005-07-31 03:58:31,2142,69,2005-08-04 07:34:31,2,2006-02-16 02:30:53
9613,2005-07-31 03:58:53,3251,188,2005-08-02 00:10:53,1,2006-02-16 02:30:53
9614,2005-07-31 03:59:31,2955,548,2005-08-08 04:19:31,1,2006-02-16 02:30:53
9615,2005-07-31 03:59:56,3370,50,2005-08-02 00:46:56,2,2006-02-16 02:30:53
9616,2005-07-31 04:05:01,1210,550,2005-08-05 00:10:01,1,2006-02-16 02:30:53
9617,2005-07-31 04:15:38,529,102,2005-08-02 04:24:38,1,2006-02-16 02:30:53
9618,2005-07-31 04:16:14,2688,253,2005-08-07 02:43:14,2,2006-02-16 02:30:53
9619,2005-07-31 04:17:02,1730,138,2005-08-05 06:36:02,2,2006-02-16 02:30:53
9620,2005-07-31 04:19:18,2177,576,2005-08-08 09:20:18,1,2006-02-16 02:30:53
9621,2005-07-31 04:21:08,325,38,2005-08-08 03:50:08,2,2006-02-16 02:30:53
9622,2005-07-31 04:21:45,2255,411,2005-08-02 09:20:45,1,2006-02-16 02:30:53
9623,2005-07-31 04:30:02,113,360,2005-08-06 23:34:02,1,2006-02-16 02:30:53
9624,2005-07-31 04:30:03,3480,7,2005-08-06 09:13:03,1,2006-02-16 02:30:53
9625,2005-07-31 04:30:48,1703,445,2005-08-03 01:12:48,1,2006-02-16 02:30:53
9626,2005-07-31 04:37:41,2216,546,2005-08-08 04:00:41,1,2006-02-16 02:30:53
9627,2005-07-31 04:42:46,471,12,2005-08-08 00:42:46,2,2006-02-16 02:30:53
9628,2005-07-31 04:51:11,1387,565,2005-07-31 23:11:11,2,2006-02-16 02:30:53
9629,2005-07-31 04:54:43,2773,8,2005-08-02 08:36:43,1,2006-02-16 02:30:53
9630,2005-07-31 04:57:07,2008,599,2005-08-07 10:55:07,2,2006-02-16 02:30:53
9631,2005-07-31 05:02:00,321,595,2005-08-02 02:04:00,2,2006-02-16 02:30:53
9632,2005-07-31 05:02:23,3368,217,2005-08-06 04:49:23,2,2006-02-16 02:30:53
9633,2005-07-31 05:04:08,1141,334,2005-08-06 00:52:08,2,2006-02-16 02:30:53
9634,2005-07-31 05:06:02,924,444,2005-08-04 06:53:02,1,2006-02-16 02:30:53
9635,2005-07-31 05:12:27,1687,371,2005-08-02 00:24:27,2,2006-02-16 02:30:53
9636,2005-07-31 05:12:59,1725,27,2005-08-09 07:31:59,2,2006-02-16 02:30:53
9637,2005-07-31 05:18:54,3013,130,2005-08-03 01:23:54,2,2006-02-16 02:30:53
9638,2005-07-31 05:30:27,1616,436,2005-08-09 02:04:27,1,2006-02-16 02:30:53
9639,2005-07-31 05:32:10,1373,459,2005-08-03 07:04:10,2,2006-02-16 02:30:53
9640,2005-07-31 05:33:25,1067,67,2005-08-09 09:41:25,1,2006-02-16 02:30:53
9641,2005-07-31 05:33:48,1085,30,2005-08-04 07:43:48,1,2006-02-16 02:30:53
9642,2005-07-31 05:33:57,3550,68,2005-08-05 04:54:57,1,2006-02-16 02:30:53
9643,2005-07-31 05:35:48,3576,538,2005-08-08 04:28:48,2,2006-02-16 02:30:53
9644,2005-07-31 05:40:35,4577,441,2005-08-09 08:18:35,1,2006-02-16 02:30:53
9645,2005-07-31 05:42:49,3413,519,2005-08-04 00:08:49,1,2006-02-16 02:30:53
9646,2005-07-31 05:43:28,3756,89,2005-08-08 04:00:28,1,2006-02-16 02:30:53
9647,2005-07-31 05:45:15,3415,475,2005-08-06 08:54:15,1,2006-02-16 02:30:53
9648,2005-07-31 05:46:03,4063,72,2005-08-09 04:36:03,2,2006-02-16 02:30:53
9649,2005-07-31 05:46:54,1588,51,2005-08-04 08:42:54,2,2006-02-16 02:30:53
9650,2005-07-31 05:47:32,2997,414,2005-08-04 00:50:32,2,2006-02-16 02:30:53
9651,2005-07-31 05:48:49,4059,324,2005-08-04 06:53:49,1,2006-02-16 02:30:53
9652,2005-07-31 05:49:53,448,207,2005-08-06 07:38:53,2,2006-02-16 02:30:53
9653,2005-07-31 05:55:38,1451,383,2005-08-03 09:35:38,2,2006-02-16 02:30:53
9654,2005-07-31 05:57:42,3286,506,2005-08-06 04:19:42,1,2006-02-16 02:30:53
9655,2005-07-31 05:57:54,3403,435,2005-08-06 02:00:54,1,2006-02-16 02:30:53
9656,2005-07-31 06:00:21,4215,39,2005-08-05 04:36:21,1,2006-02-16 02:30:53
9657,2005-07-31 06:00:41,2681,402,2005-08-06 06:51:41,2,2006-02-16 02:30:53
9658,2005-07-31 06:00:52,2332,282,2005-08-09 04:47:52,2,2006-02-16 02:30:53
9659,2005-07-31 06:02:14,4262,360,2005-08-07 00:54:14,2,2006-02-16 02:30:53
9660,2005-07-31 06:03:17,1090,406,2005-08-07 06:59:17,2,2006-02-16 02:30:53
9661,2005-07-31 06:06:37,2693,237,2005-08-04 07:37:37,1,2006-02-16 02:30:53
9662,2005-07-31 06:09:53,2757,96,2005-08-08 00:50:53,2,2006-02-16 02:30:53
9663,2005-07-31 06:10:48,2099,339,2005-08-01 11:40:48,2,2006-02-16 02:30:53
9664,2005-07-31 06:12:08,360,13,2005-08-04 02:19:08,2,2006-02-16 02:30:53
9665,2005-07-31 06:17:33,2863,478,2005-08-04 08:53:33,1,2006-02-16 02:30:53
9666,2005-07-31 06:20:58,4318,592,2005-08-06 06:09:58,2,2006-02-16 02:30:53
9667,2005-07-31 06:23:52,4289,523,2005-08-09 09:12:52,1,2006-02-16 02:30:53
9668,2005-07-31 06:31:03,1647,378,2005-08-07 06:19:03,2,2006-02-16 02:30:53
9669,2005-07-31 06:31:36,4496,277,2005-08-08 03:05:36,2,2006-02-16 02:30:53
9670,2005-07-31 06:33:33,3709,349,2005-08-07 04:51:33,1,2006-02-16 02:30:53
9671,2005-07-31 06:33:41,920,133,2005-08-02 07:50:41,1,2006-02-16 02:30:53
9672,2005-07-31 06:34:06,4394,183,2005-08-08 10:29:06,2,2006-02-16 02:30:53
9673,2005-07-31 06:34:55,339,27,2005-08-09 09:15:55,2,2006-02-16 02:30:53
9674,2005-07-31 06:36:53,3213,297,2005-08-06 02:50:53,2,2006-02-16 02:30:53
9675,2005-07-31 06:37:07,2523,243,2005-08-03 07:03:07,1,2006-02-16 02:30:53
9676,2005-07-31 06:39:13,681,239,2005-08-05 09:31:13,2,2006-02-16 02:30:53
9677,2005-07-31 06:39:45,3200,274,2005-08-01 02:37:45,2,2006-02-16 02:30:53
9678,2005-07-31 06:40:47,3430,383,2005-08-02 00:57:47,2,2006-02-16 02:30:53
9679,2005-07-31 06:41:19,3819,599,2005-08-02 07:23:19,1,2006-02-16 02:30:53
9680,2005-07-31 06:41:46,3010,84,2005-08-01 11:02:46,2,2006-02-16 02:30:53
9681,2005-07-31 06:42:09,64,160,2005-08-06 08:21:09,1,2006-02-16 02:30:53
9682,2005-07-31 06:47:10,2427,425,2005-08-04 09:07:10,1,2006-02-16 02:30:53
9683,2005-07-31 06:47:13,856,141,2005-08-04 05:52:13,2,2006-02-16 02:30:53
9684,2005-07-31 06:48:33,362,591,2005-08-01 07:07:33,2,2006-02-16 02:30:53
9685,2005-07-31 06:49:18,3097,165,2005-08-04 03:19:18,1,2006-02-16 02:30:53
9686,2005-07-31 06:50:06,3825,386,2005-08-06 08:41:06,1,2006-02-16 02:30:53
9687,2005-07-31 06:52:54,3540,470,2005-08-01 03:40:54,2,2006-02-16 02:30:53
9688,2005-07-31 06:56:08,1304,566,2005-08-08 03:31:08,2,2006-02-16 02:30:53
9689,2005-07-31 07:00:08,819,498,2005-08-04 03:33:08,2,2006-02-16 02:30:53
9690,2005-07-31 07:06:29,4449,468,2005-08-06 09:45:29,2,2006-02-16 02:30:53
9691,2005-07-31 07:09:55,2626,50,2005-08-09 02:29:55,1,2006-02-16 02:30:53
9692,2005-07-31 07:11:04,3481,295,2005-08-07 06:34:04,2,2006-02-16 02:30:53
9693,2005-07-31 07:11:50,1031,273,2005-08-08 09:55:50,1,2006-02-16 02:30:53
9694,2005-07-31 07:13:16,3447,508,2005-08-06 09:12:16,2,2006-02-16 02:30:53
9695,2005-07-31 07:13:30,726,95,2005-08-07 05:38:30,2,2006-02-16 02:30:53
9696,2005-07-31 07:13:46,2703,156,2005-08-03 10:49:46,2,2006-02-16 02:30:53
9697,2005-07-31 07:23:11,762,479,2005-08-05 08:04:11,2,2006-02-16 02:30:53
9698,2005-07-31 07:24:35,3477,594,2005-08-09 04:52:35,2,2006-02-16 02:30:53
9699,2005-07-31 07:29:25,199,21,2005-08-06 01:35:25,1,2006-02-16 02:30:53
9700,2005-07-31 07:29:59,2678,40,2005-08-02 09:53:59,1,2006-02-16 02:30:53
9701,2005-07-31 07:32:21,4581,401,2005-08-01 05:07:21,2,2006-02-16 02:30:53
9702,2005-07-31 07:34:07,3353,525,2005-08-02 06:13:07,2,2006-02-16 02:30:53
9703,2005-07-31 07:34:52,2708,57,2005-08-03 13:33:52,2,2006-02-16 02:30:53
9704,2005-07-31 07:39:32,1402,385,2005-08-06 01:50:32,2,2006-02-16 02:30:53
9705,2005-07-31 07:40:33,4158,28,2005-08-01 03:50:33,2,2006-02-16 02:30:53
9706,2005-07-31 07:43:19,142,508,2005-08-05 11:11:19,1,2006-02-16 02:30:53
9707,2005-07-31 07:44:18,203,351,2005-08-08 12:45:18,1,2006-02-16 02:30:53
9708,2005-07-31 07:45:33,3264,12,2005-08-08 08:56:33,1,2006-02-16 02:30:53
9709,2005-07-31 08:04:55,2096,137,2005-08-07 08:58:55,1,2006-02-16 02:30:53
9710,2005-07-31 08:05:31,3486,380,2005-08-09 03:29:31,2,2006-02-16 02:30:53
9711,2005-07-31 08:06:41,1525,231,2005-08-02 10:30:41,2,2006-02-16 02:30:53
9712,2005-07-31 08:13:11,2487,219,2005-08-08 12:40:11,2,2006-02-16 02:30:53
9713,2005-07-31 08:13:28,929,158,2005-08-07 10:11:28,1,2006-02-16 02:30:53
9714,2005-07-31 08:15:32,1532,144,2005-08-03 08:33:32,2,2006-02-16 02:30:53
9715,2005-07-31 08:16:58,3319,237,2005-08-04 11:13:58,1,2006-02-16 02:30:53
9716,2005-07-31 08:23:53,3385,287,2005-08-08 12:03:53,2,2006-02-16 02:30:53
9717,2005-07-31 08:24:41,4207,114,2005-08-04 02:51:41,1,2006-02-16 02:30:53
9718,2005-07-31 08:25:03,2747,23,2005-08-08 04:16:03,2,2006-02-16 02:30:53
9719,2005-07-31 08:25:13,335,584,2005-08-05 08:22:13,1,2006-02-16 02:30:53
9720,2005-07-31 08:25:21,1282,587,2005-08-07 11:30:21,2,2006-02-16 02:30:53
9721,2005-07-31 08:28:46,3942,196,2005-08-05 14:03:46,1,2006-02-16 02:30:53
9722,2005-07-31 08:29:48,4260,125,2005-08-07 07:52:48,2,2006-02-16 02:30:53
9723,2005-07-31 08:31:18,3968,24,2005-08-03 10:25:18,1,2006-02-16 02:30:53
9724,2005-07-31 08:33:08,518,130,2005-08-08 04:50:08,1,2006-02-16 02:30:53
9725,2005-07-31 08:35:18,3960,503,2005-08-03 03:46:18,2,2006-02-16 02:30:53
9726,2005-07-31 08:37:07,1701,162,2005-08-09 06:09:07,1,2006-02-16 02:30:53
9727,2005-07-31 08:39:13,3076,536,2005-08-03 07:54:13,1,2006-02-16 02:30:53
9728,2005-07-31 08:40:54,3630,399,2005-08-03 04:14:54,2,2006-02-16 02:30:53
9729,2005-07-31 08:43:43,4199,273,2005-08-01 13:25:43,2,2006-02-16 02:30:53
9730,2005-07-31 08:50:08,2605,242,2005-08-08 12:21:08,2,2006-02-16 02:30:53
9731,2005-07-31 08:54:47,3713,349,2005-08-05 03:47:47,1,2006-02-16 02:30:53
9732,2005-07-31 08:56:08,3262,288,2005-08-07 11:05:08,2,2006-02-16 02:30:53
9733,2005-07-31 08:57:35,1255,575,2005-08-04 04:47:35,1,2006-02-16 02:30:53
9734,2005-07-31 08:57:45,3320,125,2005-08-05 11:57:45,1,2006-02-16 02:30:53
9735,2005-07-31 08:57:49,4228,315,2005-08-08 13:51:49,2,2006-02-16 02:30:53
9736,2005-07-31 08:58:40,2072,13,2005-08-09 08:34:40,2,2006-02-16 02:30:53
9737,2005-07-31 08:59:18,1720,475,2005-08-03 12:19:18,2,2006-02-16 02:30:53
9738,2005-07-31 09:04:14,2278,568,2005-08-05 14:40:14,2,2006-02-16 02:30:53
9739,2005-07-31 09:08:03,1328,343,2005-08-04 13:57:03,1,2006-02-16 02:30:53
9740,2005-07-31 09:08:03,3497,443,2005-08-06 04:48:03,2,2006-02-16 02:30:53
9741,2005-07-31 09:09:22,1971,495,2005-08-07 10:01:22,1,2006-02-16 02:30:53
9742,2005-07-31 09:10:20,4058,48,2005-08-08 10:07:20,1,2006-02-16 02:30:53
9743,2005-07-31 09:12:42,1740,476,2005-08-06 11:57:42,2,2006-02-16 02:30:53
9744,2005-07-31 09:15:38,839,459,2005-08-03 10:31:38,2,2006-02-16 02:30:53
9745,2005-07-31 09:16:14,3610,217,2005-08-07 12:11:14,1,2006-02-16 02:30:53
9746,2005-07-31 09:16:48,1459,308,2005-08-07 06:36:48,2,2006-02-16 02:30:53
9747,2005-07-31 09:16:57,2455,106,2005-08-08 06:47:57,2,2006-02-16 02:30:53
9748,2005-07-31 09:17:56,3308,550,2005-08-02 14:54:56,1,2006-02-16 02:30:53
9749,2005-07-31 09:18:33,658,52,2005-08-06 07:41:33,1,2006-02-16 02:30:53
9750,2005-07-31 09:19:46,3174,527,2005-08-06 08:07:46,1,2006-02-16 02:30:53
9751,2005-07-31 09:20:50,36,202,2005-08-01 05:34:50,2,2006-02-16 02:30:53
9752,2005-07-31 09:22:02,249,199,2005-08-02 14:34:02,1,2006-02-16 02:30:53
9753,2005-07-31 09:22:38,3529,98,2005-08-01 08:45:38,1,2006-02-16 02:30:53
9754,2005-07-31 09:23:43,3751,479,2005-08-08 06:04:43,1,2006-02-16 02:30:53
9755,2005-07-31 09:24:55,86,108,2005-08-07 06:00:55,2,2006-02-16 02:30:53
9756,2005-07-31 09:25:00,207,400,2005-08-02 05:11:00,1,2006-02-16 02:30:53
9757,2005-07-31 09:25:14,2596,408,2005-08-01 14:43:14,2,2006-02-16 02:30:53
9758,2005-07-31 09:25:38,1307,160,2005-08-03 14:16:38,1,2006-02-16 02:30:53
9759,2005-07-31 09:25:57,2950,574,2005-08-07 12:56:57,2,2006-02-16 02:30:53
9760,2005-07-31 09:29:33,426,511,2005-08-09 07:32:33,2,2006-02-16 02:30:53
9761,2005-07-31 09:31:54,3778,60,2005-08-03 11:02:54,2,2006-02-16 02:30:53
9762,2005-07-31 09:32:54,155,540,2005-08-05 04:55:54,1,2006-02-16 02:30:53
9763,2005-07-31 09:34:03,126,393,2005-08-08 05:30:03,1,2006-02-16 02:30:53
9764,2005-07-31 09:42:58,3761,136,2005-08-07 07:22:58,2,2006-02-16 02:30:53
9765,2005-07-31 09:44:40,472,551,2005-08-05 10:57:40,1,2006-02-16 02:30:53
9766,2005-07-31 09:46:29,4049,570,2005-08-01 05:08:29,1,2006-02-16 02:30:53
9767,2005-07-31 09:46:49,3432,89,2005-08-03 11:20:49,1,2006-02-16 02:30:53
9768,2005-07-31 09:48:41,2656,582,2005-08-08 11:40:41,2,2006-02-16 02:30:53
9769,2005-07-31 09:52:16,2958,484,2005-08-06 09:26:16,1,2006-02-16 02:30:53
9770,2005-07-31 09:52:40,1226,317,2005-08-09 06:44:40,1,2006-02-16 02:30:53
9771,2005-07-31 09:55:36,4123,398,2005-08-04 10:11:36,2,2006-02-16 02:30:53
9772,2005-07-31 09:56:07,3639,147,2005-08-01 13:50:07,2,2006-02-16 02:30:53
9773,2005-07-31 09:56:56,4555,376,2005-08-04 09:38:56,1,2006-02-16 02:30:53
9774,2005-07-31 09:57:51,4174,306,2005-08-02 09:08:51,2,2006-02-16 02:30:53
9775,2005-07-31 10:00:00,2818,162,2005-08-01 08:57:00,2,2006-02-16 02:30:53
9776,2005-07-31 10:01:03,2524,73,2005-08-03 07:20:03,2,2006-02-16 02:30:53
9777,2005-07-31 10:01:06,225,539,2005-08-08 04:44:06,2,2006-02-16 02:30:53
9778,2005-07-31 10:02:04,304,230,2005-08-04 07:44:04,2,2006-02-16 02:30:53
9779,2005-07-31 10:08:33,1280,402,2005-08-03 14:56:33,1,2006-02-16 02:30:53
9780,2005-07-31 10:10:22,3241,102,2005-08-02 11:43:22,1,2006-02-16 02:30:53
9781,2005-07-31 10:13:02,2310,155,2005-08-09 14:46:02,1,2006-02-16 02:30:53
9782,2005-07-31 10:14:26,2397,438,2005-08-06 16:11:26,1,2006-02-16 02:30:53
9783,2005-07-31 10:15:46,836,75,2005-08-09 13:22:46,2,2006-02-16 02:30:53
9784,2005-07-31 10:21:32,2761,362,2005-08-07 09:20:32,2,2006-02-16 02:30:53
9785,2005-07-31 10:22:15,4101,587,2005-08-02 10:02:15,1,2006-02-16 02:30:53
9786,2005-07-31 10:25:21,2560,586,2005-08-03 04:28:21,1,2006-02-16 02:30:53
9787,2005-07-31 10:26:19,3559,272,2005-08-09 09:02:19,1,2006-02-16 02:30:53
9788,2005-07-31 10:28:21,4367,344,2005-08-09 13:45:21,1,2006-02-16 02:30:53
9789,2005-07-31 10:30:25,619,137,2005-08-03 14:58:25,1,2006-02-16 02:30:53
9790,2005-07-31 10:34:08,3643,284,2005-08-04 11:19:08,2,2006-02-16 02:30:53
9791,2005-07-31 10:35:22,3642,300,2005-08-03 05:34:22,1,2006-02-16 02:30:53
9792,2005-07-31 10:43:41,3163,292,2005-08-07 10:18:41,1,2006-02-16 02:30:53
9793,2005-07-31 10:45:11,4576,295,2005-08-03 14:29:11,1,2006-02-16 02:30:53
9794,2005-07-31 10:47:01,1771,403,2005-08-02 06:52:01,2,2006-02-16 02:30:53
9795,2005-07-31 10:47:19,2005,63,2005-08-04 09:32:19,2,2006-02-16 02:30:53
9796,2005-07-31 10:52:43,1038,539,2005-08-09 06:08:43,1,2006-02-16 02:30:53
9797,2005-07-31 10:53:44,687,52,2005-08-09 05:51:44,1,2006-02-16 02:30:53
9798,2005-07-31 10:55:18,3759,55,2005-08-01 07:37:18,2,2006-02-16 02:30:53
9799,2005-07-31 10:58:32,3008,494,2005-08-01 12:08:32,1,2006-02-16 02:30:53
9800,2005-07-31 11:00:58,2153,257,2005-08-02 10:13:58,2,2006-02-16 02:30:53
9801,2005-07-31 11:03:13,3033,158,2005-08-04 10:55:13,2,2006-02-16 02:30:53
9802,2005-07-31 11:04:20,2156,594,2005-08-03 05:28:20,1,2006-02-16 02:30:53
9803,2005-07-31 11:06:02,3783,520,2005-08-01 06:25:02,1,2006-02-16 02:30:53
9804,2005-07-31 11:07:39,2490,196,2005-08-09 11:57:39,1,2006-02-16 02:30:53
9805,2005-07-31 11:11:10,4179,36,2005-08-03 07:36:10,2,2006-02-16 02:30:53
9806,2005-07-31 11:13:49,245,46,2005-08-04 06:18:49,1,2006-02-16 02:30:53
9807,2005-07-31 11:13:52,2137,267,2005-08-02 07:34:52,1,2006-02-16 02:30:53
9808,2005-07-31 11:17:22,3259,583,2005-08-07 15:54:22,1,2006-02-16 02:30:53
9809,2005-07-31 11:19:21,359,286,2005-08-08 12:43:21,2,2006-02-16 02:30:53
9810,2005-07-31 11:22:41,2066,545,2005-08-01 09:40:41,2,2006-02-16 02:30:53
9811,2005-07-31 11:23:45,3305,77,2005-08-06 15:51:45,1,2006-02-16 02:30:53
9812,2005-07-31 11:28:07,1540,57,2005-08-01 12:35:07,2,2006-02-16 02:30:53
9813,2005-07-31 11:29:23,1706,245,2005-08-07 08:01:23,2,2006-02-16 02:30:53
9814,2005-07-31 11:29:46,136,79,2005-08-08 15:49:46,1,2006-02-16 02:30:53
9815,2005-07-31 11:30:51,2728,540,2005-08-08 12:52:51,1,2006-02-16 02:30:53
9816,2005-07-31 11:32:58,4560,3,2005-08-04 17:12:58,2,2006-02-16 02:30:53
9817,2005-07-31 11:33:31,4019,170,2005-08-08 14:49:31,2,2006-02-16 02:30:53
9818,2005-07-31 11:34:32,1254,183,2005-08-04 08:20:32,1,2006-02-16 02:30:53
9819,2005-07-31 11:39:13,1927,292,2005-08-06 09:11:13,2,2006-02-16 02:30:53
9820,2005-07-31 11:46:57,499,279,2005-08-08 13:35:57,1,2006-02-16 02:30:53
9821,2005-07-31 11:47:54,386,271,2005-08-08 06:21:54,2,2006-02-16 02:30:53
9822,2005-07-31 11:48:25,2469,381,2005-08-05 15:52:25,2,2006-02-16 02:30:53
9823,2005-07-31 11:49:00,4423,129,2005-08-07 09:06:00,2,2006-02-16 02:30:53
9824,2005-07-31 11:49:55,4368,404,2005-08-07 16:54:55,2,2006-02-16 02:30:53
9825,2005-07-31 11:50:51,4322,390,2005-08-02 07:18:51,1,2006-02-16 02:30:53
9826,2005-07-31 11:51:46,2649,595,2005-08-09 17:18:46,1,2006-02-16 02:30:53
9827,2005-07-31 11:56:55,3840,329,2005-08-09 16:29:55,1,2006-02-16 02:30:53
9828,2005-07-31 11:56:57,3845,376,2005-08-02 17:05:57,1,2006-02-16 02:30:53
9829,2005-07-31 11:58:38,231,435,2005-08-07 08:11:38,2,2006-02-16 02:30:53
9830,2005-07-31 11:59:05,170,112,2005-08-06 10:38:05,1,2006-02-16 02:30:53
9831,2005-07-31 11:59:32,1961,192,2005-08-04 07:14:32,1,2006-02-16 02:30:53
9832,2005-07-31 12:01:49,3126,64,2005-08-08 09:21:49,1,2006-02-16 02:30:53
9833,2005-07-31 12:05:01,4243,368,2005-08-09 09:25:01,2,2006-02-16 02:30:53
9834,2005-07-31 12:05:42,2292,340,2005-08-07 15:26:42,1,2006-02-16 02:30:53
9835,2005-07-31 12:07:35,1051,328,2005-08-04 07:32:35,2,2006-02-16 02:30:53
9836,2005-07-31 12:12:00,2870,313,2005-08-09 06:53:00,1,2006-02-16 02:30:53
9837,2005-07-31 12:14:19,3488,573,2005-08-09 17:08:19,1,2006-02-16 02:30:53
9838,2005-07-31 12:18:49,3866,208,2005-08-03 16:49:49,2,2006-02-16 02:30:53
9839,2005-07-31 12:21:16,1591,561,2005-08-09 13:41:16,2,2006-02-16 02:30:53
9840,2005-07-31 12:23:18,364,388,2005-08-06 15:59:18,1,2006-02-16 02:30:53
9841,2005-07-31 12:24:19,4554,238,2005-08-09 15:31:19,1,2006-02-16 02:30:53
9842,2005-07-31 12:24:58,2896,261,2005-08-02 11:01:58,2,2006-02-16 02:30:53
9843,2005-07-31 12:25:28,2923,532,2005-08-01 09:51:28,2,2006-02-16 02:30:53
9844,2005-07-31 12:26:31,3930,181,2005-08-05 13:58:31,1,2006-02-16 02:30:53
9845,2005-07-31 12:28:05,2417,79,2005-08-06 06:47:05,1,2006-02-16 02:30:53
9846,2005-07-31 12:30:12,4240,573,2005-08-05 08:24:12,2,2006-02-16 02:30:53
9847,2005-07-31 12:33:43,1137,174,2005-08-04 14:15:43,2,2006-02-16 02:30:53
9848,2005-07-31 12:44:33,3290,346,2005-08-07 13:49:33,2,2006-02-16 02:30:53
9849,2005-07-31 12:44:34,2230,429,2005-08-02 16:49:34,1,2006-02-16 02:30:53
9850,2005-07-31 12:46:52,1461,497,2005-08-04 10:52:52,2,2006-02-16 02:30:53
9851,2005-07-31 12:50:24,25,49,2005-08-08 08:30:24,2,2006-02-16 02:30:53
9852,2005-07-31 12:52:17,4257,415,2005-08-05 07:59:17,2,2006-02-16 02:30:53
9853,2005-07-31 12:58:20,1782,221,2005-08-04 10:47:20,1,2006-02-16 02:30:53
9854,2005-07-31 12:59:34,1049,441,2005-08-03 07:20:34,2,2006-02-16 02:30:53
9855,2005-07-31 13:00:33,1246,326,2005-08-03 16:18:33,2,2006-02-16 02:30:53
9856,2005-07-31 13:00:35,723,347,2005-08-07 18:07:35,1,2006-02-16 02:30:53
9857,2005-07-31 13:00:53,3316,168,2005-08-09 15:56:53,1,2006-02-16 02:30:53
9858,2005-07-31 13:02:07,252,128,2005-08-03 15:14:07,2,2006-02-16 02:30:53
9859,2005-07-31 13:02:55,4094,127,2005-08-05 11:04:55,1,2006-02-16 02:30:53
9860,2005-07-31 13:03:24,3266,585,2005-08-07 07:28:24,2,2006-02-16 02:30:53
9861,2005-07-31 13:04:14,1050,264,2005-08-09 15:22:14,1,2006-02-16 02:30:53
9862,2005-07-31 13:05:03,474,513,2005-08-01 09:05:03,2,2006-02-16 02:30:53
9863,2005-07-31 13:05:29,19,239,2005-08-08 12:33:29,1,2006-02-16 02:30:53
9864,2005-07-31 13:06:54,3619,394,2005-08-02 11:47:54,2,2006-02-16 02:30:53
9865,2005-07-31 13:10:45,1355,580,2005-08-02 09:19:45,2,2006-02-16 02:30:53
9866,2005-07-31 13:13:50,3555,374,2005-08-07 15:11:50,1,2006-02-16 02:30:53
9867,2005-07-31 13:17:04,2485,83,2005-08-05 07:17:04,2,2006-02-16 02:30:53
9868,2005-07-31 13:20:08,266,378,2005-08-01 18:17:08,2,2006-02-16 02:30:53
9869,2005-07-31 13:21:54,783,261,2005-08-07 09:09:54,1,2006-02-16 02:30:53
9870,2005-07-31 13:22:51,442,195,2005-08-05 16:04:51,1,2006-02-16 02:30:53
9871,2005-07-31 13:25:46,194,109,2005-08-01 13:12:46,2,2006-02-16 02:30:53
9872,2005-07-31 13:27:55,1021,376,2005-08-04 14:33:55,1,2006-02-16 02:30:53
9873,2005-07-31 13:32:18,667,442,2005-08-06 11:15:18,2,2006-02-16 02:30:53
9874,2005-07-31 13:32:31,2476,482,2005-08-07 09:50:31,2,2006-02-16 02:30:53
9875,2005-07-31 13:37:41,2878,421,2005-08-03 15:17:41,2,2006-02-16 02:30:53
9876,2005-07-31 13:37:51,828,347,2005-08-07 18:05:51,2,2006-02-16 02:30:53
9877,2005-07-31 13:41:57,1299,559,2005-08-06 15:27:57,2,2006-02-16 02:30:53
9878,2005-07-31 13:42:02,1753,424,2005-08-05 10:15:02,2,2006-02-16 02:30:53
9879,2005-07-31 13:45:32,1935,178,2005-08-07 17:12:32,1,2006-02-16 02:30:53
9880,2005-07-31 13:49:02,3590,64,2005-08-08 10:31:02,2,2006-02-16 02:30:53
9881,2005-07-31 13:50:38,4209,412,2005-08-06 08:58:38,1,2006-02-16 02:30:53
9882,2005-07-31 13:53:33,1429,311,2005-08-09 15:55:33,1,2006-02-16 02:30:53
9883,2005-07-31 13:53:37,4286,356,2005-08-06 15:45:37,1,2006-02-16 02:30:53
9884,2005-07-31 13:56:24,511,590,2005-08-01 16:59:24,1,2006-02-16 02:30:53
9885,2005-07-31 13:59:32,3600,461,2005-08-07 12:30:32,2,2006-02-16 02:30:53
9886,2005-07-31 14:00:13,1386,519,2005-08-08 19:30:13,1,2006-02-16 02:30:53
9887,2005-07-31 14:00:32,436,549,2005-08-05 19:16:32,1,2006-02-16 02:30:53
9888,2005-07-31 14:00:53,4400,5,2005-08-08 18:51:53,2,2006-02-16 02:30:53
9889,2005-07-31 14:02:50,2842,143,2005-08-05 12:09:50,2,2006-02-16 02:30:53
9890,2005-07-31 14:04:44,1024,151,2005-08-01 11:24:44,1,2006-02-16 02:30:53
9891,2005-07-31 14:05:44,3359,462,2005-08-02 16:21:44,2,2006-02-16 02:30:53
9892,2005-07-31 14:06:25,1045,251,2005-08-03 18:11:25,2,2006-02-16 02:30:53
9893,2005-07-31 14:07:21,2445,179,2005-08-01 09:20:21,2,2006-02-16 02:30:53
9894,2005-07-31 14:07:44,3724,199,2005-08-05 18:01:44,2,2006-02-16 02:30:53
9895,2005-07-31 14:07:56,835,560,2005-08-05 14:56:56,1,2006-02-16 02:30:53
9896,2005-07-31 14:09:48,2591,586,2005-08-01 20:02:48,1,2006-02-16 02:30:53
9897,2005-07-31 14:11:57,3945,538,2005-08-02 12:20:57,1,2006-02-16 02:30:53
9898,2005-07-31 14:12:03,2151,359,2005-08-01 12:27:03,1,2006-02-16 02:30:53
9899,2005-07-31 14:12:36,3352,168,2005-08-08 08:59:36,1,2006-02-16 02:30:53
9900,2005-07-31 14:15:05,3132,453,2005-08-07 11:58:05,2,2006-02-16 02:30:53
9901,2005-07-31 14:20:59,3332,277,2005-08-03 09:30:59,1,2006-02-16 02:30:53
9902,2005-07-31 14:24:33,486,218,2005-08-09 11:11:33,2,2006-02-16 02:30:53
9903,2005-07-31 14:31:44,1621,316,2005-08-08 20:03:44,1,2006-02-16 02:30:53
9904,2005-07-31 14:34:17,4089,428,2005-08-08 17:19:17,1,2006-02-16 02:30:53
9905,2005-07-31 14:37:03,2839,519,2005-08-01 15:55:03,2,2006-02-16 02:30:53
9906,2005-07-31 14:38:12,4241,204,2005-08-01 13:56:12,1,2006-02-16 02:30:53
9907,2005-07-31 14:39:50,4282,120,2005-08-09 09:39:50,1,2006-02-16 02:30:53
9908,2005-07-31 14:39:52,4408,27,2005-08-09 09:46:52,2,2006-02-16 02:30:53
9909,2005-07-31 14:43:34,2600,587,2005-08-09 15:31:34,1,2006-02-16 02:30:53
9910,2005-07-31 14:47:57,368,122,2005-08-05 18:20:57,1,2006-02-16 02:30:53
9911,2005-07-31 14:48:01,3879,112,2005-08-06 11:55:01,1,2006-02-16 02:30:53
9912,2005-07-31 14:49:04,3119,367,2005-08-03 15:40:04,1,2006-02-16 02:30:53
9913,2005-07-31 14:51:04,3744,229,2005-08-06 12:12:04,1,2006-02-16 02:30:53
9914,2005-07-31 14:51:19,3147,530,2005-08-05 09:51:19,1,2006-02-16 02:30:53
9915,2005-07-31 14:52:26,2933,566,2005-08-03 11:53:26,1,2006-02-16 02:30:53
9916,2005-07-31 14:54:52,949,432,2005-08-07 13:18:52,1,2006-02-16 02:30:53
9917,2005-07-31 14:55:11,3829,159,2005-08-02 13:58:11,2,2006-02-16 02:30:53
9918,2005-07-31 14:55:22,2519,283,2005-08-04 09:02:22,2,2006-02-16 02:30:53
9919,2005-07-31 14:55:46,3205,291,2005-08-08 11:43:46,2,2006-02-16 02:30:53
9920,2005-07-31 14:57:13,3108,139,2005-08-03 18:58:13,2,2006-02-16 02:30:53
9921,2005-07-31 14:59:21,1004,332,2005-08-01 12:40:21,2,2006-02-16 02:30:53
9922,2005-07-31 14:59:37,3615,25,2005-08-06 14:05:37,1,2006-02-16 02:30:53
9923,2005-07-31 15:00:15,1635,209,2005-08-05 11:09:15,2,2006-02-16 02:30:53
9924,2005-07-31 15:04:57,1986,64,2005-08-05 20:07:57,2,2006-02-16 02:30:53
9925,2005-07-31 15:08:47,2351,24,2005-08-02 20:27:47,1,2006-02-16 02:30:53
9926,2005-07-31 15:11:51,3733,472,2005-08-09 18:26:51,1,2006-02-16 02:30:53
9927,2005-07-31 15:12:13,999,346,2005-08-01 11:37:13,1,2006-02-16 02:30:53
9928,2005-07-31 15:13:57,3627,53,2005-08-06 20:39:57,1,2006-02-16 02:30:53
9929,2005-07-31 15:17:24,2521,564,2005-08-03 17:27:24,1,2006-02-16 02:30:53
9930,2005-07-31 15:18:03,4491,304,2005-08-01 12:36:03,2,2006-02-16 02:30:53
9931,2005-07-31 15:18:19,3455,183,2005-08-04 14:23:19,2,2006-02-16 02:30:53
9932,2005-07-31 15:19:48,1691,264,2005-08-05 21:09:48,1,2006-02-16 02:30:53
9933,2005-07-31 15:24:46,2349,111,2005-08-01 10:00:46,1,2006-02-16 02:30:53
9934,2005-07-31 15:25:26,2492,236,2005-08-05 17:13:26,1,2006-02-16 02:30:53
9935,2005-07-31 15:27:07,2247,10,2005-08-05 11:23:07,1,2006-02-16 02:30:53
9936,2005-07-31 15:27:41,979,153,2005-08-06 16:25:41,1,2006-02-16 02:30:53
9937,2005-07-31 15:28:10,3697,521,2005-08-06 21:20:10,2,2006-02-16 02:30:53
9938,2005-07-31 15:28:47,2871,63,2005-08-09 21:24:47,2,2006-02-16 02:30:53
9939,2005-07-31 15:29:00,3049,538,2005-08-08 11:09:00,1,2006-02-16 02:30:53
9940,2005-07-31 15:29:06,3975,388,2005-08-06 14:26:06,2,2006-02-16 02:30:53
9941,2005-07-31 15:31:25,1756,175,2005-08-05 17:23:25,1,2006-02-16 02:30:53
9942,2005-07-31 15:35:43,4573,545,2005-08-07 17:37:43,2,2006-02-16 02:30:53
9943,2005-07-31 15:37:29,887,494,2005-08-09 18:25:29,1,2006-02-16 02:30:53
9944,2005-07-31 15:44:43,2540,241,2005-08-08 10:30:43,1,2006-02-16 02:30:53
9945,2005-07-31 15:47:51,2075,309,2005-08-02 19:06:51,1,2006-02-16 02:30:53
9946,2005-07-31 15:48:54,2100,29,2005-08-03 12:42:54,2,2006-02-16 02:30:53
9947,2005-07-31 15:49:40,1173,138,2005-08-08 11:11:40,1,2006-02-16 02:30:53
9948,2005-07-31 15:49:41,806,342,2005-08-06 12:36:41,1,2006-02-16 02:30:53
9949,2005-07-31 15:50:10,3258,309,2005-08-01 17:53:10,2,2006-02-16 02:30:53
9950,2005-07-31 15:50:22,1657,572,2005-08-08 19:10:22,2,2006-02-16 02:30:53
9951,2005-07-31 15:51:16,4412,95,2005-08-03 14:54:16,1,2006-02-16 02:30:53
9952,2005-07-31 15:52:37,1634,128,2005-08-06 10:50:37,2,2006-02-16 02:30:53
9953,2005-07-31 15:56:35,1646,211,2005-08-02 12:01:35,2,2006-02-16 02:30:53
9954,2005-07-31 15:57:07,1830,463,2005-08-05 12:04:07,2,2006-02-16 02:30:53
9955,2005-07-31 16:01:26,1745,342,2005-08-04 11:15:26,2,2006-02-16 02:30:53
9956,2005-07-31 16:03:47,4485,342,2005-08-01 16:40:47,2,2006-02-16 02:30:53
9957,2005-07-31 16:03:55,1857,85,2005-08-04 15:16:55,2,2006-02-16 02:30:53
9958,2005-07-31 16:03:56,4142,157,2005-08-04 15:21:56,2,2006-02-16 02:30:53
9959,2005-07-31 16:04:22,340,199,2005-08-03 21:51:22,2,2006-02-16 02:30:53
9960,2005-07-31 16:05:52,1022,569,2005-08-05 14:15:52,2,2006-02-16 02:30:53
9961,2005-07-31 16:07:50,1856,40,2005-08-07 18:37:50,2,2006-02-16 02:30:53
9962,2005-07-31 16:10:36,1951,576,2005-08-02 17:09:36,1,2006-02-16 02:30:53
9963,2005-07-31 16:16:46,1609,573,2005-08-02 22:00:46,1,2006-02-16 02:30:53
9964,2005-07-31 16:17:39,3149,191,2005-08-03 15:03:39,1,2006-02-16 02:30:53
9965,2005-07-31 16:19:32,3946,101,2005-08-05 20:18:32,2,2006-02-16 02:30:53
9966,2005-07-31 16:26:46,4137,373,2005-08-03 14:29:46,1,2006-02-16 02:30:53
9967,2005-07-31 16:31:17,958,537,2005-08-06 13:52:17,1,2006-02-16 02:30:53
9968,2005-07-31 16:32:16,2666,363,2005-08-08 12:23:16,1,2006-02-16 02:30:53
9969,2005-07-31 16:38:12,938,151,2005-08-05 11:45:12,2,2006-02-16 02:30:53
9970,2005-07-31 16:38:24,2846,578,2005-08-02 12:59:24,2,2006-02-16 02:30:53
9971,2005-07-31 16:42:16,2674,573,2005-08-09 18:08:16,2,2006-02-16 02:30:53
9972,2005-07-31 16:42:43,190,506,2005-08-02 11:05:43,2,2006-02-16 02:30:53
9973,2005-07-31 16:49:31,1850,369,2005-08-03 22:03:31,2,2006-02-16 02:30:53
9974,2005-07-31 16:51:11,430,503,2005-08-05 16:04:11,1,2006-02-16 02:30:53
9975,2005-07-31 16:53:43,2564,40,2005-08-07 20:13:43,2,2006-02-16 02:30:53
9976,2005-07-31 16:57:49,4219,579,2005-08-03 16:33:49,2,2006-02-16 02:30:53
9977,2005-07-31 16:58:42,2300,363,2005-08-09 13:34:42,1,2006-02-16 02:30:53
9978,2005-07-31 16:59:51,2812,427,2005-08-06 16:48:51,2,2006-02-16 02:30:53
9979,2005-07-31 17:00:07,646,576,2005-08-08 20:40:07,1,2006-02-16 02:30:53
9980,2005-07-31 17:02:00,122,225,2005-08-08 11:11:00,2,2006-02-16 02:30:53
9981,2005-07-31 17:08:31,1354,321,2005-08-01 22:46:31,2,2006-02-16 02:30:53
9982,2005-07-31 17:09:02,2698,428,2005-08-02 13:02:02,2,2006-02-16 02:30:53
9983,2005-07-31 17:09:36,350,129,2005-08-08 20:26:36,1,2006-02-16 02:30:53
9984,2005-07-31 17:12:23,433,432,2005-08-01 21:04:23,2,2006-02-16 02:30:53
9985,2005-07-31 17:14:47,1831,85,2005-08-01 12:11:47,2,2006-02-16 02:30:53
9986,2005-07-31 17:16:50,1242,124,2005-08-05 18:34:50,2,2006-02-16 02:30:53
9987,2005-07-31 17:22:35,1619,15,2005-08-01 21:19:35,2,2006-02-16 02:30:53
9988,2005-07-31 17:22:36,3844,243,2005-08-07 18:35:36,2,2006-02-16 02:30:53
9989,2005-07-31 17:22:39,1713,79,2005-08-01 18:55:39,1,2006-02-16 02:30:53
9990,2005-07-31 17:24:21,4481,555,2005-08-09 17:14:21,2,2006-02-16 02:30:53
9991,2005-07-31 17:26:27,3662,414,2005-08-03 17:36:27,1,2006-02-16 02:30:53
9992,2005-07-31 17:29:48,4242,304,2005-08-09 13:02:48,2,2006-02-16 02:30:53
9993,2005-07-31 17:30:20,2503,225,2005-08-01 20:53:20,2,2006-02-16 02:30:53
9994,2005-07-31 17:30:31,2155,195,2005-08-01 11:35:31,1,2006-02-16 02:30:53
9995,2005-07-31 17:30:47,1978,180,2005-08-04 12:20:47,2,2006-02-16 02:30:53
9996,2005-07-31 17:32:03,3271,104,2005-08-06 16:17:03,2,2006-02-16 02:30:53
9997,2005-07-31 17:37:30,640,579,2005-08-02 14:49:30,1,2006-02-16 02:30:53
9998,2005-07-31 17:40:35,2549,30,2005-08-04 18:15:35,1,2006-02-16 02:30:53
9999,2005-07-31 17:40:53,1438,543,2005-08-01 14:25:53,1,2006-02-16 02:30:53
10000,2005-07-31 17:41:05,3221,576,2005-08-02 20:51:05,1,2006-02-16 02:30:53
10001,2005-07-31 17:46:18,2188,244,2005-08-07 20:38:18,1,2006-02-16 02:30:53
10002,2005-07-31 17:48:16,1002,323,2005-08-06 16:15:16,1,2006-02-16 02:30:53
10003,2005-07-31 17:48:51,1603,13,2005-08-02 14:23:51,1,2006-02-16 02:30:53
10004,2005-07-31 17:51:23,2396,570,2005-08-03 19:12:23,1,2006-02-16 02:30:53
10005,2005-07-31 17:53:51,928,454,2005-08-09 21:39:51,1,2006-02-16 02:30:53
10006,2005-07-31 17:54:35,2538,470,2005-08-02 20:40:35,2,2006-02-16 02:30:53
10007,2005-07-31 17:54:58,293,445,2005-08-05 17:24:58,2,2006-02-16 02:30:53
10008,2005-07-31 17:59:36,2589,91,2005-08-03 22:43:36,2,2006-02-16 02:30:53
10009,2005-07-31 18:00:28,4441,437,2005-08-08 22:24:28,2,2006-02-16 02:30:53
10010,2005-07-31 18:01:36,2655,373,2005-08-07 20:27:36,2,2006-02-16 02:30:53
10011,2005-07-31 18:02:41,606,128,2005-08-08 17:04:41,1,2006-02-16 02:30:53
10012,2005-07-31 18:06:06,2554,513,2005-08-09 16:47:06,2,2006-02-16 02:30:53
10013,2005-07-31 18:08:21,2364,377,2005-08-08 13:22:21,2,2006-02-16 02:30:53
10014,2005-07-31 18:10:56,2344,443,2005-08-02 23:36:56,1,2006-02-16 02:30:53
10015,2005-07-31 18:11:17,67,153,2005-08-03 15:48:17,2,2006-02-16 02:30:53
10016,2005-07-31 18:13:06,2183,478,2005-08-09 22:11:06,1,2006-02-16 02:30:53
10017,2005-07-31 18:13:22,1495,424,2005-08-05 16:03:22,1,2006-02-16 02:30:53
10018,2005-07-31 18:15:14,3708,481,2005-08-05 14:44:14,2,2006-02-16 02:30:53
10019,2005-07-31 18:20:56,2114,536,2005-08-07 14:25:56,1,2006-02-16 02:30:53
10020,2005-07-31 18:21:08,302,526,2005-08-02 14:03:08,2,2006-02-16 02:30:53
10021,2005-07-31 18:24:39,3235,597,2005-08-01 19:16:39,1,2006-02-16 02:30:53
10022,2005-07-31 18:25:30,1900,115,2005-08-04 13:35:30,1,2006-02-16 02:30:53
10023,2005-07-31 18:25:51,384,318,2005-08-09 18:00:51,1,2006-02-16 02:30:53
10024,2005-07-31 18:26:36,265,129,2005-08-09 16:16:36,1,2006-02-16 02:30:53
10025,2005-07-31 18:29:09,475,565,2005-08-07 14:20:09,2,2006-02-16 02:30:53
10026,2005-07-31 18:31:51,39,332,2005-08-03 21:14:51,2,2006-02-16 02:30:53
10027,2005-07-31 18:33:51,525,287,2005-08-09 18:40:51,1,2006-02-16 02:30:53
10028,2005-07-31 18:35:54,2305,323,2005-08-01 13:01:54,2,2006-02-16 02:30:53
10029,2005-07-31 18:37:47,505,578,2005-08-06 14:58:47,2,2006-02-16 02:30:53
10030,2005-07-31 18:39:36,1392,325,2005-08-03 15:29:36,2,2006-02-16 02:30:53
10031,2005-07-31 18:40:15,3048,96,2005-08-03 14:38:15,1,2006-02-16 02:30:53
10032,2005-07-31 18:41:55,2331,126,2005-08-04 22:45:55,1,2006-02-16 02:30:53
10033,2005-07-31 18:44:29,4480,381,2005-08-04 19:52:29,1,2006-02-16 02:30:53
10034,2005-07-31 18:45:30,354,442,2005-08-04 21:13:30,2,2006-02-16 02:30:53
10035,2005-07-31 18:46:46,2694,333,2005-08-04 20:33:46,1,2006-02-16 02:30:53
10036,2005-07-31 18:47:20,41,491,2005-08-03 22:53:20,1,2006-02-16 02:30:53
10037,2005-07-31 18:48:08,438,58,2005-08-09 19:11:08,2,2006-02-16 02:30:53
10038,2005-07-31 18:49:12,3727,112,2005-08-01 18:02:12,1,2006-02-16 02:30:53
10039,2005-07-31 18:50:40,4391,111,2005-08-01 18:49:40,2,2006-02-16 02:30:53
10040,2005-07-31 18:54:15,2281,268,2005-08-05 17:33:15,2,2006-02-16 02:30:53
10041,2005-07-31 19:01:02,2994,379,2005-08-07 21:32:02,1,2006-02-16 02:30:53
10042,2005-07-31 19:01:25,123,204,2005-08-06 14:21:25,1,2006-02-16 02:30:53
10043,2005-07-31 19:02:07,2558,222,2005-08-07 17:58:07,1,2006-02-16 02:30:53
10044,2005-07-31 19:02:33,3349,388,2005-08-05 13:24:33,2,2006-02-16 02:30:53
10045,2005-07-31 19:04:35,58,118,2005-08-07 16:53:35,1,2006-02-16 02:30:53
10046,2005-07-31 19:07:11,4302,50,2005-08-03 13:25:11,1,2006-02-16 02:30:53
10047,2005-07-31 19:07:43,4195,244,2005-08-07 00:20:43,2,2006-02-16 02:30:53
10048,2005-07-31 19:08:56,3821,267,2005-08-05 20:15:56,2,2006-02-16 02:30:53
10049,2005-07-31 19:11:11,854,457,2005-08-03 22:15:11,1,2006-02-16 02:30:53
10050,2005-07-31 19:13:29,295,230,2005-08-06 15:44:29,1,2006-02-16 02:30:53
10051,2005-07-31 19:14:20,163,74,2005-08-05 19:45:20,1,2006-02-16 02:30:53
10052,2005-07-31 19:15:13,3307,39,2005-08-07 22:47:13,2,2006-02-16 02:30:53
10053,2005-07-31 19:15:39,4102,223,2005-08-07 22:32:39,1,2006-02-16 02:30:53
10054,2005-07-31 19:15:52,2303,598,2005-08-04 19:54:52,1,2006-02-16 02:30:53
10055,2005-07-31 19:15:58,2725,336,2005-08-05 20:23:58,1,2006-02-16 02:30:53
10056,2005-07-31 19:19:13,281,237,2005-08-01 16:09:13,2,2006-02-16 02:30:53
10057,2005-07-31 19:20:18,3485,230,2005-08-08 17:59:18,2,2006-02-16 02:30:53
10058,2005-07-31 19:20:21,758,237,2005-08-04 00:41:21,2,2006-02-16 02:30:53
10059,2005-07-31 19:20:49,2020,274,2005-08-03 14:39:49,1,2006-02-16 02:30:53
10060,2005-07-31 19:23:00,1979,42,2005-08-08 19:07:00,1,2006-02-16 02:30:53
10061,2005-07-31 19:23:25,1401,390,2005-08-04 19:38:25,1,2006-02-16 02:30:53
10062,2005-07-31 19:24:55,1815,333,2005-08-03 22:51:55,2,2006-02-16 02:30:53
10063,2005-07-31 19:25:13,3003,517,2005-08-09 15:55:13,1,2006-02-16 02:30:53
10064,2005-07-31 19:27:02,3140,41,2005-08-06 21:15:02,1,2006-02-16 02:30:53
10065,2005-07-31 19:27:34,1426,495,2005-08-01 13:45:34,2,2006-02-16 02:30:53
10066,2005-07-31 19:30:01,4285,123,2005-08-01 14:45:01,2,2006-02-16 02:30:53
10067,2005-07-31 19:37:58,1940,148,2005-08-04 17:32:58,2,2006-02-16 02:30:53
10068,2005-07-31 19:39:38,4000,58,2005-08-05 22:49:38,1,2006-02-16 02:30:53
10069,2005-07-31 19:43:18,2168,270,2005-08-06 19:40:18,2,2006-02-16 02:30:53
10070,2005-07-31 19:46:29,1010,325,2005-08-03 22:21:29,1,2006-02-16 02:30:53
10071,2005-07-31 19:49:35,2360,353,2005-08-03 00:00:35,2,2006-02-16 02:30:53
10072,2005-07-31 19:50:37,3963,520,2005-08-03 00:25:37,2,2006-02-16 02:30:53
10073,2005-07-31 19:53:15,4246,584,2005-08-05 23:12:15,2,2006-02-16 02:30:53
10074,2005-07-31 19:57:16,1268,69,2005-08-04 00:54:16,1,2006-02-16 02:30:53
10075,2005-07-31 19:58:42,2037,469,2005-08-08 19:49:42,1,2006-02-16 02:30:53
10076,2005-07-31 20:00:34,1117,555,2005-08-10 00:37:34,2,2006-02-16 02:30:53
10077,2005-07-31 20:01:06,2333,19,2005-08-09 16:07:06,1,2006-02-16 02:30:53
10078,2005-07-31 20:02:02,3198,151,2005-08-04 00:45:02,1,2006-02-16 02:30:53
10079,2005-07-31 20:05:45,4541,486,2005-08-04 16:25:45,2,2006-02-16 02:30:53
10080,2005-07-31 20:07:10,4355,62,2005-08-04 23:07:10,2,2006-02-16 02:30:53
10081,2005-07-31 20:07:44,3183,443,2005-08-06 20:04:44,1,2006-02-16 02:30:53
10082,2005-07-31 20:09:32,1275,76,2005-08-01 15:41:32,2,2006-02-16 02:30:53
10083,2005-07-31 20:10:19,2585,449,2005-08-06 23:18:19,1,2006-02-16 02:30:53
10084,2005-07-31 20:11:29,524,528,2005-08-06 22:28:29,2,2006-02-16 02:30:53
10085,2005-07-31 20:12:02,2556,392,2005-08-03 00:03:02,2,2006-02-16 02:30:53
10086,2005-07-31 20:14:08,2853,205,2005-08-07 01:33:08,2,2006-02-16 02:30:53
10087,2005-07-31 20:15:22,1393,245,2005-08-07 01:33:22,1,2006-02-16 02:30:53
10088,2005-07-31 20:16:21,4293,46,2005-08-01 22:47:21,2,2006-02-16 02:30:53
10089,2005-07-31 20:17:09,248,160,2005-08-01 19:14:09,2,2006-02-16 02:30:53
10090,2005-07-31 20:22:01,4023,533,2005-08-04 17:30:01,1,2006-02-16 02:30:53
10091,2005-07-31 20:23:13,1878,135,2005-08-02 21:58:13,2,2006-02-16 02:30:53
10092,2005-07-31 20:28:09,4151,364,2005-08-01 21:37:09,1,2006-02-16 02:30:53
10093,2005-07-31 20:30:32,3943,162,2005-08-04 00:04:32,2,2006-02-16 02:30:53
10094,2005-07-31 20:31:18,2865,596,2005-08-06 18:31:18,2,2006-02-16 02:30:53
10095,2005-07-31 20:38:35,4062,370,2005-08-02 02:33:35,1,2006-02-16 02:30:53
10096,2005-07-31 20:38:58,3606,290,2005-08-06 02:34:58,1,2006-02-16 02:30:53
10097,2005-07-31 20:39:38,784,519,2005-08-08 22:22:38,1,2006-02-16 02:30:53
10098,2005-07-31 20:41:17,1324,155,2005-08-02 00:06:17,2,2006-02-16 02:30:53
10099,2005-07-31 20:47:14,1960,220,2005-08-02 17:25:14,1,2006-02-16 02:30:53
10100,2005-07-31 20:47:18,4050,330,2005-08-03 16:58:18,2,2006-02-16 02:30:53
10101,2005-07-31 20:47:29,2513,119,2005-08-04 21:28:29,1,2006-02-16 02:30:53
10102,2005-07-31 20:49:10,4078,170,2005-08-08 20:15:10,1,2006-02-16 02:30:53
10103,2005-07-31 20:49:13,77,25,2005-08-05 15:55:13,2,2006-02-16 02:30:53
10104,2005-07-31 20:49:14,3358,186,2005-08-05 01:11:14,2,2006-02-16 02:30:53
10105,2005-07-31 20:54:20,112,286,2005-08-09 17:45:20,1,2006-02-16 02:30:53
10106,2005-07-31 21:00:47,3444,556,2005-08-02 20:11:47,2,2006-02-16 02:30:53
10107,2005-07-31 21:01:46,1326,414,2005-08-09 01:33:46,2,2006-02-16 02:30:53
10108,2005-07-31 21:02:14,3703,326,2005-08-01 18:28:14,1,2006-02-16 02:30:53
10109,2005-07-31 21:04:49,2852,403,2005-08-08 19:25:49,1,2006-02-16 02:30:53
10110,2005-07-31 21:06:12,4081,138,2005-08-03 02:03:12,2,2006-02-16 02:30:53
10111,2005-07-31 21:08:33,3474,38,2005-08-06 02:58:33,2,2006-02-16 02:30:53
10112,2005-07-31 21:08:56,2643,198,2005-08-01 23:35:56,2,2006-02-16 02:30:53
10113,2005-07-31 21:10:03,3974,461,2005-08-02 21:13:03,2,2006-02-16 02:30:53
10114,2005-07-31 21:12:58,3881,218,2005-08-02 19:45:58,2,2006-02-16 02:30:53
10115,2005-07-31 21:13:47,2731,68,2005-08-10 00:44:47,1,2006-02-16 02:30:53
10116,2005-07-31 21:14:02,738,28,2005-08-03 01:48:02,2,2006-02-16 02:30:53
10117,2005-07-31 21:14:31,1894,459,2005-08-01 15:59:31,2,2006-02-16 02:30:53
10118,2005-07-31 21:16:31,1209,143,2005-08-03 02:32:31,1,2006-02-16 02:30:53
10119,2005-07-31 21:20:59,54,351,2005-08-02 23:14:59,2,2006-02-16 02:30:53
10120,2005-07-31 21:24:24,1709,396,2005-08-03 17:44:24,2,2006-02-16 02:30:53
10121,2005-07-31 21:24:53,2969,425,2005-08-03 22:24:53,1,2006-02-16 02:30:53
10122,2005-07-31 21:29:28,4229,196,2005-08-09 00:04:28,1,2006-02-16 02:30:53
10123,2005-07-31 21:30:46,4564,487,2005-08-06 16:28:46,1,2006-02-16 02:30:53
10124,2005-07-31 21:31:49,1956,396,2005-08-04 00:06:49,1,2006-02-16 02:30:53
10125,2005-07-31 21:33:03,493,178,2005-08-01 19:10:03,1,2006-02-16 02:30:53
10126,2005-07-31 21:36:07,3,39,2005-08-03 23:59:07,1,2006-02-16 02:30:53
10127,2005-07-31 21:39:48,717,478,2005-08-06 00:10:48,1,2006-02-16 02:30:53
10128,2005-07-31 21:40:04,2559,508,2005-08-02 02:21:04,1,2006-02-16 02:30:53
10129,2005-07-31 21:41:35,2848,564,2005-08-05 17:05:35,1,2006-02-16 02:30:53
10130,2005-07-31 21:44:30,3964,95,2005-08-04 17:06:30,1,2006-02-16 02:30:53
10131,2005-07-31 21:45:28,4169,510,2005-08-04 00:19:28,2,2006-02-16 02:30:53
10132,2005-07-31 21:50:24,3934,23,2005-08-07 23:37:24,2,2006-02-16 02:30:53
10133,2005-07-31 21:55:07,614,234,2005-08-08 23:04:07,1,2006-02-16 02:30:53
10134,2005-07-31 21:56:10,4483,311,2005-08-06 21:20:10,1,2006-02-16 02:30:53
10135,2005-07-31 21:57:32,4193,307,2005-08-05 22:23:32,1,2006-02-16 02:30:53
10136,2005-07-31 21:58:56,3142,2,2005-08-03 19:44:56,1,2006-02-16 02:30:53
10137,2005-07-31 22:01:41,612,236,2005-08-07 22:24:41,1,2006-02-16 02:30:53
10138,2005-07-31 22:02:09,179,225,2005-08-07 20:46:09,2,2006-02-16 02:30:53
10139,2005-07-31 22:02:20,407,441,2005-08-04 02:09:20,1,2006-02-16 02:30:53
10140,2005-07-31 22:03:20,2494,550,2005-08-07 23:15:20,2,2006-02-16 02:30:53
10141,2005-07-31 22:08:29,8,8,2005-08-06 16:59:29,1,2006-02-16 02:30:53
10142,2005-07-31 22:10:54,1839,257,2005-08-09 19:04:54,2,2006-02-16 02:30:53
10143,2005-07-31 22:11:43,2139,271,2005-08-09 17:48:43,2,2006-02-16 02:30:53
10144,2005-07-31 22:13:52,3011,49,2005-08-05 19:27:52,1,2006-02-16 02:30:53
10145,2005-07-31 22:15:13,2511,361,2005-08-06 23:26:13,1,2006-02-16 02:30:53
10146,2005-07-31 22:17:56,1721,559,2005-08-02 21:27:56,1,2006-02-16 02:30:53
10147,2005-07-31 22:18:43,1351,198,2005-08-02 23:08:43,2,2006-02-16 02:30:53
10148,2005-07-31 22:19:16,1381,63,2005-08-05 00:15:16,2,2006-02-16 02:30:53
10149,2005-07-31 22:20:46,890,276,2005-08-07 23:12:46,2,2006-02-16 02:30:53
10150,2005-07-31 22:22:00,2328,419,2005-08-05 01:17:00,2,2006-02-16 02:30:53
10151,2005-07-31 22:22:37,4442,361,2005-08-01 22:20:37,1,2006-02-16 02:30:53
10152,2005-07-31 22:28:05,1114,244,2005-08-08 22:39:05,2,2006-02-16 02:30:53
10153,2005-07-31 22:30:10,2945,297,2005-08-06 02:32:10,2,2006-02-16 02:30:53
10154,2005-07-31 22:30:49,2745,149,2005-08-07 03:05:49,2,2006-02-16 02:30:53
10155,2005-07-31 22:31:43,3176,235,2005-08-07 02:43:43,1,2006-02-16 02:30:53
10156,2005-07-31 22:36:00,141,179,2005-08-02 00:03:00,2,2006-02-16 02:30:53
10157,2005-07-31 22:38:48,2960,232,2005-08-01 21:38:48,1,2006-02-16 02:30:53
10158,2005-07-31 22:40:31,1626,393,2005-08-08 18:25:31,2,2006-02-16 02:30:53
10159,2005-07-31 22:54:30,1174,515,2005-08-03 00:43:30,2,2006-02-16 02:30:53
10160,2005-07-31 23:07:40,863,295,2005-08-05 23:34:40,1,2006-02-16 02:30:53
10161,2005-07-31 23:09:41,2651,120,2005-08-02 20:46:41,2,2006-02-16 02:30:53
10162,2005-07-31 23:11:01,1327,475,2005-08-07 01:52:01,2,2006-02-16 02:30:53
10163,2005-07-31 23:12:34,2811,425,2005-08-01 22:47:34,2,2006-02-16 02:30:53
10164,2005-07-31 23:17:57,1405,89,2005-08-05 19:43:57,1,2006-02-16 02:30:53
10165,2005-07-31 23:21:23,3476,50,2005-08-06 18:06:23,1,2006-02-16 02:30:53
10166,2005-07-31 23:22:20,4304,484,2005-08-07 18:06:20,2,2006-02-16 02:30:53
10167,2005-07-31 23:24:31,1222,129,2005-08-06 17:42:31,2,2006-02-16 02:30:53
10168,2005-07-31 23:25:24,4548,570,2005-08-02 19:03:24,1,2006-02-16 02:30:53
10169,2005-07-31 23:27:13,2675,57,2005-08-05 20:32:13,2,2006-02-16 02:30:53
10170,2005-07-31 23:27:31,804,41,2005-08-08 04:53:31,2,2006-02-16 02:30:53
10171,2005-07-31 23:29:05,1367,401,2005-08-03 19:39:05,1,2006-02-16 02:30:53
10172,2005-07-31 23:29:51,2506,426,2005-08-09 01:57:51,1,2006-02-16 02:30:53
10173,2005-07-31 23:36:59,2527,326,2005-08-08 20:20:59,2,2006-02-16 02:30:53
10174,2005-07-31 23:40:08,2459,359,2005-08-06 21:08:08,2,2006-02-16 02:30:53
10175,2005-07-31 23:40:11,3672,137,2005-08-09 02:22:11,1,2006-02-16 02:30:53
10176,2005-07-31 23:40:35,1181,19,2005-08-09 00:46:35,2,2006-02-16 02:30:53
10177,2005-07-31 23:42:33,2242,279,2005-08-03 01:30:33,2,2006-02-16 02:30:53
10178,2005-07-31 23:43:04,1582,491,2005-08-03 00:43:04,1,2006-02-16 02:30:53
10179,2005-07-31 23:49:54,2136,131,2005-08-01 20:46:54,2,2006-02-16 02:30:53
10180,2005-07-31 23:57:43,757,50,2005-08-09 04:04:43,2,2006-02-16 02:30:53
10181,2005-08-01 00:00:44,3111,113,2005-08-04 19:33:44,1,2006-02-16 02:30:53
10182,2005-08-01 00:08:01,4112,578,2005-08-09 18:14:01,2,2006-02-16 02:30:53
10183,2005-08-01 00:08:01,4319,377,2005-08-09 20:41:01,1,2006-02-16 02:30:53
10184,2005-08-01 00:09:33,2785,77,2005-08-05 04:12:33,2,2006-02-16 02:30:53
10185,2005-08-01 00:12:11,1266,64,2005-08-03 03:03:11,1,2006-02-16 02:30:53
10186,2005-08-01 00:12:36,4563,294,2005-08-07 05:08:36,1,2006-02-16 02:30:53
10187,2005-08-01 00:15:49,1629,400,2005-08-05 01:00:49,2,2006-02-16 02:30:53
10188,2005-08-01 00:19:41,1221,331,2005-08-08 00:19:41,2,2006-02-16 02:30:53
10189,2005-08-01 00:25:00,616,509,2005-08-03 06:01:00,2,2006-02-16 02:30:53
10190,2005-08-01 00:27:53,4411,138,2005-08-01 20:32:53,2,2006-02-16 02:30:53
10191,2005-08-01 00:28:38,1131,196,2005-08-06 02:23:38,1,2006-02-16 02:30:53
10192,2005-08-01 00:33:00,1632,569,2005-08-05 03:37:00,2,2006-02-16 02:30:53
10193,2005-08-01 00:33:27,2036,358,2005-08-07 20:15:27,1,2006-02-16 02:30:53
10194,2005-08-01 00:33:52,1447,290,2005-08-06 04:50:52,2,2006-02-16 02:30:53
10195,2005-08-01 00:34:42,2691,396,2005-08-08 05:04:42,2,2006-02-16 02:30:53
10196,2005-08-01 00:34:51,3070,199,2005-08-05 03:43:51,1,2006-02-16 02:30:53
10197,2005-08-01 00:35:25,1186,127,2005-08-07 06:04:25,2,2006-02-16 02:30:53
10198,2005-08-01 00:36:15,1297,366,2005-08-07 06:18:15,2,2006-02-16 02:30:53
10199,2005-08-01 00:38:55,3665,526,2005-08-05 03:41:55,1,2006-02-16 02:30:53
10200,2005-08-01 00:39:05,580,421,2005-08-05 01:07:05,1,2006-02-16 02:30:53
10201,2005-08-01 00:42:18,3649,299,2005-08-08 20:49:18,2,2006-02-16 02:30:53
10202,2005-08-01 00:43:18,1099,306,2005-08-08 23:26:18,1,2006-02-16 02:30:53
10203,2005-08-01 00:45:27,1096,157,2005-08-04 22:45:27,2,2006-02-16 02:30:53
10204,2005-08-01 00:47:39,764,572,2005-08-05 01:11:39,1,2006-02-16 02:30:53
10205,2005-08-01 00:48:24,33,87,2005-08-06 23:53:24,1,2006-02-16 02:30:53
10206,2005-08-01 00:52:40,4479,90,2005-08-10 02:36:40,2,2006-02-16 02:30:53
10207,2005-08-01 00:53:01,2925,334,2005-08-05 05:51:01,2,2006-02-16 02:30:53
10208,2005-08-01 00:54:51,3324,246,2005-08-04 22:39:51,2,2006-02-16 02:30:53
10209,2005-08-01 00:56:47,2429,303,2005-08-03 19:58:47,2,2006-02-16 02:30:53
10210,2005-08-01 00:58:52,49,391,2005-08-10 01:16:52,1,2006-02-16 02:30:53
10211,2005-08-01 01:01:16,810,530,2005-08-10 01:31:16,1,2006-02-16 02:30:53
10212,2005-08-01 01:01:35,3728,324,2005-08-02 23:02:35,1,2006-02-16 02:30:53
10213,2005-08-01 01:03:18,1462,106,2005-08-09 20:07:18,1,2006-02-16 02:30:53
10214,2005-08-01 01:04:15,648,597,2005-08-01 19:31:15,2,2006-02-16 02:30:53
10215,2005-08-01 01:04:28,838,345,2005-08-09 21:43:28,2,2006-02-16 02:30:53
10216,2005-08-01 01:06:27,3603,436,2005-08-08 22:41:27,2,2006-02-16 02:30:53
10217,2005-08-01 01:07:27,1193,389,2005-08-09 00:42:27,1,2006-02-16 02:30:53
10218,2005-08-01 01:09:44,3886,101,2005-08-05 20:08:44,1,2006-02-16 02:30:53
10219,2005-08-01 01:10:33,2262,505,2005-08-10 02:45:33,2,2006-02-16 02:30:53
10220,2005-08-01 01:13:22,3920,294,2005-08-04 22:57:22,2,2006-02-16 02:30:53
10221,2005-08-01 01:16:50,3051,373,2005-08-03 05:35:50,2,2006-02-16 02:30:53
10222,2005-08-01 01:17:42,1214,295,2005-08-08 02:45:42,1,2006-02-16 02:30:53
10223,2005-08-01 01:23:15,1370,522,2005-08-02 19:39:15,1,2006-02-16 02:30:53
10224,2005-08-01 01:31:56,1443,587,2005-08-05 21:21:56,2,2006-02-16 02:30:53
10225,2005-08-01 01:38:40,3131,498,2005-08-06 20:00:40,1,2006-02-16 02:30:53
10226,2005-08-01 01:40:04,3067,107,2005-08-08 01:02:04,1,2006-02-16 02:30:53
10227,2005-08-01 01:42:22,872,571,2005-08-09 23:45:22,2,2006-02-16 02:30:53
10228,2005-08-01 01:43:18,1742,106,2005-08-06 22:10:18,2,2006-02-16 02:30:53
10229,2005-08-01 01:45:26,3459,175,2005-08-10 06:21:26,1,2006-02-16 02:30:53
10230,2005-08-01 01:49:36,76,398,2005-08-05 01:29:36,2,2006-02-16 02:30:53
10231,2005-08-01 01:50:49,1056,511,2005-08-06 03:12:49,1,2006-02-16 02:30:53
10232,2005-08-01 01:50:55,586,512,2005-08-03 04:12:55,1,2006-02-16 02:30:53
10233,2005-08-01 01:54:23,4571,459,2005-08-10 00:23:23,2,2006-02-16 02:30:53
10234,2005-08-01 01:56:20,1641,207,2005-08-09 01:51:20,2,2006-02-16 02:30:53
10235,2005-08-01 01:57:48,2850,30,2005-08-10 07:38:48,2,2006-02-16 02:30:53
10236,2005-08-01 02:05:34,3754,470,2005-08-01 23:40:34,1,2006-02-16 02:30:53
10237,2005-08-01 02:07:32,432,313,2005-08-07 03:54:32,1,2006-02-16 02:30:53
10238,2005-08-01 02:08:05,561,192,2005-08-02 01:52:05,1,2006-02-16 02:30:53
10239,2005-08-01 02:09:22,1232,467,2005-08-04 01:35:22,2,2006-02-16 02:30:53
10240,2005-08-01 02:09:33,4494,109,2005-08-07 02:22:33,2,2006-02-16 02:30:53
10241,2005-08-01 02:12:25,1526,161,2005-08-08 00:37:25,1,2006-02-16 02:30:53
10242,2005-08-01 02:18:12,1825,342,2005-08-02 22:32:12,2,2006-02-16 02:30:53
10243,2005-08-01 02:18:46,2236,132,2005-08-06 21:45:46,1,2006-02-16 02:30:53
10244,2005-08-01 02:20:01,567,51,2005-08-06 23:06:01,2,2006-02-16 02:30:53
10245,2005-08-01 02:24:09,2880,163,2005-08-02 02:31:09,1,2006-02-16 02:30:53
10246,2005-08-01 02:29:50,3598,261,2005-08-09 01:17:50,2,2006-02-16 02:30:53
10247,2005-08-01 02:34:06,4035,189,2005-08-09 02:33:06,1,2006-02-16 02:30:53
10248,2005-08-01 02:35:28,2146,298,2005-08-08 02:24:28,2,2006-02-16 02:30:53
10249,2005-08-01 02:35:39,135,437,2005-08-06 06:50:39,1,2006-02-16 02:30:53
10250,2005-08-01 02:38:42,3706,116,2005-08-07 03:59:42,2,2006-02-16 02:30:53
10251,2005-08-01 02:39:12,2986,39,2005-08-06 03:51:12,1,2006-02-16 02:30:53
10252,2005-08-01 02:39:39,2380,86,2005-08-10 00:40:39,2,2006-02-16 02:30:53
10253,2005-08-01 02:39:49,1406,101,2005-08-08 04:28:49,2,2006-02-16 02:30:53
10254,2005-08-01 02:42:03,2238,416,2005-08-05 23:31:03,1,2006-02-16 02:30:53
10255,2005-08-01 02:46:13,4558,459,2005-08-03 05:54:13,1,2006-02-16 02:30:53
10256,2005-08-01 02:47:11,780,58,2005-08-05 05:21:11,2,2006-02-16 02:30:53
10257,2005-08-01 02:49:43,2403,543,2005-08-04 04:45:43,2,2006-02-16 02:30:53
10258,2005-08-01 02:51:09,2062,469,2005-08-08 23:57:09,2,2006-02-16 02:30:53
10259,2005-08-01 02:52:05,1881,566,2005-08-03 20:54:05,1,2006-02-16 02:30:53
10260,2005-08-01 02:58:07,2864,461,2005-08-05 02:06:07,2,2006-02-16 02:30:53
10261,2005-08-01 02:58:27,2346,50,2005-08-01 21:55:27,2,2006-02-16 02:30:53
10262,2005-08-01 03:01:26,3842,181,2005-08-08 08:03:26,2,2006-02-16 02:30:53
10263,2005-08-01 03:02:48,2420,415,2005-08-08 02:16:48,2,2006-02-16 02:30:53
10264,2005-08-01 03:03:12,1374,297,2005-08-08 00:34:12,2,2006-02-16 02:30:53
10265,2005-08-01 03:05:04,3338,510,2005-08-08 08:09:04,1,2006-02-16 02:30:53
10266,2005-08-01 03:05:59,476,49,2005-08-06 06:23:59,1,2006-02-16 02:30:53
10267,2005-08-01 03:07:26,3883,72,2005-08-07 22:49:26,1,2006-02-16 02:30:53
10268,2005-08-01 03:08:56,2755,138,2005-08-08 02:41:56,1,2006-02-16 02:30:53
10269,2005-08-01 03:09:26,2537,39,2005-08-02 00:01:26,1,2006-02-16 02:30:53
10270,2005-08-01 03:10:24,2025,168,2005-08-07 03:04:24,2,2006-02-16 02:30:53
10271,2005-08-01 03:13:39,3692,6,2005-08-07 23:40:39,1,2006-02-16 02:30:53
10272,2005-08-01 03:14:34,128,273,2005-08-10 05:56:34,2,2006-02-16 02:30:53
10273,2005-08-01 03:14:47,1458,212,2005-08-07 03:59:47,1,2006-02-16 02:30:53
10274,2005-08-01 03:16:51,2916,375,2005-08-04 22:22:51,2,2006-02-16 02:30:53
10275,2005-08-01 03:20:08,669,463,2005-08-08 06:48:08,1,2006-02-16 02:30:53
10276,2005-08-01 03:22:23,2201,48,2005-08-03 07:59:23,1,2006-02-16 02:30:53
10277,2005-08-01 03:22:41,1472,176,2005-08-05 05:07:41,1,2006-02-16 02:30:53
10278,2005-08-01 03:25:27,2497,154,2005-08-08 07:52:27,1,2006-02-16 02:30:53
10279,2005-08-01 03:26:44,3794,247,2005-08-07 22:35:44,2,2006-02-16 02:30:53
10280,2005-08-01 03:27:15,1457,542,2005-08-07 23:01:15,2,2006-02-16 02:30:53
10281,2005-08-01 03:28:33,1047,549,2005-08-02 05:06:33,1,2006-02-16 02:30:53
10282,2005-08-01 03:29:10,617,472,2005-08-07 06:16:10,1,2006-02-16 02:30:53
10283,2005-08-01 03:29:45,4237,462,2005-08-07 04:19:45,1,2006-02-16 02:30:53
10284,2005-08-01 03:33:19,2879,20,2005-08-09 07:58:19,1,2006-02-16 02:30:53
10285,2005-08-01 03:35:11,4523,167,2005-08-05 03:55:11,2,2006-02-16 02:30:53
10286,2005-08-01 03:35:58,498,532,2005-08-10 05:17:58,2,2006-02-16 02:30:53
10287,2005-08-01 03:37:01,125,141,2005-08-05 23:03:01,2,2006-02-16 02:30:53
10288,2005-08-01 03:38:42,572,63,2005-08-06 04:34:42,1,2006-02-16 02:30:53
10289,2005-08-01 03:39:48,3153,566,2005-08-08 02:56:48,1,2006-02-16 02:30:53
10290,2005-08-01 03:39:50,4542,364,2005-08-08 22:29:50,2,2006-02-16 02:30:53
10291,2005-08-01 03:39:57,2056,420,2005-08-05 02:05:57,2,2006-02-16 02:30:53
10292,2005-08-01 03:42:40,2562,340,2005-08-01 23:36:40,2,2006-02-16 02:30:53
10293,2005-08-01 03:44:26,1570,258,2005-08-05 04:16:26,2,2006-02-16 02:30:53
10294,2005-08-01 03:48:12,528,28,2005-08-09 01:19:12,2,2006-02-16 02:30:53
10295,2005-08-01 03:53:49,2355,123,2005-08-10 03:56:49,1,2006-02-16 02:30:53
10296,2005-08-01 04:04:37,1958,573,2005-08-01 23:59:37,1,2006-02-16 02:30:53
10297,2005-08-01 04:05:04,2795,289,2005-08-09 06:08:04,1,2006-02-16 02:30:53
10298,2005-08-01 04:06:03,1383,323,2005-08-05 05:59:03,2,2006-02-16 02:30:53
10299,2005-08-01 04:08:04,1125,369,2005-08-04 08:11:04,1,2006-02-16 02:30:53
10300,2005-08-01 04:08:11,4334,207,2005-08-04 00:24:11,1,2006-02-16 02:30:53
10301,2005-08-01 04:09:37,3072,583,2005-08-04 23:14:37,2,2006-02-16 02:30:53
10302,2005-08-01 04:12:08,1043,144,2005-08-01 22:12:08,2,2006-02-16 02:30:53
10303,2005-08-01 04:13:33,936,479,2005-08-06 02:16:33,2,2006-02-16 02:30:53
10304,2005-08-01 04:14:12,1538,346,2005-08-07 22:38:12,1,2006-02-16 02:30:53
10305,2005-08-01 04:16:16,2946,160,2005-08-07 23:47:16,1,2006-02-16 02:30:53
10306,2005-08-01 04:19:18,2819,541,2005-08-09 02:16:18,1,2006-02-16 02:30:53
10307,2005-08-01 04:21:54,975,332,2005-08-04 09:24:54,2,2006-02-16 02:30:53
10308,2005-08-01 04:22:49,588,240,2005-08-09 04:39:49,2,2006-02-16 02:30:53
10309,2005-08-01 04:24:18,1505,156,2005-08-09 08:32:18,2,2006-02-16 02:30:53
10310,2005-08-01 04:24:47,9,271,2005-08-04 05:36:47,2,2006-02-16 02:30:53
10311,2005-08-01 04:27:59,4211,151,2005-08-02 08:51:59,1,2006-02-16 02:30:53
10312,2005-08-01 04:29:06,4389,172,2005-08-08 04:52:06,2,2006-02-16 02:30:53
10313,2005-08-01 04:29:29,1194,80,2005-08-04 08:12:29,2,2006-02-16 02:30:53
10314,2005-08-01 04:31:18,1548,252,2005-08-06 01:49:18,2,2006-02-16 02:30:53
10315,2005-08-01 04:34:45,895,258,2005-08-07 05:27:45,1,2006-02-16 02:30:53
10316,2005-08-01 04:34:57,1907,469,2005-08-06 02:34:57,2,2006-02-16 02:30:53
10317,2005-08-01 04:35:34,110,561,2005-08-06 02:27:34,2,2006-02-16 02:30:53
10318,2005-08-01 04:36:53,885,548,2005-08-04 00:54:53,1,2006-02-16 02:30:53
10319,2005-08-01 04:37:19,3120,394,2005-08-05 03:18:19,2,2006-02-16 02:30:53
10320,2005-08-01 04:39:26,2298,152,2005-08-08 06:01:26,1,2006-02-16 02:30:53
10321,2005-08-01 04:40:02,4512,177,2005-08-03 04:18:02,1,2006-02-16 02:30:53
10322,2005-08-01 04:44:13,1543,535,2005-08-08 00:20:13,2,2006-02-16 02:30:53
10323,2005-08-01 04:44:58,3539,577,2005-08-06 07:56:58,1,2006-02-16 02:30:53
10324,2005-08-01 04:49:06,523,25,2005-08-09 08:04:06,2,2006-02-16 02:30:53
10325,2005-08-01 04:52:12,2749,258,2005-08-08 09:31:12,1,2006-02-16 02:30:53
10326,2005-08-01 04:55:34,3856,325,2005-08-02 05:18:34,1,2006-02-16 02:30:53
10327,2005-08-01 04:55:35,328,382,2005-08-07 08:17:35,2,2006-02-16 02:30:53
10328,2005-08-01 04:56:10,1191,85,2005-08-01 23:22:10,2,2006-02-16 02:30:53
10329,2005-08-01 04:56:13,2289,302,2005-08-03 03:54:13,1,2006-02-16 02:30:53
10330,2005-08-01 04:57:04,1580,7,2005-08-07 23:00:04,2,2006-02-16 02:30:53
10331,2005-08-01 04:57:14,4152,575,2005-08-07 06:46:14,1,2006-02-16 02:30:53
10332,2005-08-01 04:57:32,642,258,2005-08-10 02:42:32,2,2006-02-16 02:30:53
10333,2005-08-01 04:58:32,3955,499,2005-08-04 00:51:32,2,2006-02-16 02:30:53
10334,2005-08-01 04:58:42,3387,445,2005-08-09 02:00:42,1,2006-02-16 02:30:53
10335,2005-08-01 04:59:30,323,33,2005-08-05 02:26:30,1,2006-02-16 02:30:53
10336,2005-08-01 04:59:53,1091,370,2005-08-03 08:05:53,2,2006-02-16 02:30:53
10337,2005-08-01 05:01:46,307,451,2005-08-10 02:41:46,1,2006-02-16 02:30:53
10338,2005-08-01 05:03:03,1295,339,2005-08-09 05:13:03,2,2006-02-16 02:30:53
10339,2005-08-01 05:05:50,615,363,2005-08-10 07:15:50,2,2006-02-16 02:30:53
10340,2005-08-01 05:07:03,3608,568,2005-08-06 01:03:03,1,2006-02-16 02:30:53
10341,2005-08-01 05:10:02,3304,445,2005-08-07 11:01:02,1,2006-02-16 02:30:53
10342,2005-08-01 05:11:11,332,140,2005-08-10 00:27:11,1,2006-02-16 02:30:53
10343,2005-08-01 05:15:47,2627,267,2005-08-02 04:48:47,2,2006-02-16 02:30:53
10344,2005-08-01 05:18:23,3673,367,2005-08-06 05:20:23,1,2006-02-16 02:30:53
10345,2005-08-01 05:18:56,3985,42,2005-08-04 01:34:56,2,2006-02-16 02:30:53
10346,2005-08-01 05:19:23,4192,476,2005-08-06 01:00:23,1,2006-02-16 02:30:53
10347,2005-08-01 05:20:03,953,574,2005-08-04 10:03:03,1,2006-02-16 02:30:53
10348,2005-08-01 05:23:00,2076,14,2005-08-04 01:12:00,2,2006-02-16 02:30:53
10349,2005-08-01 05:27:13,114,295,2005-08-08 10:15:13,1,2006-02-16 02:30:53
10350,2005-08-01 05:30:05,2067,78,2005-08-05 09:59:05,1,2006-02-16 02:30:53
10351,2005-08-01 05:32:13,3725,173,2005-08-08 09:48:13,1,2006-02-16 02:30:53
10352,2005-08-01 05:44:36,1288,564,2005-08-05 07:15:36,2,2006-02-16 02:30:53
10353,2005-08-01 05:46:33,1446,535,2005-08-08 09:14:33,1,2006-02-16 02:30:53
10354,2005-08-01 05:47:10,1680,416,2005-08-06 09:04:10,1,2006-02-16 02:30:53
10355,2005-08-01 05:47:37,2158,161,2005-08-02 09:28:37,2,2006-02-16 02:30:53
10356,2005-08-01 05:49:17,313,56,2005-08-10 05:57:17,1,2006-02-16 02:30:53
10357,2005-08-01 05:49:49,3102,475,2005-08-04 02:34:49,2,2006-02-16 02:30:53
10358,2005-08-01 05:50:07,3039,517,2005-08-03 08:18:07,1,2006-02-16 02:30:53
10359,2005-08-01 05:52:21,259,369,2005-08-06 05:52:21,2,2006-02-16 02:30:53
10360,2005-08-01 05:52:53,1129,443,2005-08-05 10:55:53,1,2006-02-16 02:30:53
10361,2005-08-01 05:53:49,318,529,2005-08-10 00:42:49,2,2006-02-16 02:30:53
10362,2005-08-01 05:55:13,72,181,2005-08-10 10:23:13,2,2006-02-16 02:30:53
10363,2005-08-01 06:01:52,320,174,2005-08-05 03:56:52,1,2006-02-16 02:30:53
10364,2005-08-01 06:06:49,1842,317,2005-08-09 06:05:49,2,2006-02-16 02:30:53
10365,2005-08-01 06:08:44,4032,442,2005-08-06 02:07:44,1,2006-02-16 02:30:53
10366,2005-08-01 06:09:37,2654,119,2005-08-05 03:19:37,1,2006-02-16 02:30:53
10367,2005-08-01 06:12:19,3408,242,2005-08-04 12:11:19,2,2006-02-16 02:30:53
10368,2005-08-01 06:13:38,3535,593,2005-08-08 04:40:38,2,2006-02-16 02:30:53
10369,2005-08-01 06:13:44,2534,424,2005-08-07 09:46:44,1,2006-02-16 02:30:53
10370,2005-08-01 06:18:04,4358,546,2005-08-05 01:41:04,2,2006-02-16 02:30:53
10371,2005-08-01 06:20:29,923,327,2005-08-04 00:31:29,2,2006-02-16 02:30:53
10372,2005-08-01 06:23:48,635,419,2005-08-06 03:47:48,1,2006-02-16 02:30:53
10373,2005-08-01 06:24:26,1754,588,2005-08-02 12:07:26,1,2006-02-16 02:30:53
10374,2005-08-01 06:25:27,4351,307,2005-08-07 05:44:27,2,2006-02-16 02:30:53
10375,2005-08-01 06:26:22,857,202,2005-08-06 02:51:22,2,2006-02-16 02:30:53
10376,2005-08-01 06:27:13,4194,474,2005-08-07 06:11:13,2,2006-02-16 02:30:53
10377,2005-08-01 06:28:28,2401,559,2005-08-10 05:45:28,2,2006-02-16 02:30:53
10378,2005-08-01 06:30:04,4110,113,2005-08-06 09:10:04,1,2006-02-16 02:30:53
10379,2005-08-01 06:34:29,3103,141,2005-08-06 07:49:29,1,2006-02-16 02:30:53
10380,2005-08-01 06:34:36,2225,533,2005-08-02 09:08:36,1,2006-02-16 02:30:53
10381,2005-08-01 06:36:37,522,412,2005-08-05 11:17:37,1,2006-02-16 02:30:53
10382,2005-08-01 06:36:45,4455,242,2005-08-02 06:06:45,1,2006-02-16 02:30:53
10383,2005-08-01 06:37:16,4166,592,2005-08-03 07:36:16,2,2006-02-16 02:30:53
10384,2005-08-01 06:39:14,2622,366,2005-08-02 03:06:14,1,2006-02-16 02:30:53
10385,2005-08-01 06:39:55,778,179,2005-08-06 02:16:55,1,2006-02-16 02:30:53
10386,2005-08-01 06:42:20,1568,26,2005-08-07 06:12:20,2,2006-02-16 02:30:53
10387,2005-08-01 06:42:31,1651,87,2005-08-08 07:44:31,1,2006-02-16 02:30:53
10388,2005-08-01 06:42:44,3180,99,2005-08-09 11:43:44,2,2006-02-16 02:30:53
10389,2005-08-01 06:46:43,3534,346,2005-08-08 07:07:43,2,2006-02-16 02:30:53
10390,2005-08-01 06:46:48,1489,502,2005-08-09 02:55:48,2,2006-02-16 02:30:53
10391,2005-08-01 06:49:05,2203,357,2005-08-04 01:51:05,2,2006-02-16 02:30:53
10392,2005-08-01 06:50:26,3017,12,2005-08-10 10:52:26,1,2006-02-16 02:30:53
10393,2005-08-01 06:52:50,808,258,2005-08-05 08:45:50,1,2006-02-16 02:30:53
10394,2005-08-01 06:58:17,1655,128,2005-08-05 02:09:17,1,2006-02-16 02:30:53
10395,2005-08-01 07:08:22,279,129,2005-08-05 08:00:22,2,2006-02-16 02:30:53
10396,2005-08-01 07:08:46,2982,284,2005-08-08 03:47:46,1,2006-02-16 02:30:53
10397,2005-08-01 07:11:27,4168,504,2005-08-03 07:51:27,1,2006-02-16 02:30:53
10398,2005-08-01 07:11:49,4306,174,2005-08-04 05:54:49,1,2006-02-16 02:30:53
10399,2005-08-01 07:13:39,2515,204,2005-08-10 06:56:39,1,2006-02-16 02:30:53
10400,2005-08-01 07:18:24,3897,132,2005-08-10 08:38:24,1,2006-02-16 02:30:53
10401,2005-08-01 07:27:09,1560,564,2005-08-02 01:38:09,1,2006-02-16 02:30:53
10402,2005-08-01 07:27:19,274,410,2005-08-04 12:30:19,1,2006-02-16 02:30:53
10403,2005-08-01 07:30:45,1968,494,2005-08-03 03:03:45,2,2006-02-16 02:30:53
10404,2005-08-01 07:31:25,2580,253,2005-08-07 09:23:25,1,2006-02-16 02:30:53
10405,2005-08-01 07:35:25,3641,463,2005-08-05 05:38:25,2,2006-02-16 02:30:53
10406,2005-08-01 07:37:05,2614,391,2005-08-02 06:11:05,1,2006-02-16 02:30:53
10407,2005-08-01 07:38:07,543,101,2005-08-02 05:38:07,2,2006-02-16 02:30:53
10408,2005-08-01 07:42:10,4144,334,2005-08-09 02:29:10,2,2006-02-16 02:30:53
10409,2005-08-01 07:49:15,2804,449,2005-08-02 13:42:15,2,2006-02-16 02:30:53
10410,2005-08-01 07:53:29,3901,247,2005-08-10 08:56:29,1,2006-02-16 02:30:53
10411,2005-08-01 07:56:32,1946,522,2005-08-10 04:58:32,2,2006-02-16 02:30:53
10412,2005-08-01 07:57:16,1555,325,2005-08-04 11:44:16,2,2006-02-16 02:30:53
10413,2005-08-01 07:59:39,1018,376,2005-08-08 03:55:39,1,2006-02-16 02:30:53
10414,2005-08-01 08:03:55,1271,361,2005-08-04 08:44:55,2,2006-02-16 02:30:53
10415,2005-08-01 08:05:59,2597,591,2005-08-04 13:46:59,1,2006-02-16 02:30:53
10416,2005-08-01 08:08:39,2629,449,2005-08-10 09:26:39,2,2006-02-16 02:30:53
10417,2005-08-01 08:10:36,3675,427,2005-08-02 03:42:36,2,2006-02-16 02:30:53
10418,2005-08-01 08:11:07,1692,248,2005-08-04 11:12:07,2,2006-02-16 02:30:53
10419,2005-08-01 08:13:22,415,66,2005-08-06 04:45:22,2,2006-02-16 02:30:53
10420,2005-08-01 08:13:53,3490,354,2005-08-06 08:05:53,2,2006-02-16 02:30:53
10421,2005-08-01 08:14:10,925,262,2005-08-03 05:56:10,2,2006-02-16 02:30:53
10422,2005-08-01 08:17:11,37,166,2005-08-10 10:08:11,2,2006-02-16 02:30:53
10423,2005-08-01 08:19:53,739,7,2005-08-08 10:25:53,1,2006-02-16 02:30:53
10424,2005-08-01 08:22:54,1921,88,2005-08-06 13:44:54,1,2006-02-16 02:30:53
10425,2005-08-01 08:23:25,322,447,2005-08-05 04:29:25,1,2006-02-16 02:30:53
10426,2005-08-01 08:26:08,1325,305,2005-08-09 04:09:08,1,2006-02-16 02:30:53
10427,2005-08-01 08:30:11,2978,356,2005-08-07 06:18:11,2,2006-02-16 02:30:53
10428,2005-08-01 08:30:11,4245,46,2005-08-02 09:30:11,2,2006-02-16 02:30:53
10429,2005-08-01 08:34:18,3894,511,2005-08-10 12:38:18,1,2006-02-16 02:30:53
10430,2005-08-01 08:37:06,1150,471,2005-08-03 07:25:06,1,2006-02-16 02:30:53
10431,2005-08-01 08:41:54,1074,138,2005-08-07 09:44:54,2,2006-02-16 02:30:53
10432,2005-08-01 08:43:21,4238,450,2005-08-08 13:09:21,2,2006-02-16 02:30:53
10433,2005-08-01 08:45:56,1508,517,2005-08-05 09:46:56,2,2006-02-16 02:30:53
10434,2005-08-01 08:47:00,4073,73,2005-08-06 08:34:00,1,2006-02-16 02:30:53
10435,2005-08-01 08:50:51,1934,392,2005-08-08 12:23:51,1,2006-02-16 02:30:53
10436,2005-08-01 08:50:59,4026,455,2005-08-04 05:23:59,1,2006-02-16 02:30:53
10437,2005-08-01 08:51:04,14,1,2005-08-10 12:12:04,1,2006-02-16 02:30:53
10438,2005-08-01 08:53:04,4217,316,2005-08-09 06:39:04,2,2006-02-16 02:30:53
10439,2005-08-01 08:54:26,2711,332,2005-08-08 14:04:26,1,2006-02-16 02:30:53
10440,2005-08-01 08:54:32,842,299,2005-08-02 10:59:32,2,2006-02-16 02:30:53
10441,2005-08-01 08:55:56,4122,176,2005-08-03 10:26:56,2,2006-02-16 02:30:53
10442,2005-08-01 08:58:08,4570,40,2005-08-05 09:07:08,2,2006-02-16 02:30:53
10443,2005-08-01 09:01:04,1965,403,2005-08-04 09:07:04,2,2006-02-16 02:30:53
10444,2005-08-01 09:01:40,3242,106,2005-08-09 11:31:40,1,2006-02-16 02:30:53
10445,2005-08-01 09:02:15,3582,211,2005-08-08 10:26:15,2,2006-02-16 02:30:53
10446,2005-08-01 09:02:17,2671,95,2005-08-04 10:00:17,2,2006-02-16 02:30:53
10447,2005-08-01 09:04:58,1198,241,2005-08-08 06:24:58,1,2006-02-16 02:30:53
10448,2005-08-01 09:09:31,2254,311,2005-08-02 09:55:31,2,2006-02-16 02:30:53
10449,2005-08-01 09:09:59,1395,213,2005-08-05 11:25:59,1,2006-02-16 02:30:53
10450,2005-08-01 09:10:03,234,380,2005-08-08 12:34:03,1,2006-02-16 02:30:53
10451,2005-08-01 09:11:25,2435,9,2005-08-03 12:37:25,2,2006-02-16 02:30:53
10452,2005-08-01 09:11:36,1973,442,2005-08-04 13:28:36,2,2006-02-16 02:30:53
10453,2005-08-01 09:13:27,1531,188,2005-08-08 11:34:27,2,2006-02-16 02:30:53
10454,2005-08-01 09:14:00,397,9,2005-08-04 04:52:00,2,2006-02-16 02:30:53
10455,2005-08-01 09:15:00,4197,99,2005-08-05 13:35:00,1,2006-02-16 02:30:53
10456,2005-08-01 09:17:21,4339,81,2005-08-06 10:30:21,1,2006-02-16 02:30:53
10457,2005-08-01 09:17:34,3052,121,2005-08-06 07:28:34,2,2006-02-16 02:30:53
10458,2005-08-01 09:19:48,1500,309,2005-08-02 10:16:48,1,2006-02-16 02:30:53
10459,2005-08-01 09:20:09,201,131,2005-08-03 11:36:09,1,2006-02-16 02:30:53
10460,2005-08-01 09:31:00,4504,197,2005-08-09 09:28:00,1,2006-02-16 02:30:53
10461,2005-08-01 09:32:53,3212,270,2005-08-09 10:19:53,1,2006-02-16 02:30:53
10462,2005-08-01 09:38:28,4526,193,2005-08-02 09:52:28,2,2006-02-16 02:30:53
10463,2005-08-01 09:39:43,1301,291,2005-08-10 03:42:43,1,2006-02-16 02:30:53
10464,2005-08-01 09:43:14,464,427,2005-08-06 09:01:14,1,2006-02-16 02:30:53
10465,2005-08-01 09:45:25,4384,534,2005-08-10 09:08:25,2,2006-02-16 02:30:53
10466,2005-08-01 09:45:26,138,2,2005-08-06 06:28:26,1,2006-02-16 02:30:53
10467,2005-08-01 09:45:58,3773,412,2005-08-09 10:17:58,2,2006-02-16 02:30:53
10468,2005-08-01 09:48:29,2115,129,2005-08-05 09:58:29,2,2006-02-16 02:30:53
10469,2005-08-01 09:51:11,3054,466,2005-08-05 06:53:11,2,2006-02-16 02:30:53
10470,2005-08-01 09:52:26,82,523,2005-08-05 06:52:26,1,2006-02-16 02:30:53
10471,2005-08-01 09:52:37,1684,135,2005-08-07 09:40:37,2,2006-02-16 02:30:53
10472,2005-08-01 09:54:41,506,405,2005-08-04 13:31:41,1,2006-02-16 02:30:53
10473,2005-08-01 09:56:24,3034,329,2005-08-10 12:36:24,2,2006-02-16 02:30:53
10474,2005-08-01 10:01:42,4482,488,2005-08-08 12:32:42,1,2006-02-16 02:30:53
10475,2005-08-01 10:03:17,2931,115,2005-08-10 15:50:17,2,2006-02-16 02:30:53
10476,2005-08-01 10:03:20,1993,263,2005-08-10 06:52:20,1,2006-02-16 02:30:53
10477,2005-08-01 10:04:17,235,506,2005-08-06 11:32:17,2,2006-02-16 02:30:53
10478,2005-08-01 10:09:06,3885,417,2005-08-06 05:05:06,1,2006-02-16 02:30:53
10479,2005-08-01 10:11:25,4580,275,2005-08-06 04:52:25,1,2006-02-16 02:30:53
10480,2005-08-01 10:13:41,553,560,2005-08-03 10:27:41,1,2006-02-16 02:30:53
10481,2005-08-01 10:17:26,229,170,2005-08-09 08:50:26,1,2006-02-16 02:30:53
10482,2005-08-01 10:17:47,48,358,2005-08-02 15:04:47,2,2006-02-16 02:30:53
10483,2005-08-01 10:19:45,1521,129,2005-08-04 09:29:45,1,2006-02-16 02:30:53
10484,2005-08-01 10:19:53,1908,400,2005-08-03 05:36:53,1,2006-02-16 02:30:53
10485,2005-08-01 10:20:34,29,50,2005-08-09 09:20:34,1,2006-02-16 02:30:53
10486,2005-08-01 10:23:43,2454,527,2005-08-05 07:11:43,2,2006-02-16 02:30:53
10487,2005-08-01 10:26:34,1121,577,2005-08-07 16:11:34,1,2006-02-16 02:30:53
10488,2005-08-01 10:27:27,297,423,2005-08-02 11:05:27,2,2006-02-16 02:30:53
10489,2005-08-01 10:27:42,4067,54,2005-08-07 12:56:42,1,2006-02-16 02:30:53
10490,2005-08-01 10:37:11,4365,329,2005-08-03 10:01:11,2,2006-02-16 02:30:53
10491,2005-08-01 10:38:27,3091,24,2005-08-04 04:55:27,2,2006-02-16 02:30:53
10492,2005-08-01 10:42:28,1669,334,2005-08-02 07:05:28,1,2006-02-16 02:30:53
10493,2005-08-01 10:43:12,2375,285,2005-08-07 08:13:12,2,2006-02-16 02:30:53
10494,2005-08-01 10:45:21,847,188,2005-08-02 12:34:21,1,2006-02-16 02:30:53
10495,2005-08-01 10:45:51,2232,41,2005-08-06 08:11:51,1,2006-02-16 02:30:53
10496,2005-08-01 10:53:16,411,525,2005-08-08 10:34:16,2,2006-02-16 02:30:53
10497,2005-08-01 10:55:59,1060,499,2005-08-07 11:15:59,1,2006-02-16 02:30:53
10498,2005-08-01 10:56:48,2672,355,2005-08-03 15:46:48,2,2006-02-16 02:30:53
10499,2005-08-01 11:00:20,3293,459,2005-08-10 11:52:20,2,2006-02-16 02:30:53
10500,2005-08-01 11:01:01,469,477,2005-08-06 08:59:01,2,2006-02-16 02:30:53
10501,2005-08-01 11:04:46,1792,351,2005-08-02 12:10:46,2,2006-02-16 02:30:53
10502,2005-08-01 11:06:39,3193,357,2005-08-05 07:11:39,1,2006-02-16 02:30:53
10503,2005-08-01 11:07:44,1823,357,2005-08-08 08:22:44,1,2006-02-16 02:30:53
10504,2005-08-01 11:10:55,3345,530,2005-08-10 10:16:55,1,2006-02-16 02:30:53
10505,2005-08-01 11:13:59,2977,426,2005-08-05 07:20:59,2,2006-02-16 02:30:53
10506,2005-08-01 11:16:05,1171,216,2005-08-03 05:37:05,2,2006-02-16 02:30:53
10507,2005-08-01 11:22:20,367,45,2005-08-04 13:18:20,2,2006-02-16 02:30:53
10508,2005-08-01 11:23:27,3890,431,2005-08-02 10:17:27,1,2006-02-16 02:30:53
10509,2005-08-01 11:25:28,96,504,2005-08-10 09:19:28,2,2006-02-16 02:30:53
10510,2005-08-01 11:28:30,410,259,2005-08-07 11:37:30,1,2006-02-16 02:30:53
10511,2005-08-01 11:32:16,3874,487,2005-08-04 09:38:16,1,2006-02-16 02:30:53
10512,2005-08-01 11:36:19,3294,438,2005-08-09 06:52:19,2,2006-02-16 02:30:53
10513,2005-08-01 11:37:34,4057,105,2005-08-02 17:15:34,2,2006-02-16 02:30:53
10514,2005-08-01 11:39:26,1512,7,2005-08-03 07:53:26,2,2006-02-16 02:30:53
10515,2005-08-01 11:41:33,874,383,2005-08-08 06:23:33,2,2006-02-16 02:30:53
10516,2005-08-01 11:41:55,3924,449,2005-08-08 17:16:55,1,2006-02-16 02:30:53
10517,2005-08-01 11:41:57,2299,199,2005-08-05 06:14:57,1,2006-02-16 02:30:53
10518,2005-08-01 11:44:08,4444,556,2005-08-07 07:58:08,2,2006-02-16 02:30:53
10519,2005-08-01 11:44:13,1967,456,2005-08-09 16:57:13,1,2006-02-16 02:30:53
10520,2005-08-01 11:45:58,4396,543,2005-08-06 17:28:58,2,2006-02-16 02:30:53
10521,2005-08-01 11:46:17,662,346,2005-08-05 11:06:17,2,2006-02-16 02:30:53
10522,2005-08-01 11:48:51,4159,254,2005-08-05 12:40:51,1,2006-02-16 02:30:53
10523,2005-08-01 11:52:32,2408,34,2005-08-02 10:47:32,1,2006-02-16 02:30:53
10524,2005-08-01 11:53:12,4116,38,2005-08-08 10:40:12,2,2006-02-16 02:30:53
10525,2005-08-01 11:53:17,3811,36,2005-08-07 07:24:17,1,2006-02-16 02:30:53
10526,2005-08-01 11:55:33,27,14,2005-08-08 16:42:33,1,2006-02-16 02:30:53
10527,2005-08-01 11:55:54,4530,431,2005-08-05 15:56:54,2,2006-02-16 02:30:53
10528,2005-08-01 11:56:22,4401,564,2005-08-07 07:13:22,1,2006-02-16 02:30:53
10529,2005-08-01 12:00:02,851,444,2005-08-08 16:18:02,1,2006-02-16 02:30:53
10530,2005-08-01 12:01:17,3216,520,2005-08-06 09:55:17,2,2006-02-16 02:30:53
10531,2005-08-01 12:06:30,3846,459,2005-08-04 10:23:30,2,2006-02-16 02:30:53
10532,2005-08-01 12:06:35,746,191,2005-08-07 16:04:35,2,2006-02-16 02:30:53
10533,2005-08-01 12:14:16,1924,593,2005-08-09 17:13:16,2,2006-02-16 02:30:53
10534,2005-08-01 12:15:11,4354,397,2005-08-04 17:06:11,1,2006-02-16 02:30:53
10535,2005-08-01 12:21:13,1838,284,2005-08-09 08:58:13,1,2006-02-16 02:30:53
10536,2005-08-01 12:21:53,1251,86,2005-08-04 13:08:53,2,2006-02-16 02:30:53
10537,2005-08-01 12:22:28,2140,418,2005-08-08 07:27:28,1,2006-02-16 02:30:53
10538,2005-08-01 12:22:41,686,37,2005-08-02 10:31:41,2,2006-02-16 02:30:53
10539,2005-08-01 12:23:00,3341,232,2005-08-07 10:25:00,2,2006-02-16 02:30:53
10540,2005-08-01 12:24:42,4121,84,2005-08-03 08:39:42,2,2006-02-16 02:30:53
10541,2005-08-01 12:24:54,1413,234,2005-08-03 16:18:54,1,2006-02-16 02:30:53
10542,2005-08-01 12:32:23,1102,465,2005-08-08 16:26:23,1,2006-02-16 02:30:53
10543,2005-08-01 12:36:09,624,29,2005-08-07 07:42:09,1,2006-02-16 02:30:53
10544,2005-08-01 12:36:21,3195,589,2005-08-07 12:25:21,2,2006-02-16 02:30:53
10545,2005-08-01 12:37:46,4230,425,2005-08-04 16:02:46,2,2006-02-16 02:30:53
10546,2005-08-01 12:44:17,1589,362,2005-08-06 16:26:17,2,2006-02-16 02:30:53
10547,2005-08-01 12:44:17,1707,403,2005-08-08 06:53:17,1,2006-02-16 02:30:53
10548,2005-08-01 12:44:32,1914,85,2005-08-07 09:17:32,1,2006-02-16 02:30:53
10549,2005-08-01 12:46:39,3719,61,2005-08-06 17:17:39,1,2006-02-16 02:30:53
10550,2005-08-01 12:46:52,1980,129,2005-08-05 16:48:52,2,2006-02-16 02:30:53
10551,2005-08-01 12:48:55,2974,294,2005-08-10 16:11:55,1,2006-02-16 02:30:53
10552,2005-08-01 12:49:44,4263,119,2005-08-04 16:20:44,2,2006-02-16 02:30:53
10553,2005-08-01 12:54:06,2768,415,2005-08-06 15:27:06,1,2006-02-16 02:30:53
10554,2005-08-01 12:56:19,3220,209,2005-08-03 09:44:19,2,2006-02-16 02:30:53
10555,2005-08-01 12:56:38,377,487,2005-08-10 18:19:38,1,2006-02-16 02:30:53
10556,2005-08-01 12:58:42,144,117,2005-08-03 07:18:42,2,2006-02-16 02:30:53
10557,2005-08-01 12:59:24,240,385,2005-08-04 17:08:24,2,2006-02-16 02:30:53
10558,2005-08-01 13:00:20,4399,117,2005-08-05 16:31:20,1,2006-02-16 02:30:53
10559,2005-08-01 13:02:58,2861,174,2005-08-09 10:03:58,2,2006-02-16 02:30:53
10560,2005-08-01 13:04:57,1534,427,2005-08-05 18:25:57,2,2006-02-16 02:30:53
10561,2005-08-01 13:05:35,2195,8,2005-08-04 08:34:35,2,2006-02-16 02:30:53
10562,2005-08-01 13:05:52,1947,178,2005-08-02 17:05:52,1,2006-02-16 02:30:53
10563,2005-08-01 13:06:03,1885,214,2005-08-09 08:39:03,2,2006-02-16 02:30:53
10564,2005-08-01 13:07:34,4469,387,2005-08-06 15:14:34,2,2006-02-16 02:30:53
10565,2005-08-01 13:08:27,347,165,2005-08-02 10:30:27,1,2006-02-16 02:30:53
10566,2005-08-01 13:12:11,3988,269,2005-08-05 11:16:11,2,2006-02-16 02:30:53
10567,2005-08-01 13:16:01,2744,212,2005-08-05 14:59:01,1,2006-02-16 02:30:53
10568,2005-08-01 13:17:28,3009,130,2005-08-08 17:04:28,1,2006-02-16 02:30:53
10569,2005-08-01 13:18:23,611,179,2005-08-10 13:33:23,1,2006-02-16 02:30:53
10570,2005-08-01 13:23:06,369,21,2005-08-05 15:30:06,2,2006-02-16 02:30:53
10571,2005-08-01 13:25:30,3660,308,2005-08-02 16:43:30,2,2006-02-16 02:30:53
10572,2005-08-01 13:26:53,1239,386,2005-08-07 18:47:53,2,2006-02-16 02:30:53
10573,2005-08-01 13:27:24,4252,585,2005-08-04 15:09:24,2,2006-02-16 02:30:53
10574,2005-08-01 13:36:51,679,287,2005-08-10 13:25:51,2,2006-02-16 02:30:53
10575,2005-08-01 13:41:41,4447,251,2005-08-08 11:30:41,1,2006-02-16 02:30:53
10576,2005-08-01 13:46:02,1876,180,2005-08-05 10:19:02,1,2006-02-16 02:30:53
10577,2005-08-01 13:46:38,2240,428,2005-08-06 11:35:38,2,2006-02-16 02:30:53
10578,2005-08-01 13:48:02,3704,113,2005-08-07 13:40:02,1,2006-02-16 02:30:53
10579,2005-08-01 13:48:22,4068,270,2005-08-07 11:51:22,1,2006-02-16 02:30:53
10580,2005-08-01 13:51:14,590,234,2005-08-08 11:49:14,2,2006-02-16 02:30:53
10581,2005-08-01 13:52:30,2801,217,2005-08-10 19:11:30,1,2006-02-16 02:30:53
10582,2005-08-01 13:54:22,2536,233,2005-08-05 16:46:22,2,2006-02-16 02:30:53
10583,2005-08-01 13:54:35,704,125,2005-08-03 18:21:35,1,2006-02-16 02:30:53
10584,2005-08-01 13:58:47,715,86,2005-08-06 13:38:47,2,2006-02-16 02:30:53
10585,2005-08-01 14:00:42,2670,228,2005-08-09 11:42:42,2,2006-02-16 02:30:53
10586,2005-08-01 14:00:59,3306,583,2005-08-06 10:00:59,2,2006-02-16 02:30:53
10587,2005-08-01 14:03:38,3000,521,2005-08-08 19:59:38,2,2006-02-16 02:30:53
10588,2005-08-01 14:10:21,2384,49,2005-08-03 13:47:21,2,2006-02-16 02:30:53
10589,2005-08-01 14:11:09,4280,375,2005-08-09 09:28:09,2,2006-02-16 02:30:53
10590,2005-08-01 14:11:53,740,78,2005-08-04 20:04:53,1,2006-02-16 02:30:53
10591,2005-08-01 14:12:29,3360,52,2005-08-04 08:46:29,2,2006-02-16 02:30:53
10592,2005-08-01 14:13:00,829,265,2005-08-09 13:03:00,2,2006-02-16 02:30:53
10593,2005-08-01 14:13:19,1886,144,2005-08-06 08:48:19,2,2006-02-16 02:30:53
10594,2005-08-01 14:14:59,1826,53,2005-08-07 10:48:59,2,2006-02-16 02:30:53
10595,2005-08-01 14:16:28,966,137,2005-08-03 10:37:28,1,2006-02-16 02:30:53
10596,2005-08-01 14:18:57,803,112,2005-08-07 14:59:57,2,2006-02-16 02:30:53
10597,2005-08-01 14:19:48,3292,3,2005-08-08 20:01:48,1,2006-02-16 02:30:53
10598,2005-08-01 14:23:36,2341,397,2005-08-10 14:07:36,2,2006-02-16 02:30:53
10599,2005-08-01 14:23:58,2422,271,2005-08-06 10:45:58,2,2006-02-16 02:30:53
10600,2005-08-01 14:25:21,3900,294,2005-08-06 18:00:21,1,2006-02-16 02:30:53
10601,2005-08-01 14:25:40,2843,420,2005-08-10 09:07:40,1,2006-02-16 02:30:53
10602,2005-08-01 14:30:23,1506,111,2005-08-07 15:20:23,1,2006-02-16 02:30:53
10603,2005-08-01 14:30:35,4024,394,2005-08-05 11:13:35,2,2006-02-16 02:30:53
10604,2005-08-01 14:35:08,2833,250,2005-08-08 10:19:08,2,2006-02-16 02:30:53
10605,2005-08-01 14:36:26,680,341,2005-08-06 12:04:26,2,2006-02-16 02:30:53
10606,2005-08-01 14:39:15,81,335,2005-08-08 11:31:15,1,2006-02-16 02:30:53
10607,2005-08-01 14:44:43,3999,438,2005-08-02 16:39:43,2,2006-02-16 02:30:53
10608,2005-08-01 14:48:41,3835,381,2005-08-04 17:32:41,2,2006-02-16 02:30:53
10609,2005-08-01 14:48:45,2587,5,2005-08-04 13:41:45,2,2006-02-16 02:30:53
10610,2005-08-01 14:49:41,1865,396,2005-08-03 13:07:41,1,2006-02-16 02:30:53
10611,2005-08-01 14:53:52,957,135,2005-08-07 09:15:52,2,2006-02-16 02:30:53
10612,2005-08-01 14:55:31,287,554,2005-08-06 19:01:31,1,2006-02-16 02:30:53
10613,2005-08-01 14:56:14,4357,527,2005-08-07 09:33:14,1,2006-02-16 02:30:53
10614,2005-08-01 14:57:00,232,533,2005-08-10 09:31:00,2,2006-02-16 02:30:53
10615,2005-08-01 14:58:14,2639,34,2005-08-02 13:38:14,1,2006-02-16 02:30:53
10616,2005-08-01 14:59:50,1094,20,2005-08-07 11:38:50,2,2006-02-16 02:30:53
10617,2005-08-01 15:05:52,4344,476,2005-08-09 18:54:52,1,2006-02-16 02:30:53
10618,2005-08-01 15:06:38,3729,386,2005-08-06 15:52:38,2,2006-02-16 02:30:53
10619,2005-08-01 15:07:04,2189,132,2005-08-07 11:42:04,2,2006-02-16 02:30:53
10620,2005-08-01 15:09:17,3064,183,2005-08-09 13:58:17,1,2006-02-16 02:30:53
10621,2005-08-01 15:10:26,1650,172,2005-08-04 10:58:26,1,2006-02-16 02:30:53
10622,2005-08-01 15:12:00,3044,171,2005-08-08 14:09:00,1,2006-02-16 02:30:53
10623,2005-08-01 15:22:38,4426,494,2005-08-03 11:03:38,2,2006-02-16 02:30:53
10624,2005-08-01 15:27:05,3801,74,2005-08-05 19:50:05,1,2006-02-16 02:30:53
10625,2005-08-01 15:27:10,3022,5,2005-08-02 13:16:10,1,2006-02-16 02:30:53
10626,2005-08-01 15:32:41,1042,122,2005-08-05 18:08:41,1,2006-02-16 02:30:53
10627,2005-08-01 15:33:03,2026,472,2005-08-02 21:26:03,1,2006-02-16 02:30:53
10628,2005-08-01 15:33:19,427,285,2005-08-05 17:27:19,1,2006-02-16 02:30:53
10629,2005-08-01 15:33:32,997,575,2005-08-08 12:40:32,2,2006-02-16 02:30:53
10630,2005-08-01 15:34:46,2335,39,2005-08-03 10:50:46,1,2006-02-16 02:30:53
10631,2005-08-01 15:35:14,2712,304,2005-08-03 10:48:14,1,2006-02-16 02:30:53
10632,2005-08-01 15:36:56,1290,406,2005-08-05 17:32:56,1,2006-02-16 02:30:53
10633,2005-08-01 15:37:17,3125,475,2005-08-10 14:30:17,2,2006-02-16 02:30:53
10634,2005-08-01 15:37:48,445,592,2005-08-02 12:11:48,2,2006-02-16 02:30:53
10635,2005-08-01 15:37:58,547,52,2005-08-07 11:15:58,2,2006-02-16 02:30:53
10636,2005-08-01 15:40:35,621,385,2005-08-05 18:46:35,1,2006-02-16 02:30:53
10637,2005-08-01 15:44:09,1243,161,2005-08-04 14:42:09,1,2006-02-16 02:30:53
10638,2005-08-01 15:44:20,2239,132,2005-08-08 16:05:20,2,2006-02-16 02:30:53
10639,2005-08-01 15:44:43,1015,39,2005-08-10 13:51:43,1,2006-02-16 02:30:53
10640,2005-08-01 15:44:51,3020,375,2005-08-06 15:52:51,1,2006-02-16 02:30:53
10641,2005-08-01 15:44:57,972,285,2005-08-04 18:15:57,2,2006-02-16 02:30:53
10642,2005-08-01 15:45:11,2573,294,2005-08-02 20:13:11,1,2006-02-16 02:30:53
10643,2005-08-01 15:48:33,3853,495,2005-08-06 20:24:33,2,2006-02-16 02:30:53
10644,2005-08-01 15:52:00,4374,7,2005-08-08 16:08:00,1,2006-02-16 02:30:53
10645,2005-08-01 15:52:01,3864,130,2005-08-09 18:58:01,1,2006-02-16 02:30:53
10646,2005-08-01 15:57:55,1752,209,2005-08-02 19:08:55,1,2006-02-16 02:30:53
10647,2005-08-01 16:08:46,3137,115,2005-08-06 20:37:46,2,2006-02-16 02:30:53
10648,2005-08-01 16:08:52,691,270,2005-08-05 20:17:52,1,2006-02-16 02:30:53
10649,2005-08-01 16:11:40,1032,278,2005-08-06 14:09:40,2,2006-02-16 02:30:53
10650,2005-08-01 16:18:45,2306,242,2005-08-09 16:29:45,1,2006-02-16 02:30:53
10651,2005-08-01 16:20:22,1541,404,2005-08-03 15:53:22,1,2006-02-16 02:30:53
10652,2005-08-01 16:24:08,1633,241,2005-08-03 16:00:08,2,2006-02-16 02:30:53
10653,2005-08-01 16:28:07,1190,75,2005-08-07 21:22:07,2,2006-02-16 02:30:53
10654,2005-08-01 16:31:35,2522,399,2005-08-05 12:04:35,2,2006-02-16 02:30:53
10655,2005-08-01 16:33:27,1399,385,2005-08-08 17:17:27,2,2006-02-16 02:30:53
10656,2005-08-01 16:38:04,2571,80,2005-08-09 19:37:04,2,2006-02-16 02:30:53
10657,2005-08-01 16:38:44,3075,590,2005-08-06 16:05:44,2,2006-02-16 02:30:53
10658,2005-08-01 16:39:18,2943,469,2005-08-09 18:17:18,2,2006-02-16 02:30:53
10659,2005-08-01 16:40:34,786,238,2005-08-09 21:00:34,2,2006-02-16 02:30:53
10660,2005-08-01 16:48:01,2518,253,2005-08-07 14:42:01,2,2006-02-16 02:30:53
10661,2005-08-01 16:48:31,3311,177,2005-08-02 21:02:31,1,2006-02-16 02:30:53
10662,2005-08-01 16:50:57,2857,151,2005-08-03 17:19:57,1,2006-02-16 02:30:53
10663,2005-08-01 16:51:08,4258,433,2005-08-08 21:17:08,2,2006-02-16 02:30:53
10664,2005-08-01 16:51:15,3167,337,2005-08-04 19:14:15,2,2006-02-16 02:30:53
10665,2005-08-01 16:56:17,3594,133,2005-08-03 18:58:17,1,2006-02-16 02:30:53
10666,2005-08-01 16:56:36,1945,197,2005-08-07 22:23:36,2,2006-02-16 02:30:53
10667,2005-08-01 16:58:22,3937,340,2005-08-10 15:41:22,1,2006-02-16 02:30:53
10668,2005-08-01 17:00:27,2085,58,2005-08-02 14:49:27,2,2006-02-16 02:30:53
10669,2005-08-01 17:03:28,2121,559,2005-08-08 21:34:28,2,2006-02-16 02:30:53
10670,2005-08-01 17:07:16,156,512,2005-08-10 11:46:16,2,2006-02-16 02:30:53
10671,2005-08-01 17:09:59,4430,10,2005-08-09 21:36:59,1,2006-02-16 02:30:53
10672,2005-08-01 17:10:54,3674,375,2005-08-07 12:19:54,2,2006-02-16 02:30:53
10673,2005-08-01 17:11:51,2735,528,2005-08-03 13:32:51,1,2006-02-16 02:30:53
10674,2005-08-01 17:11:52,1962,340,2005-08-08 19:34:52,1,2006-02-16 02:30:53
10675,2005-08-01 17:11:57,649,522,2005-08-10 17:18:57,1,2006-02-16 02:30:53
10676,2005-08-01 17:14:15,629,79,2005-08-04 12:34:15,1,2006-02-16 02:30:53
10677,2005-08-01 17:24:35,4350,483,2005-08-04 20:03:35,1,2006-02-16 02:30:53
10678,2005-08-01 17:26:24,4438,56,2005-08-05 22:55:24,1,2006-02-16 02:30:53
10679,2005-08-01 17:27:58,4437,198,2005-08-08 16:06:58,1,2006-02-16 02:30:53
10680,2005-08-01 17:28:05,2498,60,2005-08-04 19:34:05,1,2006-02-16 02:30:53
10681,2005-08-01 17:30:35,1468,119,2005-08-02 14:48:35,2,2006-02-16 02:30:53
10682,2005-08-01 17:32:53,4557,18,2005-08-06 15:49:53,2,2006-02-16 02:30:53
10683,2005-08-01 17:33:03,244,246,2005-08-04 23:12:03,1,2006-02-16 02:30:53
10684,2005-08-01 17:47:00,1985,244,2005-08-09 15:00:00,2,2006-02-16 02:30:53
10685,2005-08-01 17:49:38,2029,200,2005-08-07 21:04:38,2,2006-02-16 02:30:53
10686,2005-08-01 17:51:21,2542,150,2005-08-03 19:01:21,1,2006-02-16 02:30:53
10687,2005-08-01 17:53:02,3191,16,2005-08-05 19:16:02,2,2006-02-16 02:30:53
10688,2005-08-01 17:53:43,3161,449,2005-08-09 21:50:43,1,2006-02-16 02:30:53
10689,2005-08-01 18:04:18,1442,568,2005-08-05 21:17:18,2,2006-02-16 02:30:53
10690,2005-08-01 18:05:54,807,80,2005-08-10 21:43:54,2,2006-02-16 02:30:53
10691,2005-08-01 18:09:53,4281,276,2005-08-03 16:32:53,1,2006-02-16 02:30:53
10692,2005-08-01 18:12:35,371,596,2005-08-07 13:06:35,1,2006-02-16 02:30:53
10693,2005-08-01 18:14:14,2387,444,2005-08-03 22:00:14,2,2006-02-16 02:30:53
10694,2005-08-01 18:15:07,3429,98,2005-08-10 15:38:07,1,2006-02-16 02:30:53
10695,2005-08-01 18:16:20,3612,374,2005-08-03 12:21:20,2,2006-02-16 02:30:53
10696,2005-08-01 18:18:13,47,120,2005-08-04 14:09:13,1,2006-02-16 02:30:53
10697,2005-08-01 18:20:23,3115,519,2005-08-07 21:18:23,1,2006-02-16 02:30:53
10698,2005-08-01 18:24:41,2738,135,2005-08-08 18:59:41,2,2006-02-16 02:30:53
10699,2005-08-01 18:24:51,1029,125,2005-08-06 20:18:51,1,2006-02-16 02:30:53
10700,2005-08-01 18:26:31,4259,203,2005-08-07 19:51:31,2,2006-02-16 02:30:53
10701,2005-08-01 18:28:17,3958,538,2005-08-09 21:51:17,1,2006-02-16 02:30:53
10702,2005-08-01 18:34:59,2802,560,2005-08-09 23:44:59,2,2006-02-16 02:30:53
10703,2005-08-01 18:37:39,1818,181,2005-08-07 23:50:39,2,2006-02-16 02:30:53
10704,2005-08-01 18:38:02,960,594,2005-08-08 20:19:02,1,2006-02-16 02:30:53
10705,2005-08-01 18:38:54,4338,381,2005-08-04 18:00:54,1,2006-02-16 02:30:53
10706,2005-08-01 18:41:28,1183,147,2005-08-10 14:30:28,1,2006-02-16 02:30:53
10707,2005-08-01 18:41:34,1165,558,2005-08-06 12:41:34,1,2006-02-16 02:30:53
10708,2005-08-01 18:43:28,3978,567,2005-08-09 15:24:28,1,2006-02-16 02:30:53
10709,2005-08-01 18:43:57,282,418,2005-08-06 13:17:57,2,2006-02-16 02:30:53
10710,2005-08-01 18:44:36,3082,177,2005-08-03 13:17:36,1,2006-02-16 02:30:53
10711,2005-08-01 18:45:09,4278,400,2005-08-02 19:47:09,2,2006-02-16 02:30:53
10712,2005-08-01 18:47:56,1188,532,2005-08-07 19:26:56,2,2006-02-16 02:30:53
10713,2005-08-01 18:50:05,2030,369,2005-08-05 00:43:05,2,2006-02-16 02:30:53
10714,2005-08-01 18:51:29,1465,64,2005-08-04 18:49:29,2,2006-02-16 02:30:53
10715,2005-08-01 18:51:48,1054,386,2005-08-06 14:44:48,1,2006-02-16 02:30:53
10716,2005-08-01 18:53:48,3405,515,2005-08-04 13:49:48,1,2006-02-16 02:30:53
10717,2005-08-01 18:53:53,2934,365,2005-08-05 21:28:53,1,2006-02-16 02:30:53
10718,2005-08-01 18:55:38,2763,394,2005-08-04 14:45:38,1,2006-02-16 02:30:53
10719,2005-08-01 19:00:28,3861,188,2005-08-07 17:04:28,1,2006-02-16 02:30:53
10720,2005-08-01 19:04:33,3712,326,2005-08-06 23:12:33,2,2006-02-16 02:30:53
10721,2005-08-01 19:05:18,904,18,2005-08-09 20:45:18,2,2006-02-16 02:30:53
10722,2005-08-01 19:07:08,2849,90,2005-08-04 14:09:08,2,2006-02-16 02:30:53
10723,2005-08-01 19:10:49,2526,580,2005-08-08 19:21:49,2,2006-02-16 02:30:53
10724,2005-08-01 19:10:59,3425,576,2005-08-07 18:44:59,1,2006-02-16 02:30:53
10725,2005-08-01 19:11:04,4486,534,2005-08-07 18:16:04,2,2006-02-16 02:30:53
10726,2005-08-01 19:14:53,749,75,2005-08-08 23:56:53,2,2006-02-16 02:30:53
10727,2005-08-01 19:15:08,2049,16,2005-08-03 13:52:08,1,2006-02-16 02:30:53
10728,2005-08-01 19:15:09,3133,309,2005-08-04 19:35:09,1,2006-02-16 02:30:53
10729,2005-08-01 19:21:11,2918,595,2005-08-07 21:20:11,2,2006-02-16 02:30:53
10730,2005-08-01 19:21:42,1793,368,2005-08-10 21:18:42,1,2006-02-16 02:30:53
10731,2005-08-01 19:21:48,4248,278,2005-08-08 22:01:48,2,2006-02-16 02:30:53
10732,2005-08-01 19:25:18,2810,538,2005-08-10 22:26:18,1,2006-02-16 02:30:53
10733,2005-08-01 19:28:01,3980,560,2005-08-09 18:41:01,1,2006-02-16 02:30:53
10734,2005-08-01 19:28:47,1130,21,2005-08-03 00:41:47,2,2006-02-16 02:30:53
10735,2005-08-01 19:29:45,4061,544,2005-08-02 19:50:45,2,2006-02-16 02:30:53
10736,2005-08-01 19:30:21,2227,272,2005-08-02 22:37:21,1,2006-02-16 02:30:53
10737,2005-08-01 19:31:24,1773,149,2005-08-10 19:17:24,1,2006-02-16 02:30:53
10738,2005-08-01 19:39:08,544,377,2005-08-10 20:37:08,1,2006-02-16 02:30:53
10739,2005-08-01 19:46:11,3160,197,2005-08-06 21:08:11,2,2006-02-16 02:30:53
10740,2005-08-01 19:50:32,3215,144,2005-08-07 23:25:32,1,2006-02-16 02:30:53
10741,2005-08-01 19:52:52,3300,469,2005-08-04 19:58:52,1,2006-02-16 02:30:53
10742,2005-08-01 19:53:13,3658,416,2005-08-10 15:05:13,1,2006-02-16 02:30:53
10743,2005-08-01 19:55:09,4206,197,2005-08-03 19:29:09,1,2006-02-16 02:30:53
10744,2005-08-01 19:56:49,565,439,2005-08-09 16:33:49,2,2006-02-16 02:30:53
10745,2005-08-01 19:57:06,446,307,2005-08-07 18:04:06,1,2006-02-16 02:30:53
10746,2005-08-01 19:58:49,305,508,2005-08-10 19:00:49,2,2006-02-16 02:30:53
10747,2005-08-01 19:59:41,4527,266,2005-08-10 00:00:41,2,2006-02-16 02:30:53
10748,2005-08-01 20:01:24,3769,181,2005-08-05 19:55:24,1,2006-02-16 02:30:53
10749,2005-08-01 20:02:01,2953,214,2005-08-03 14:20:01,1,2006-02-16 02:30:53
10750,2005-08-01 20:06:00,3206,201,2005-08-07 15:48:00,1,2006-02-16 02:30:53
10751,2005-08-01 20:06:10,3257,518,2005-08-10 22:36:10,2,2006-02-16 02:30:53
10752,2005-08-01 20:08:49,3203,147,2005-08-10 15:41:49,2,2006-02-16 02:30:53
10753,2005-08-01 20:09:24,1557,273,2005-08-09 19:31:24,1,2006-02-16 02:30:53
10754,2005-08-01 20:12:33,2122,460,2005-08-10 01:07:33,2,2006-02-16 02:30:53
10755,2005-08-01 20:14:14,1217,239,2005-08-07 01:04:14,1,2006-02-16 02:30:53
10756,2005-08-01 20:17:03,4247,596,2005-08-08 18:31:03,2,2006-02-16 02:30:53
10757,2005-08-01 20:22:44,102,188,2005-08-04 19:48:44,2,2006-02-16 02:30:53
10758,2005-08-01 20:22:51,191,373,2005-08-10 16:11:51,1,2006-02-16 02:30:53
10759,2005-08-01 20:22:51,3528,256,2005-08-07 22:07:51,1,2006-02-16 02:30:53
10760,2005-08-01 20:25:20,1311,497,2005-08-09 16:57:20,1,2006-02-16 02:30:53
10761,2005-08-01 20:25:35,3967,36,2005-08-08 15:20:35,2,2006-02-16 02:30:53
10762,2005-08-01 20:28:39,1363,208,2005-08-05 17:36:39,1,2006-02-16 02:30:53
10763,2005-08-01 20:32:27,987,276,2005-08-05 01:24:27,2,2006-02-16 02:30:53
10764,2005-08-01 20:32:42,3808,357,2005-08-03 22:14:42,2,2006-02-16 02:30:53
10765,2005-08-01 20:34:51,566,337,2005-08-04 00:02:51,1,2006-02-16 02:30:53
10766,2005-08-01 20:36:29,947,420,2005-08-04 00:30:29,1,2006-02-16 02:30:53
10767,2005-08-01 20:37:23,2875,488,2005-08-04 23:15:23,2,2006-02-16 02:30:53
10768,2005-08-01 20:39:32,454,273,2005-08-10 19:41:32,1,2006-02-16 02:30:53
10769,2005-08-01 20:43:02,3222,348,2005-08-05 02:32:02,1,2006-02-16 02:30:53
10770,2005-08-01 20:45:39,2567,262,2005-08-04 19:21:39,1,2006-02-16 02:30:53
10771,2005-08-01 20:49:35,1274,485,2005-08-10 16:58:35,1,2006-02-16 02:30:53
10772,2005-08-01 20:51:10,132,485,2005-08-10 15:50:10,1,2006-02-16 02:30:53
10773,2005-08-01 20:53:45,3854,181,2005-08-07 00:16:45,1,2006-02-16 02:30:53
10774,2005-08-01 20:54:33,4231,407,2005-08-08 20:59:33,2,2006-02-16 02:30:53
10775,2005-08-01 20:59:52,4190,263,2005-08-04 19:31:52,2,2006-02-16 02:30:53
10776,2005-08-01 20:59:58,1598,565,2005-08-10 20:33:58,2,2006-02-16 02:30:53
10777,2005-08-01 21:03:50,3487,493,2005-08-06 19:29:50,1,2006-02-16 02:30:53
10778,2005-08-01 21:11:39,1939,220,2005-08-02 22:59:39,2,2006-02-16 02:30:53
10779,2005-08-01 21:11:54,2092,578,2005-08-09 21:00:54,2,2006-02-16 02:30:53
10780,2005-08-01 21:14:24,1450,51,2005-08-07 16:32:24,2,2006-02-16 02:30:53
10781,2005-08-01 21:22:41,1321,259,2005-08-06 01:02:41,1,2006-02-16 02:30:53
10782,2005-08-01 21:23:25,1507,577,2005-08-03 20:15:25,2,2006-02-16 02:30:53
10783,2005-08-01 21:23:37,1192,495,2005-08-09 20:18:37,1,2006-02-16 02:30:53
10784,2005-08-01 21:24:28,3494,208,2005-08-09 19:23:28,1,2006-02-16 02:30:53
10785,2005-08-01 21:24:55,2282,397,2005-08-06 17:47:55,1,2006-02-16 02:30:53
10786,2005-08-01 21:29:34,50,490,2005-08-10 17:27:34,1,2006-02-16 02:30:53
10787,2005-08-01 21:35:01,3246,127,2005-08-10 23:30:01,1,2006-02-16 02:30:53
10788,2005-08-01 21:37:10,3350,160,2005-08-03 01:33:10,1,2006-02-16 02:30:53
10789,2005-08-01 21:37:55,3298,403,2005-08-07 17:01:55,2,2006-02-16 02:30:53
10790,2005-08-01 21:38:37,3080,274,2005-08-08 17:20:37,2,2006-02-16 02:30:53
10791,2005-08-01 21:41:52,2061,338,2005-08-04 03:28:52,2,2006-02-16 02:30:53
10792,2005-08-01 21:44:24,1037,264,2005-08-02 19:48:24,2,2006-02-16 02:30:53
10793,2005-08-01 21:48:03,3018,225,2005-08-10 19:16:03,1,2006-02-16 02:30:53
10794,2005-08-01 21:51:15,889,27,2005-08-10 18:51:15,2,2006-02-16 02:30:53
10795,2005-08-01 21:56:37,2748,76,2005-08-03 01:36:37,1,2006-02-16 02:30:53
10796,2005-08-01 21:56:41,2113,534,2005-08-05 01:09:41,1,2006-02-16 02:30:53
10797,2005-08-01 22:02:51,1731,308,2005-08-03 23:07:51,1,2006-02-16 02:30:53
10798,2005-08-01 22:03:10,382,141,2005-08-08 01:34:10,1,2006-02-16 02:30:53
10799,2005-08-01 22:03:31,3282,145,2005-08-06 20:19:31,2,2006-02-16 02:30:53
10800,2005-08-01 22:07:44,507,583,2005-08-05 22:45:44,1,2006-02-16 02:30:53
10801,2005-08-01 22:09:35,3757,116,2005-08-08 22:23:35,1,2006-02-16 02:30:53
10802,2005-08-01 22:18:32,3998,178,2005-08-10 18:41:32,2,2006-02-16 02:30:53
10803,2005-08-01 22:22:07,3318,46,2005-08-08 02:37:07,2,2006-02-16 02:30:53
10804,2005-08-01 22:22:11,2915,596,2005-08-03 03:42:11,2,2006-02-16 02:30:53
10805,2005-08-01 22:23:37,557,203,2005-08-05 01:22:37,2,2006-02-16 02:30:53
10806,2005-08-01 22:25:29,3553,89,2005-08-04 18:46:29,2,2006-02-16 02:30:53
10807,2005-08-01 22:26:10,1673,287,2005-08-05 21:55:10,1,2006-02-16 02:30:53
10808,2005-08-01 22:37:11,596,480,2005-08-09 02:37:11,1,2006-02-16 02:30:53
10809,2005-08-01 22:39:27,1167,340,2005-08-03 03:44:27,2,2006-02-16 02:30:53
10810,2005-08-01 22:40:39,2314,376,2005-08-06 19:47:39,1,2006-02-16 02:30:53
10811,2005-08-01 22:41:15,4012,209,2005-08-10 00:10:15,1,2006-02-16 02:30:53
10812,2005-08-01 22:41:16,3762,11,2005-08-07 00:50:16,1,2006-02-16 02:30:53
10813,2005-08-01 22:43:00,3580,456,2005-08-03 21:43:00,1,2006-02-16 02:30:53
10814,2005-08-01 22:43:12,2758,49,2005-08-05 02:35:12,2,2006-02-16 02:30:53
10815,2005-08-01 22:46:21,877,62,2005-08-03 02:43:21,2,2006-02-16 02:30:53
10816,2005-08-01 22:48:57,905,129,2005-08-10 04:39:57,2,2006-02-16 02:30:53
10817,2005-08-01 22:51:08,3056,501,2005-08-10 16:55:08,2,2006-02-16 02:30:53
10818,2005-08-01 22:52:45,4549,309,2005-08-06 04:07:45,1,2006-02-16 02:30:53
10819,2005-08-01 22:52:57,983,308,2005-08-06 00:08:57,1,2006-02-16 02:30:53
10820,2005-08-01 22:53:40,1487,97,2005-08-02 17:59:40,2,2006-02-16 02:30:53
10821,2005-08-01 22:54:27,2016,522,2005-08-07 02:15:27,2,2006-02-16 02:30:53
10822,2005-08-01 22:54:28,3895,343,2005-08-02 17:19:28,1,2006-02-16 02:30:53
10823,2005-08-01 22:59:10,3322,405,2005-08-08 23:44:10,1,2006-02-16 02:30:53
10824,2005-08-01 23:00:22,3948,482,2005-08-04 04:14:22,2,2006-02-16 02:30:53
10825,2005-08-01 23:05:33,4386,587,2005-08-04 04:33:33,1,2006-02-16 02:30:53
10826,2005-08-01 23:07:56,1228,476,2005-08-08 04:10:56,2,2006-02-16 02:30:53
10827,2005-08-01 23:13:00,1590,46,2005-08-08 02:51:00,1,2006-02-16 02:30:53
10828,2005-08-01 23:16:10,2448,471,2005-08-09 21:17:10,1,2006-02-16 02:30:53
10829,2005-08-01 23:17:06,168,554,2005-08-09 17:22:06,2,2006-02-16 02:30:53
10830,2005-08-01 23:18:06,4176,148,2005-08-06 23:15:06,2,2006-02-16 02:30:53
10831,2005-08-01 23:22:45,1496,78,2005-08-07 01:05:45,2,2006-02-16 02:30:53
10832,2005-08-01 23:24:53,4096,487,2005-08-06 23:18:53,1,2006-02-16 02:30:53
10833,2005-08-01 23:25:55,4380,422,2005-08-10 18:01:55,1,2006-02-16 02:30:53
10834,2005-08-01 23:28:00,2270,252,2005-08-07 01:21:00,1,2006-02-16 02:30:53
10835,2005-08-01 23:28:49,351,90,2005-08-10 21:28:49,2,2006-02-16 02:30:53
10836,2005-08-01 23:29:58,4534,217,2005-08-07 23:03:58,2,2006-02-16 02:30:53
10837,2005-08-01 23:30:22,1816,410,2005-08-07 23:02:22,1,2006-02-16 02:30:53
10838,2005-08-01 23:36:10,69,387,2005-08-05 04:55:10,2,2006-02-16 02:30:53
10839,2005-08-01 23:37:39,2867,482,2005-08-02 20:18:39,1,2006-02-16 02:30:53
10840,2005-08-01 23:38:34,583,593,2005-08-07 02:36:34,2,2006-02-16 02:30:53
10841,2005-08-01 23:39:21,4337,102,2005-08-07 20:47:21,1,2006-02-16 02:30:53
10842,2005-08-01 23:41:24,1300,137,2005-08-11 03:48:24,1,2006-02-16 02:30:53
10843,2005-08-01 23:43:03,1286,192,2005-08-09 23:49:03,2,2006-02-16 02:30:53
10844,2005-08-01 23:46:58,1516,333,2005-08-09 19:42:58,2,2006-02-16 02:30:53
10845,2005-08-01 23:47:03,2737,42,2005-08-08 01:57:03,1,2006-02-16 02:30:53
10846,2005-08-01 23:47:54,2277,441,2005-08-08 01:10:54,1,2006-02-16 02:30:53
10847,2005-08-01 23:49:33,1200,280,2005-08-10 05:37:33,2,2006-02-16 02:30:53
10848,2005-08-01 23:50:22,2630,368,2005-08-06 00:52:22,1,2006-02-16 02:30:53
10849,2005-08-01 23:51:00,1683,278,2005-08-10 19:59:00,2,2006-02-16 02:30:53
10850,2005-08-01 23:53:45,1853,199,2005-08-10 21:11:45,1,2006-02-16 02:30:53
10851,2005-08-01 23:58:45,1359,154,2005-08-04 00:59:45,1,2006-02-16 02:30:53
10852,2005-08-02 00:00:33,3862,27,2005-08-03 23:09:33,1,2006-02-16 02:30:53
10853,2005-08-02 00:00:54,2682,41,2005-08-10 05:37:54,2,2006-02-16 02:30:53
10854,2005-08-02 00:02:06,3295,356,2005-08-02 21:55:06,2,2006-02-16 02:30:53
10855,2005-08-02 00:06:37,1366,274,2005-08-03 00:39:37,1,2006-02-16 02:30:53
10856,2005-08-02 00:07:14,2010,451,2005-08-04 02:48:14,2,2006-02-16 02:30:53
10857,2005-08-02 00:07:20,2961,360,2005-08-04 02:35:20,1,2006-02-16 02:30:53
10858,2005-08-02 00:08:39,852,312,2005-08-05 00:58:39,2,2006-02-16 02:30:53
10859,2005-08-02 00:11:39,277,375,2005-08-08 19:52:39,1,2006-02-16 02:30:53
10860,2005-08-02 00:12:32,2827,25,2005-08-04 03:50:32,1,2006-02-16 02:30:53
10861,2005-08-02 00:12:46,2162,131,2005-08-09 04:09:46,2,2006-02-16 02:30:53
10862,2005-08-02 00:17:34,1077,176,2005-08-08 00:31:34,2,2006-02-16 02:30:53
10863,2005-08-02 00:18:07,1170,161,2005-08-10 06:16:07,2,2006-02-16 02:30:53
10864,2005-08-02 00:18:59,1694,134,2005-08-08 22:20:59,1,2006-02-16 02:30:53
10865,2005-08-02 00:22:46,1485,201,2005-08-09 05:08:46,2,2006-02-16 02:30:53
10866,2005-08-02 00:22:49,117,424,2005-08-07 04:38:49,1,2006-02-16 02:30:53
10867,2005-08-02 00:24:15,2577,473,2005-08-05 21:09:15,1,2006-02-16 02:30:53
10868,2005-08-02 00:25:15,2443,562,2005-08-10 02:31:15,2,2006-02-16 02:30:53
10869,2005-08-02 00:26:54,2967,568,2005-08-04 03:40:54,2,2006-02-16 02:30:53
10870,2005-08-02 00:27:12,1509,33,2005-08-02 20:00:12,2,2006-02-16 02:30:53
10871,2005-08-02 00:27:24,104,75,2005-08-05 06:25:24,1,2006-02-16 02:30:53
10872,2005-08-02 00:27:50,2470,84,2005-08-06 20:34:50,2,2006-02-16 02:30:53
10873,2005-08-02 00:30:34,169,506,2005-08-07 00:16:34,2,2006-02-16 02:30:53
10874,2005-08-02 00:31:00,2552,230,2005-08-07 05:04:00,1,2006-02-16 02:30:53
10875,2005-08-02 00:31:44,862,175,2005-08-05 22:24:44,2,2006-02-16 02:30:53
10876,2005-08-02 00:31:58,2161,559,2005-08-05 21:45:58,1,2006-02-16 02:30:53
10877,2005-08-02 00:32:04,3337,487,2005-08-07 19:44:04,2,2006-02-16 02:30:53
10878,2005-08-02 00:33:12,3511,45,2005-08-07 06:02:12,1,2006-02-16 02:30:53
10879,2005-08-02 00:33:20,4415,334,2005-08-09 04:13:20,2,2006-02-16 02:30:53
10880,2005-08-02 00:34:12,450,528,2005-08-06 21:15:12,2,2006-02-16 02:30:53
10881,2005-08-02 00:38:14,781,253,2005-08-09 22:02:14,2,2006-02-16 02:30:53
10882,2005-08-02 00:47:16,1349,54,2005-08-09 22:11:16,1,2006-02-16 02:30:53
10883,2005-08-02 00:47:19,4,301,2005-08-03 00:02:19,1,2006-02-16 02:30:53
10884,2005-08-02 00:47:33,3702,569,2005-08-03 04:38:33,1,2006-02-16 02:30:53
10885,2005-08-02 00:51:37,4223,493,2005-08-09 20:49:37,2,2006-02-16 02:30:53
10886,2005-08-02 00:52:34,943,77,2005-08-08 00:30:34,1,2006-02-16 02:30:53
10887,2005-08-02 00:52:35,3450,573,2005-08-03 05:37:35,1,2006-02-16 02:30:53
10888,2005-08-02 00:52:45,2412,428,2005-08-03 03:07:45,1,2006-02-16 02:30:53
10889,2005-08-02 00:54:33,2098,64,2005-08-07 19:42:33,1,2006-02-16 02:30:53
10890,2005-08-02 00:58:46,78,210,2005-08-10 02:13:46,1,2006-02-16 02:30:53
10891,2005-08-02 01:09:55,1269,201,2005-08-05 05:03:55,2,2006-02-16 02:30:53
10892,2005-08-02 01:12:06,3243,109,2005-08-09 23:53:06,1,2006-02-16 02:30:53
10893,2005-08-02 01:12:13,2529,306,2005-08-11 05:53:13,2,2006-02-16 02:30:53
10894,2005-08-02 01:12:35,598,51,2005-08-09 22:55:35,1,2006-02-16 02:30:53
10895,2005-08-02 01:16:59,93,77,2005-08-03 02:41:59,2,2006-02-16 02:30:53
10896,2005-08-02 01:19:33,2283,505,2005-08-08 06:54:33,1,2006-02-16 02:30:53
10897,2005-08-02 01:23:42,291,338,2005-08-03 23:27:42,1,2006-02-16 02:30:53
10898,2005-08-02 01:29:57,3814,23,2005-08-06 00:07:57,2,2006-02-16 02:30:53
10899,2005-08-02 01:30:21,859,29,2005-08-06 05:01:21,2,2006-02-16 02:30:53
10900,2005-08-02 01:34:26,1749,139,2005-08-07 00:52:26,2,2006-02-16 02:30:53
10901,2005-08-02 01:35:44,3813,290,2005-08-04 21:20:44,2,2006-02-16 02:30:53
10902,2005-08-02 01:35:46,3863,486,2005-08-09 01:59:46,1,2006-02-16 02:30:53
10903,2005-08-02 01:41:59,2696,547,2005-08-06 23:03:59,1,2006-02-16 02:30:53
10904,2005-08-02 01:43:02,3681,593,2005-08-04 04:34:02,1,2006-02-16 02:30:53
10905,2005-08-02 01:45:59,2835,439,2005-08-04 22:28:59,1,2006-02-16 02:30:53
10906,2005-08-02 01:47:04,3139,463,2005-08-07 20:41:04,2,2006-02-16 02:30:53
10907,2005-08-02 01:51:48,1430,561,2005-08-02 19:53:48,1,2006-02-16 02:30:53
10908,2005-08-02 01:53:06,1284,269,2005-08-04 02:46:06,2,2006-02-16 02:30:53
10909,2005-08-02 01:53:59,3516,413,2005-08-03 04:36:59,2,2006-02-16 02:30:53
10910,2005-08-02 01:54:34,2428,266,2005-08-10 04:04:34,2,2006-02-16 02:30:53
10911,2005-08-02 01:58:36,769,195,2005-08-08 07:37:36,2,2006-02-16 02:30:53
10912,2005-08-02 02:00:03,732,477,2005-08-06 05:55:03,1,2006-02-16 02:30:53
10913,2005-08-02 02:04:03,3388,565,2005-08-09 03:21:03,1,2006-02-16 02:30:53
10914,2005-08-02 02:04:43,585,584,2005-08-06 03:00:43,1,2006-02-16 02:30:53
10915,2005-08-02 02:05:04,4568,418,2005-08-10 21:58:04,2,2006-02-16 02:30:53
10916,2005-08-02 02:05:59,3841,25,2005-08-06 03:46:59,2,2006-02-16 02:30:53
10917,2005-08-02 02:06:18,3146,378,2005-08-03 22:42:18,1,2006-02-16 02:30:53
10918,2005-08-02 02:10:56,3418,2,2005-08-02 21:23:56,1,2006-02-16 02:30:53
10919,2005-08-02 02:11:03,868,115,2005-08-04 01:49:03,1,2006-02-16 02:30:53
10920,2005-08-02 02:14:10,3106,531,2005-08-06 23:36:10,1,2006-02-16 02:30:53
10921,2005-08-02 02:14:33,1820,555,2005-08-09 20:58:33,2,2006-02-16 02:30:53
10922,2005-08-02 02:14:40,4522,539,2005-08-06 06:04:40,1,2006-02-16 02:30:53
10923,2005-08-02 02:15:01,2602,239,2005-08-03 04:18:01,1,2006-02-16 02:30:53
10924,2005-08-02 02:20:19,589,540,2005-08-11 05:50:19,2,2006-02-16 02:30:53
10925,2005-08-02 02:24:38,1475,98,2005-08-03 05:06:38,1,2006-02-16 02:30:53
10926,2005-08-02 02:26:37,4016,460,2005-08-09 20:55:37,1,2006-02-16 02:30:53
10927,2005-08-02 02:31:15,4125,288,2005-08-10 20:41:15,1,2006-02-16 02:30:53
10928,2005-08-02 02:34:12,2885,211,2005-08-07 21:13:12,1,2006-02-16 02:30:53
10929,2005-08-02 02:35:44,913,305,2005-08-05 03:52:44,1,2006-02-16 02:30:53
10930,2005-08-02 02:38:07,2027,206,2005-08-08 05:15:07,2,2006-02-16 02:30:53
10931,2005-08-02 02:44:59,3268,545,2005-08-04 02:02:59,1,2006-02-16 02:30:53
10932,2005-08-02 02:46:22,1688,595,2005-08-06 01:49:22,2,2006-02-16 02:30:53
10933,2005-08-02 02:50:49,3970,313,2005-08-08 04:39:49,1,2006-02-16 02:30:53
10934,2005-08-02 02:52:18,4458,142,2005-08-06 01:23:18,2,2006-02-16 02:30:53
10935,2005-08-02 02:54:53,4373,42,2005-08-10 00:07:53,2,2006-02-16 02:30:53
10936,2005-08-02 02:55:04,463,445,2005-08-11 07:56:04,1,2006-02-16 02:30:53
10937,2005-08-02 03:00:18,1320,416,2005-08-11 03:44:18,2,2006-02-16 02:30:53
10938,2005-08-02 03:05:22,3918,502,2005-08-05 08:31:22,1,2006-02-16 02:30:53
10939,2005-08-02 03:06:20,2131,161,2005-08-04 01:22:20,2,2006-02-16 02:30:53
10940,2005-08-02 03:08:29,3760,120,2005-08-07 21:28:29,2,2006-02-16 02:30:53
10941,2005-08-02 03:11:33,2132,531,2005-08-10 07:31:33,1,2006-02-16 02:30:53
10942,2005-08-02 03:16:31,2304,78,2005-08-11 02:46:31,2,2006-02-16 02:30:53
10943,2005-08-02 03:17:29,1036,377,2005-08-03 00:50:29,2,2006-02-16 02:30:53
10944,2005-08-02 03:20:03,2373,470,2005-08-04 04:13:03,2,2006-02-16 02:30:53
10945,2005-08-02 03:20:23,3684,532,2005-08-09 03:23:23,1,2006-02-16 02:30:53
10946,2005-08-02 03:20:39,4271,56,2005-08-05 02:59:39,1,2006-02-16 02:30:53
10947,2005-08-02 03:23:17,2510,500,2005-08-07 05:25:17,1,2006-02-16 02:30:53
10948,2005-08-02 03:23:23,4429,220,2005-08-05 23:18:23,1,2006-02-16 02:30:53
10949,2005-08-02 03:24:04,2309,389,2005-08-06 08:36:04,2,2006-02-16 02:30:53
10950,2005-08-02 03:25:08,707,451,2005-08-07 23:11:08,2,2006-02-16 02:30:53
10951,2005-08-02 03:26:35,173,144,2005-08-07 22:03:35,1,2006-02-16 02:30:53
10952,2005-08-02 03:28:21,3218,111,2005-08-09 01:41:21,1,2006-02-16 02:30:53
10953,2005-08-02 03:28:38,1510,483,2005-08-11 03:53:38,1,2006-02-16 02:30:53
10954,2005-08-02 03:30:24,3406,20,2005-08-08 05:52:24,2,2006-02-16 02:30:53
10955,2005-08-02 03:32:34,618,490,2005-08-09 21:53:34,2,2006-02-16 02:30:53
10956,2005-08-02 03:33:14,4372,54,2005-08-09 09:20:14,2,2006-02-16 02:30:53
10957,2005-08-02 03:33:30,1652,447,2005-08-10 06:19:30,2,2006-02-16 02:30:53
10958,2005-08-02 03:37:13,2174,160,2005-08-04 23:28:13,2,2006-02-16 02:30:53
10959,2005-08-02 03:39:39,4233,431,2005-08-11 07:20:39,1,2006-02-16 02:30:53
10960,2005-08-02 03:46:18,3536,399,2005-08-11 01:29:18,1,2006-02-16 02:30:53
10961,2005-08-02 03:47:55,1416,375,2005-08-09 02:03:55,1,2006-02-16 02:30:53
10962,2005-08-02 03:48:13,1953,538,2005-08-07 00:04:13,1,2006-02-16 02:30:53
10963,2005-08-02 03:48:17,4501,36,2005-08-02 22:15:17,1,2006-02-16 02:30:53
10964,2005-08-02 03:56:23,2356,36,2005-08-09 23:11:23,2,2006-02-16 02:30:53
10965,2005-08-02 04:00:19,2192,580,2005-08-09 03:27:19,1,2006-02-16 02:30:53
10966,2005-08-02 04:00:47,478,584,2005-08-08 01:58:47,2,2006-02-16 02:30:53
10967,2005-08-02 04:02:16,683,149,2005-08-09 07:57:16,1,2006-02-16 02:30:53
10968,2005-08-02 04:03:13,888,234,2005-08-11 08:36:13,1,2006-02-16 02:30:53
10969,2005-08-02 04:04:32,1898,244,2005-08-09 23:18:32,1,2006-02-16 02:30:53
10970,2005-08-02 04:06:46,1202,260,2005-08-10 04:27:46,1,2006-02-16 02:30:53
10971,2005-08-02 04:08:17,2789,383,2005-08-09 00:02:17,1,2006-02-16 02:30:53
10972,2005-08-02 04:08:25,1928,348,2005-08-09 23:25:25,1,2006-02-16 02:30:53
10973,2005-08-02 04:09:42,3562,127,2005-08-08 05:24:42,2,2006-02-16 02:30:53
10974,2005-08-02 04:10:52,690,491,2005-08-09 08:26:52,1,2006-02-16 02:30:53
10975,2005-08-02 04:11:25,2616,361,2005-08-04 04:39:25,2,2006-02-16 02:30:53
10976,2005-08-02 04:11:48,2418,326,2005-08-06 06:30:48,2,2006-02-16 02:30:53
10977,2005-08-02 04:12:17,2302,300,2005-08-06 06:52:17,2,2006-02-16 02:30:53
10978,2005-08-02 04:12:27,1597,487,2005-08-10 08:19:27,2,2006-02-16 02:30:53
10979,2005-08-02 04:16:37,2625,160,2005-08-06 00:01:37,2,2006-02-16 02:30:53
10980,2005-08-02 04:17:32,150,547,2005-08-04 05:12:32,1,2006-02-16 02:30:53
10981,2005-08-02 04:17:53,3699,305,2005-08-09 03:45:53,2,2006-02-16 02:30:53
10982,2005-08-02 04:19:11,2508,345,2005-08-04 00:20:11,2,2006-02-16 02:30:53
10983,2005-08-02 04:24:23,4502,380,2005-08-09 08:05:23,2,2006-02-16 02:30:53
10984,2005-08-02 04:30:02,1813,450,2005-08-10 02:51:02,1,2006-02-16 02:30:53
10985,2005-08-02 04:30:19,2734,186,2005-08-03 05:18:19,1,2006-02-16 02:30:53
10986,2005-08-02 04:35:24,555,597,2005-08-09 07:34:24,2,2006-02-16 02:30:53
10987,2005-08-02 04:36:52,968,349,2005-08-04 00:03:52,1,2006-02-16 02:30:53
10988,2005-08-02 04:38:17,1157,509,2005-08-09 00:09:17,1,2006-02-16 02:30:53
10989,2005-08-02 04:40:54,2272,7,2005-08-09 03:39:54,2,2006-02-16 02:30:53
10990,2005-08-02 04:41:06,262,111,2005-08-10 05:02:06,2,2006-02-16 02:30:53
10991,2005-08-02 04:41:12,2854,77,2005-08-05 05:36:12,2,2006-02-16 02:30:53
10992,2005-08-02 04:41:17,11,180,2005-08-09 02:13:17,1,2006-02-16 02:30:53
10993,2005-08-02 04:45:01,292,383,2005-08-04 03:32:01,1,2006-02-16 02:30:53
10994,2005-08-02 04:46:53,647,323,2005-08-11 10:30:53,1,2006-02-16 02:30:53
10995,2005-08-02 04:48:00,2891,340,2005-08-07 05:00:00,1,2006-02-16 02:30:53
10996,2005-08-02 04:48:11,2235,26,2005-08-06 08:00:11,1,2006-02-16 02:30:53
10997,2005-08-02 04:49:02,300,334,2005-08-10 08:13:02,2,2006-02-16 02:30:53
10998,2005-08-02 04:50:55,1479,435,2005-08-11 03:43:55,1,2006-02-16 02:30:53
10999,2005-08-02 04:53:13,2013,227,2005-08-06 04:36:13,2,2006-02-16 02:30:53
11000,2005-08-02 04:56:14,264,265,2005-08-07 01:39:14,2,2006-02-16 02:30:53
11001,2005-08-02 04:56:45,3701,5,2005-08-11 08:04:45,1,2006-02-16 02:30:53
11002,2005-08-02 05:02:56,3073,583,2005-08-05 07:04:56,2,2006-02-16 02:30:53
11003,2005-08-02 05:03:05,4301,272,2005-08-05 10:48:05,2,2006-02-16 02:30:53
11004,2005-08-02 05:04:18,200,45,2005-08-11 00:03:18,2,2006-02-16 02:30:53
11005,2005-08-02 05:05:23,1547,216,2005-08-07 23:28:23,2,2006-02-16 02:30:53
11006,2005-08-02 05:05:52,2776,473,2005-08-05 03:33:52,1,2006-02-16 02:30:53
11007,2005-08-02 05:05:53,4172,98,2005-08-05 01:56:53,2,2006-02-16 02:30:53
11008,2005-08-02 05:06:17,2831,375,2005-08-10 01:22:17,2,2006-02-16 02:30:53
11009,2005-08-02 05:06:23,2574,596,2005-08-08 03:02:23,1,2006-02-16 02:30:53
11010,2005-08-02 05:06:27,869,326,2005-08-03 23:47:27,2,2006-02-16 02:30:53
11011,2005-08-02 05:07:07,3981,256,2005-08-09 07:16:07,1,2006-02-16 02:30:53
11012,2005-08-02 05:09:42,542,162,2005-08-05 07:22:42,2,2006-02-16 02:30:53
11013,2005-08-02 05:10:54,2993,527,2005-08-10 08:59:54,1,2006-02-16 02:30:53
11014,2005-08-02 05:12:22,393,269,2005-08-07 09:33:22,1,2006-02-16 02:30:53
11015,2005-08-02 05:13:00,4331,138,2005-08-08 04:18:00,2,2006-02-16 02:30:53
11016,2005-08-02 05:19:13,4446,116,2005-08-05 05:31:13,1,2006-02-16 02:30:53
11017,2005-08-02 05:19:51,4140,480,2005-08-09 00:36:51,2,2006-02-16 02:30:53
11018,2005-08-02 05:27:53,2988,197,2005-08-07 10:48:53,1,2006-02-16 02:30:53
11019,2005-08-02 05:29:31,3227,112,2005-08-04 00:42:31,1,2006-02-16 02:30:53
11020,2005-08-02 05:29:48,1645,242,2005-08-06 05:36:48,2,2006-02-16 02:30:53
11021,2005-08-02 05:30:11,2069,385,2005-08-05 05:50:11,2,2006-02-16 02:30:53
11022,2005-08-02 05:35:03,827,206,2005-08-09 10:20:03,2,2006-02-16 02:30:53
11023,2005-08-02 05:36:38,3617,6,2005-08-10 05:39:38,1,2006-02-16 02:30:53
11024,2005-08-02 05:38:31,2284,427,2005-08-11 04:47:31,1,2006-02-16 02:30:53
11025,2005-08-02 05:39:12,2253,419,2005-08-08 00:09:12,2,2006-02-16 02:30:53
11026,2005-08-02 05:46:05,3554,531,2005-08-07 06:27:05,2,2006-02-16 02:30:53
11027,2005-08-02 05:47:10,571,412,2005-08-05 23:51:10,1,2006-02-16 02:30:53
11028,2005-08-02 05:48:20,2764,66,2005-08-10 11:21:20,1,2006-02-16 02:30:53
11029,2005-08-02 05:51:10,1023,45,2005-08-05 04:15:10,1,2006-02-16 02:30:53
11030,2005-08-02 05:51:20,1437,569,2005-08-06 04:20:20,1,2006-02-16 02:30:53
11031,2005-08-02 05:52:58,1205,361,2005-08-07 07:14:58,2,2006-02-16 02:30:53
11032,2005-08-02 05:53:35,1119,359,2005-08-05 02:58:35,2,2006-02-16 02:30:53
11033,2005-08-02 05:54:17,3323,155,2005-08-09 10:50:17,2,2006-02-16 02:30:53
11034,2005-08-02 05:54:53,2939,586,2005-08-09 04:14:53,1,2006-02-16 02:30:53
11035,2005-08-02 05:55:39,3776,305,2005-08-08 06:46:39,2,2006-02-16 02:30:53
11036,2005-08-02 05:56:29,2054,502,2005-08-05 05:00:29,2,2006-02-16 02:30:53
11037,2005-08-02 05:58:12,4291,220,2005-08-07 11:26:12,1,2006-02-16 02:30:53
11038,2005-08-02 05:59:42,4452,403,2005-08-08 04:37:42,2,2006-02-16 02:30:53
11039,2005-08-02 06:00:53,549,170,2005-08-05 06:19:53,2,2006-02-16 02:30:53
11040,2005-08-02 06:03:22,2297,223,2005-08-03 07:58:22,1,2006-02-16 02:30:53
11041,2005-08-02 06:03:53,1897,435,2005-08-03 11:57:53,1,2006-02-16 02:30:53
11042,2005-08-02 06:04:33,4149,439,2005-08-11 01:30:33,1,2006-02-16 02:30:53
11043,2005-08-02 06:04:44,65,573,2005-08-06 11:37:44,1,2006-02-16 02:30:53
11044,2005-08-02 06:05:27,2922,122,2005-08-06 05:15:27,1,2006-02-16 02:30:53
11045,2005-08-02 06:07:54,2214,402,2005-08-08 00:37:54,1,2006-02-16 02:30:53
11046,2005-08-02 06:08:34,2105,526,2005-08-06 08:45:34,2,2006-02-16 02:30:53
11047,2005-08-02 06:09:20,2267,416,2005-08-11 08:36:20,1,2006-02-16 02:30:53
11048,2005-08-02 06:15:07,206,491,2005-08-04 02:47:07,2,2006-02-16 02:30:53
11049,2005-08-02 06:15:40,4352,38,2005-08-11 10:09:40,2,2006-02-16 02:30:53
11050,2005-08-02 06:17:16,2077,234,2005-08-09 05:58:16,1,2006-02-16 02:30:53
11051,2005-08-02 06:23:39,4189,446,2005-08-06 06:46:39,2,2006-02-16 02:30:53
11052,2005-08-02 06:26:19,1089,331,2005-08-06 04:20:19,2,2006-02-16 02:30:53
11053,2005-08-02 06:27:13,2599,50,2005-08-09 11:24:13,2,2006-02-16 02:30:53
11054,2005-08-02 06:33:07,728,577,2005-08-10 02:52:07,2,2006-02-16 02:30:53
11055,2005-08-02 06:36:05,3851,182,2005-08-06 00:36:05,1,2006-02-16 02:30:53
11056,2005-08-02 06:36:27,1404,88,2005-08-10 06:02:27,1,2006-02-16 02:30:53
11057,2005-08-02 06:38:19,3143,137,2005-08-11 03:43:19,1,2006-02-16 02:30:53
11058,2005-08-02 06:38:44,3270,274,2005-08-06 06:45:44,1,2006-02-16 02:30:53
11059,2005-08-02 06:41:38,428,189,2005-08-09 04:34:38,1,2006-02-16 02:30:53
11060,2005-08-02 06:48:18,3395,496,2005-08-10 11:49:18,1,2006-02-16 02:30:53
11061,2005-08-02 06:50:18,809,245,2005-08-07 07:41:18,2,2006-02-16 02:30:53
11062,2005-08-02 06:52:54,2014,346,2005-08-07 10:59:54,1,2006-02-16 02:30:53
11063,2005-08-02 06:53:48,2261,461,2005-08-05 03:38:48,2,2006-02-16 02:30:53
11064,2005-08-02 06:55:17,3012,338,2005-08-06 03:29:17,1,2006-02-16 02:30:53
11065,2005-08-02 06:57:55,2226,357,2005-08-06 01:31:55,2,2006-02-16 02:30:53
11066,2005-08-02 06:58:32,4213,373,2005-08-10 01:27:32,2,2006-02-16 02:30:53
11067,2005-08-02 07:03:24,965,85,2005-08-10 08:59:24,2,2006-02-16 02:30:53
11068,2005-08-02 07:08:07,1262,52,2005-08-09 11:15:07,2,2006-02-16 02:30:53
11069,2005-08-02 07:09:34,57,4,2005-08-08 08:39:34,1,2006-02-16 02:30:53
11070,2005-08-02 07:10:39,4020,298,2005-08-03 07:43:39,1,2006-02-16 02:30:53
11071,2005-08-02 07:10:53,4264,294,2005-08-07 09:58:53,1,2006-02-16 02:30:53
11072,2005-08-02 07:10:57,3078,21,2005-08-04 07:42:57,1,2006-02-16 02:30:53
11073,2005-08-02 07:13:03,4232,234,2005-08-03 05:46:03,1,2006-02-16 02:30:53
11074,2005-08-02 07:21:43,1439,277,2005-08-08 05:18:43,1,2006-02-16 02:30:53
11075,2005-08-02 07:24:23,3027,503,2005-08-08 04:55:23,1,2006-02-16 02:30:53
11076,2005-08-02 07:24:47,837,211,2005-08-10 09:16:47,1,2006-02-16 02:30:53
11077,2005-08-02 07:26:43,4254,158,2005-08-09 10:34:43,2,2006-02-16 02:30:53
11078,2005-08-02 07:26:58,2362,587,2005-08-07 01:59:58,2,2006-02-16 02:30:53
11079,2005-08-02 07:29:10,3185,29,2005-08-07 01:59:10,2,2006-02-16 02:30:53
11080,2005-08-02 07:29:56,4303,571,2005-08-08 05:58:56,1,2006-02-16 02:30:53
11081,2005-08-02 07:30:14,3804,513,2005-08-09 08:50:14,1,2006-02-16 02:30:53
11082,2005-08-02 07:30:19,3037,190,2005-08-07 05:20:19,2,2006-02-16 02:30:53
11083,2005-08-02 07:32:01,4395,295,2005-08-08 02:23:01,1,2006-02-16 02:30:53
11084,2005-08-02 07:34:19,32,369,2005-08-07 09:30:19,1,2006-02-16 02:30:53
11085,2005-08-02 07:36:44,3207,276,2005-08-04 03:32:44,1,2006-02-16 02:30:53
11086,2005-08-02 07:38:44,552,371,2005-08-11 06:30:44,1,2006-02-16 02:30:53
11087,2005-08-02 07:41:41,654,2,2005-08-10 10:37:41,2,2006-02-16 02:30:53
11088,2005-08-02 07:48:31,2739,138,2005-08-05 08:09:31,2,2006-02-16 02:30:53
11089,2005-08-02 07:52:20,825,421,2005-08-07 07:24:20,1,2006-02-16 02:30:53
11090,2005-08-02 07:56:40,2743,89,2005-08-10 07:58:40,1,2006-02-16 02:30:53
11091,2005-08-02 07:56:41,1659,423,2005-08-07 05:35:41,2,2006-02-16 02:30:53
11092,2005-08-02 07:58:50,569,60,2005-08-04 03:23:50,2,2006-02-16 02:30:53
11093,2005-08-02 07:59:49,239,82,2005-08-11 06:01:49,1,2006-02-16 02:30:53
11094,2005-08-02 08:03:02,3095,18,2005-08-03 11:34:02,1,2006-02-16 02:30:53
11095,2005-08-02 08:03:20,3517,278,2005-08-10 05:20:20,1,2006-02-16 02:30:53
11096,2005-08-02 08:05:19,1436,34,2005-08-04 07:28:19,2,2006-02-16 02:30:53
11097,2005-08-02 08:05:46,2493,575,2005-08-10 12:00:46,2,2006-02-16 02:30:53
11098,2005-08-02 08:06:18,158,570,2005-08-11 04:50:18,2,2006-02-16 02:30:53
11099,2005-08-02 08:07:12,1444,102,2005-08-07 12:11:12,2,2006-02-16 02:30:53
11100,2005-08-02 08:08:00,3047,65,2005-08-10 07:19:00,1,2006-02-16 02:30:53
11101,2005-08-02 08:08:24,2621,80,2005-08-06 05:55:24,1,2006-02-16 02:30:53
11102,2005-08-02 08:08:30,3112,73,2005-08-04 09:16:30,1,2006-02-16 02:30:53
11103,2005-08-02 08:09:54,1879,158,2005-08-07 12:05:54,1,2006-02-16 02:30:53
11104,2005-08-02 08:09:58,3042,196,2005-08-05 11:55:58,1,2006-02-16 02:30:53
11105,2005-08-02 08:13:31,3170,245,2005-08-03 11:08:31,1,2006-02-16 02:30:53
11106,2005-08-02 08:17:38,2307,287,2005-08-03 07:54:38,1,2006-02-16 02:30:53
11107,2005-08-02 08:19:38,2217,410,2005-08-07 08:46:38,2,2006-02-16 02:30:53
11108,2005-08-02 08:20:01,560,447,2005-08-03 13:22:01,2,2006-02-16 02:30:53
11109,2005-08-02 08:20:29,2683,479,2005-08-09 11:35:29,2,2006-02-16 02:30:53
11110,2005-08-02 08:20:31,4311,4,2005-08-04 05:06:31,2,2006-02-16 02:30:53
11111,2005-08-02 08:21:27,334,378,2005-08-06 07:48:27,2,2006-02-16 02:30:53
11112,2005-08-02 08:25:14,526,207,2005-08-03 08:41:14,1,2006-02-16 02:30:53
11113,2005-08-02 08:26:24,1654,231,2005-08-07 09:24:24,2,2006-02-16 02:30:53
11114,2005-08-02 08:26:45,1273,572,2005-08-03 08:41:45,2,2006-02-16 02:30:53
11115,2005-08-02 08:31:06,3812,408,2005-08-04 02:36:06,2,2006-02-16 02:30:53
11116,2005-08-02 08:34:40,434,344,2005-08-09 04:56:40,1,2006-02-16 02:30:53
11117,2005-08-02 08:36:03,1613,474,2005-08-05 06:56:03,2,2006-02-16 02:30:53
11118,2005-08-02 08:44:18,2411,15,2005-08-05 08:08:18,2,2006-02-16 02:30:53
11119,2005-08-02 08:44:44,4307,489,2005-08-10 11:32:44,2,2006-02-16 02:30:53
11120,2005-08-02 08:47:04,4185,322,2005-08-05 05:33:04,1,2006-02-16 02:30:53
11121,2005-08-02 08:48:31,1025,572,2005-08-04 05:08:31,2,2006-02-16 02:30:53
11122,2005-08-02 08:49:09,3021,383,2005-08-08 04:33:09,1,2006-02-16 02:30:53
11123,2005-08-02 08:54:17,1926,150,2005-08-09 11:11:17,2,2006-02-16 02:30:53
11124,2005-08-02 08:55:25,698,249,2005-08-10 10:59:25,1,2006-02-16 02:30:53
11125,2005-08-02 08:55:35,2081,237,2005-08-03 09:12:35,1,2006-02-16 02:30:53
11126,2005-08-02 08:59:04,3310,47,2005-08-04 11:00:04,1,2006-02-16 02:30:53
11127,2005-08-02 09:00:59,1106,351,2005-08-05 11:54:59,2,2006-02-16 02:30:53
11128,2005-08-02 09:03:25,3472,386,2005-08-09 04:36:25,1,2006-02-16 02:30:53
11129,2005-08-02 09:08:44,23,566,2005-08-04 04:00:44,1,2006-02-16 02:30:53
11130,2005-08-02 09:08:59,684,329,2005-08-09 07:50:59,2,2006-02-16 02:30:53
11131,2005-08-02 09:10:04,1860,293,2005-08-08 09:59:04,2,2006-02-16 02:30:53
11132,2005-08-02 09:14:09,2212,398,2005-08-08 06:39:09,1,2006-02-16 02:30:53
11133,2005-08-02 09:15:45,675,120,2005-08-04 10:39:45,1,2006-02-16 02:30:53
11134,2005-08-02 09:19:22,2641,372,2005-08-11 03:56:22,1,2006-02-16 02:30:53
11135,2005-08-02 09:22:25,799,32,2005-08-04 14:30:25,2,2006-02-16 02:30:53
11136,2005-08-02 09:22:57,1315,559,2005-08-08 14:12:57,2,2006-02-16 02:30:53
11137,2005-08-02 09:25:31,2500,310,2005-08-08 08:10:31,1,2006-02-16 02:30:53
11138,2005-08-02 09:26:16,4250,458,2005-08-11 07:50:16,2,2006-02-16 02:30:53
11139,2005-08-02 09:27:36,1011,236,2005-08-08 14:07:36,2,2006-02-16 02:30:53
11140,2005-08-02 09:27:45,3836,132,2005-08-05 04:10:45,1,2006-02-16 02:30:53
11141,2005-08-02 09:29:11,1614,15,2005-08-04 07:50:11,1,2006-02-16 02:30:53
11142,2005-08-02 09:30:11,2954,306,2005-08-05 06:52:11,1,2006-02-16 02:30:53
11143,2005-08-02 09:32:54,3382,100,2005-08-05 12:04:54,2,2006-02-16 02:30:53
11144,2005-08-02 09:39:17,2724,376,2005-08-03 11:53:17,2,2006-02-16 02:30:53
11145,2005-08-02 09:43:24,1270,291,2005-08-05 15:29:24,1,2006-02-16 02:30:53
11146,2005-08-02 09:45:32,2488,552,2005-08-07 07:33:32,1,2006-02-16 02:30:53
11147,2005-08-02 09:45:54,1562,597,2005-08-07 07:28:54,1,2006-02-16 02:30:53
11148,2005-08-02 09:47:08,2991,230,2005-08-08 10:57:08,1,2006-02-16 02:30:53
11149,2005-08-02 09:51:43,3254,358,2005-08-11 09:40:43,2,2006-02-16 02:30:53
11150,2005-08-02 09:51:46,2193,527,2005-08-05 09:03:46,2,2006-02-16 02:30:53
11151,2005-08-02 09:52:44,3939,391,2005-08-05 06:29:44,2,2006-02-16 02:30:53
11152,2005-08-02 09:53:36,3887,494,2005-08-11 14:58:36,1,2006-02-16 02:30:53
11153,2005-08-02 09:54:19,1546,220,2005-08-10 14:57:19,1,2006-02-16 02:30:53
11154,2005-08-02 09:54:50,697,160,2005-08-06 14:48:50,2,2006-02-16 02:30:53
11155,2005-08-02 09:55:28,2001,73,2005-08-03 06:00:28,2,2006-02-16 02:30:53
11156,2005-08-02 09:56:06,907,465,2005-08-04 13:36:06,2,2006-02-16 02:30:53
11157,2005-08-02 09:58:15,1313,244,2005-08-06 04:23:15,2,2006-02-16 02:30:53
11158,2005-08-02 09:58:28,530,190,2005-08-10 13:54:28,2,2006-02-16 02:30:53
11159,2005-08-02 10:00:55,4575,249,2005-08-05 10:38:55,1,2006-02-16 02:30:53
11160,2005-08-02 10:05:30,3260,436,2005-08-07 08:30:30,1,2006-02-16 02:30:53
11161,2005-08-02 10:05:57,3321,503,2005-08-06 05:05:57,2,2006-02-16 02:30:53
11162,2005-08-02 10:07:54,1809,277,2005-08-05 11:35:54,2,2006-02-16 02:30:53
11163,2005-08-02 10:08:40,1925,505,2005-08-05 14:59:40,1,2006-02-16 02:30:53
11164,2005-08-02 10:10:56,4450,580,2005-08-10 11:20:56,2,2006-02-16 02:30:53
11165,2005-08-02 10:12:17,2059,513,2005-08-04 11:09:17,1,2006-02-16 02:30:53
11166,2005-08-02 10:14:58,638,11,2005-08-11 11:43:58,1,2006-02-16 02:30:53
11167,2005-08-02 10:15:51,148,451,2005-08-09 09:18:51,1,2006-02-16 02:30:53
11168,2005-08-02 10:19:42,468,555,2005-08-04 08:42:42,1,2006-02-16 02:30:53
11169,2005-08-02 10:19:42,2392,329,2005-08-07 05:45:42,1,2006-02-16 02:30:53
11170,2005-08-02 10:21:53,1333,547,2005-08-08 11:08:53,1,2006-02-16 02:30:53
11171,2005-08-02 10:23:41,3117,339,2005-08-04 14:22:41,2,2006-02-16 02:30:53
11172,2005-08-02 10:27:52,1207,76,2005-08-11 12:47:52,1,2006-02-16 02:30:53
11173,2005-08-02 10:28:00,4296,146,2005-08-10 14:53:00,1,2006-02-16 02:30:53
11174,2005-08-02 10:32:11,1551,328,2005-08-09 12:30:11,1,2006-02-16 02:30:53
11175,2005-08-02 10:38:47,85,164,2005-08-07 07:11:47,2,2006-02-16 02:30:53
11176,2005-08-02 10:39:43,1448,37,2005-08-09 14:42:43,2,2006-02-16 02:30:53
11177,2005-08-02 10:43:48,1149,2,2005-08-10 10:55:48,2,2006-02-16 02:30:53
11178,2005-08-02 10:48:10,2613,342,2005-08-06 06:07:10,1,2006-02-16 02:30:53
11179,2005-08-02 10:50:06,4376,5,2005-08-04 05:24:06,1,2006-02-16 02:30:53
11180,2005-08-02 10:54:30,3632,534,2005-08-11 15:55:30,1,2006-02-16 02:30:53
11181,2005-08-02 10:55:03,3127,557,2005-08-07 10:43:03,1,2006-02-16 02:30:53
11182,2005-08-02 10:55:14,605,54,2005-08-06 05:58:14,1,2006-02-16 02:30:53
11183,2005-08-02 11:00:32,833,102,2005-08-04 08:59:32,2,2006-02-16 02:30:53
11184,2005-08-02 11:01:26,871,259,2005-08-11 06:29:26,1,2006-02-16 02:30:53
11185,2005-08-02 11:04:35,1215,469,2005-08-05 13:48:35,2,2006-02-16 02:30:53
11186,2005-08-02 11:12:08,733,353,2005-08-03 10:46:08,1,2006-02-16 02:30:53
11187,2005-08-02 11:16:19,3626,410,2005-08-11 06:11:19,1,2006-02-16 02:30:53
11188,2005-08-02 11:17:11,1372,485,2005-08-08 16:46:11,2,2006-02-16 02:30:53
11189,2005-08-02 11:17:23,729,565,2005-08-09 16:30:23,2,2006-02-16 02:30:53
11190,2005-08-02 11:21:34,922,254,2005-08-05 05:23:34,1,2006-02-16 02:30:53
11191,2005-08-02 11:24:07,1097,571,2005-08-10 10:39:07,1,2006-02-16 02:30:53
11192,2005-08-02 11:29:41,1998,349,2005-08-07 06:01:41,2,2006-02-16 02:30:53
11193,2005-08-02 11:31:33,2246,292,2005-08-04 14:00:33,1,2006-02-16 02:30:53
11194,2005-08-02 11:35:53,2732,135,2005-08-10 11:28:53,1,2006-02-16 02:30:53
11195,2005-08-02 11:42:23,4359,177,2005-08-03 08:29:23,1,2006-02-16 02:30:53
11196,2005-08-02 11:42:40,2648,126,2005-08-10 11:58:40,2,2006-02-16 02:30:53
11197,2005-08-02 11:45:07,3041,122,2005-08-03 09:07:07,1,2006-02-16 02:30:53
11198,2005-08-02 11:45:15,2908,540,2005-08-10 11:42:15,2,2006-02-16 02:30:53
11199,2005-08-02 11:47:40,3926,578,2005-08-10 06:52:40,2,2006-02-16 02:30:53
11200,2005-08-02 11:48:36,2730,98,2005-08-07 08:35:36,2,2006-02-16 02:30:53
11201,2005-08-02 11:49:16,1501,195,2005-08-11 08:39:16,1,2006-02-16 02:30:53
11202,2005-08-02 11:51:57,3625,231,2005-08-08 09:41:57,1,2006-02-16 02:30:53
11203,2005-08-02 11:52:41,4520,92,2005-08-10 15:52:41,2,2006-02-16 02:30:53
11204,2005-08-02 11:56:31,3578,247,2005-08-06 14:16:31,2,2006-02-16 02:30:53
11205,2005-08-02 11:56:54,4321,552,2005-08-05 08:24:54,1,2006-02-16 02:30:53
11206,2005-08-02 11:58:03,4131,72,2005-08-07 12:36:03,2,2006-02-16 02:30:53
11207,2005-08-02 12:01:30,4470,481,2005-08-05 07:56:30,1,2006-02-16 02:30:53
11208,2005-08-02 12:02:37,4566,320,2005-08-05 10:56:37,1,2006-02-16 02:30:53
11209,2005-08-02 12:09:45,3219,24,2005-08-07 08:52:45,1,2006-02-16 02:30:53
11210,2005-08-02 12:15:54,422,202,2005-08-04 16:18:54,2,2006-02-16 02:30:53
11211,2005-08-02 12:16:48,1722,245,2005-08-03 10:40:48,1,2006-02-16 02:30:53
11212,2005-08-02 12:18:29,4007,343,2005-08-05 16:05:29,2,2006-02-16 02:30:53
11213,2005-08-02 12:18:35,1007,584,2005-08-05 08:44:35,2,2006-02-16 02:30:53
11214,2005-08-02 12:19:50,2722,407,2005-08-11 06:38:50,1,2006-02-16 02:30:53
11215,2005-08-02 12:20:42,379,197,2005-08-06 14:01:42,1,2006-02-16 02:30:53
11216,2005-08-02 12:23:43,1109,473,2005-08-03 13:19:43,1,2006-02-16 02:30:53
11217,2005-08-02 12:26:31,1201,417,2005-08-09 09:53:31,2,2006-02-16 02:30:53
11218,2005-08-02 12:29:12,1126,500,2005-08-10 16:13:12,2,2006-02-16 02:30:53
11219,2005-08-02 12:30:20,2889,461,2005-08-08 13:42:20,2,2006-02-16 02:30:53
11220,2005-08-02 12:31:41,3777,84,2005-08-05 08:23:41,2,2006-02-16 02:30:53
11221,2005-08-02 12:32:12,1689,146,2005-08-03 17:13:12,1,2006-02-16 02:30:53
11222,2005-08-02 12:32:28,1780,407,2005-08-11 18:15:28,2,2006-02-16 02:30:53
11223,2005-08-02 12:34:27,1994,597,2005-08-07 14:21:27,1,2006-02-16 02:30:53
11224,2005-08-02 12:40:38,3938,181,2005-08-04 10:02:38,2,2006-02-16 02:30:53
11225,2005-08-02 12:43:27,3721,159,2005-08-04 18:41:27,2,2006-02-16 02:30:53
11226,2005-08-02 12:47:30,79,282,2005-08-06 11:24:30,1,2006-02-16 02:30:53
11227,2005-08-02 12:48:05,1101,65,2005-08-11 14:08:05,1,2006-02-16 02:30:53
11228,2005-08-02 12:55:23,2561,144,2005-08-08 12:31:23,1,2006-02-16 02:30:53
11229,2005-08-02 12:56:37,941,332,2005-08-11 11:13:37,2,2006-02-16 02:30:53
11230,2005-08-02 12:59:08,1463,257,2005-08-04 13:42:08,1,2006-02-16 02:30:53
11231,2005-08-02 13:02:11,1100,90,2005-08-07 10:05:11,2,2006-02-16 02:30:53
11232,2005-08-02 13:04:12,971,8,2005-08-10 15:39:12,1,2006-02-16 02:30:53
11233,2005-08-02 13:06:11,2221,266,2005-08-08 15:02:11,1,2006-02-16 02:30:53
11234,2005-08-02 13:12:17,1020,27,2005-08-05 17:37:17,1,2006-02-16 02:30:53
11235,2005-08-02 13:13:21,2501,127,2005-08-03 07:17:21,1,2006-02-16 02:30:53
11236,2005-08-02 13:17:21,145,420,2005-08-09 09:53:21,2,2006-02-16 02:30:53
11237,2005-08-02 13:24:01,2668,426,2005-08-05 11:41:01,2,2006-02-16 02:30:53
11238,2005-08-02 13:25:50,2705,506,2005-08-08 19:12:50,2,2006-02-16 02:30:53
11239,2005-08-02 13:27:11,189,111,2005-08-03 14:36:11,1,2006-02-16 02:30:53
11240,2005-08-02 13:28:30,2170,597,2005-08-05 11:40:30,1,2006-02-16 02:30:53
11241,2005-08-02 13:29:24,3657,543,2005-08-11 11:36:24,2,2006-02-16 02:30:53
11242,2005-08-02 13:32:00,1041,434,2005-08-10 19:24:00,2,2006-02-16 02:30:53
11243,2005-08-02 13:32:48,2517,361,2005-08-11 18:55:48,1,2006-02-16 02:30:53
11244,2005-08-02 13:33:24,3423,142,2005-08-10 10:18:24,2,2006-02-16 02:30:53
11245,2005-08-02 13:33:50,2609,92,2005-08-04 10:20:50,2,2006-02-16 02:30:53
11246,2005-08-02 13:33:56,3577,550,2005-08-03 08:52:56,2,2006-02-16 02:30:53
11247,2005-08-02 13:34:08,1661,441,2005-08-06 16:23:08,2,2006-02-16 02:30:53
11248,2005-08-02 13:35:34,4139,312,2005-08-03 10:37:34,1,2006-02-16 02:30:53
11249,2005-08-02 13:35:40,3394,157,2005-08-07 11:22:40,1,2006-02-16 02:30:53
11250,2005-08-02 13:35:42,2223,279,2005-08-10 12:32:42,2,2006-02-16 02:30:53
11251,2005-08-02 13:40:49,2181,532,2005-08-09 14:16:49,2,2006-02-16 02:30:53
11252,2005-08-02 13:42:13,2410,337,2005-08-06 19:04:13,2,2006-02-16 02:30:53
11253,2005-08-02 13:42:44,2898,303,2005-08-09 17:06:44,2,2006-02-16 02:30:53
11254,2005-08-02 13:43:49,56,315,2005-08-08 13:16:49,1,2006-02-16 02:30:53
11255,2005-08-02 13:44:30,3393,569,2005-08-03 12:00:30,1,2006-02-16 02:30:53
11256,2005-08-02 13:44:53,2060,2,2005-08-04 16:39:53,1,2006-02-16 02:30:53
11257,2005-08-02 13:45:05,105,468,2005-08-11 16:37:05,1,2006-02-16 02:30:53
11258,2005-08-02 13:45:39,1576,242,2005-08-06 07:57:39,1,2006-02-16 02:30:53
11259,2005-08-02 13:46:30,896,330,2005-08-07 14:03:30,1,2006-02-16 02:30:53
11260,2005-08-02 13:52:19,4015,207,2005-08-06 08:13:19,2,2006-02-16 02:30:53
11261,2005-08-02 13:54:26,31,204,2005-08-10 19:04:26,2,2006-02-16 02:30:53
11262,2005-08-02 13:58:55,71,348,2005-08-05 18:09:55,2,2006-02-16 02:30:53
11263,2005-08-02 14:02:19,1189,421,2005-08-07 14:03:19,2,2006-02-16 02:30:53
11264,2005-08-02 14:05:18,3420,360,2005-08-10 08:46:18,2,2006-02-16 02:30:53
11265,2005-08-02 14:05:42,3870,531,2005-08-11 15:27:42,2,2006-02-16 02:30:53
11266,2005-08-02 14:07:35,3972,99,2005-08-04 13:31:35,1,2006-02-16 02:30:53
11267,2005-08-02 14:09:08,2045,244,2005-08-10 12:33:08,1,2006-02-16 02:30:53
11268,2005-08-02 14:10:39,3275,558,2005-08-04 14:35:39,1,2006-02-16 02:30:53
11269,2005-08-02 14:11:41,2398,297,2005-08-08 18:53:41,1,2006-02-16 02:30:53
11270,2005-08-02 14:18:07,1882,418,2005-08-03 08:20:07,1,2006-02-16 02:30:53
11271,2005-08-02 14:18:22,4323,93,2005-08-07 09:35:22,2,2006-02-16 02:30:53
11272,2005-08-02 14:20:27,4111,158,2005-08-07 12:24:27,2,2006-02-16 02:30:53
11273,2005-08-02 14:20:55,3383,541,2005-08-07 12:57:55,1,2006-02-16 02:30:53
11274,2005-08-02 14:24:08,1253,70,2005-08-11 14:56:08,1,2006-02-16 02:30:53
11275,2005-08-02 14:25:58,2838,464,2005-08-07 11:20:58,1,2006-02-16 02:30:53
11276,2005-08-02 14:28:46,4226,190,2005-08-04 14:00:46,1,2006-02-16 02:30:53
11277,2005-08-02 14:28:50,2050,68,2005-08-04 13:50:50,1,2006-02-16 02:30:53
11278,2005-08-02 14:29:43,961,143,2005-08-07 10:13:43,1,2006-02-16 02:30:53
11279,2005-08-02 14:30:03,151,125,2005-08-10 09:49:03,2,2006-02-16 02:30:53
11280,2005-08-02 14:34:33,1846,134,2005-08-08 15:40:33,2,2006-02-16 02:30:53
11281,2005-08-02 14:35:01,2210,137,2005-08-07 17:28:01,1,2006-02-16 02:30:53
11282,2005-08-02 14:35:03,1824,273,2005-08-03 16:02:03,2,2006-02-16 02:30:53
11283,2005-08-02 14:39:46,312,134,2005-08-05 10:19:46,2,2006-02-16 02:30:53
11284,2005-08-02 14:42:45,172,8,2005-08-04 11:55:45,2,2006-02-16 02:30:53
11285,2005-08-02 14:44:02,3849,585,2005-08-11 16:45:02,2,2006-02-16 02:30:53
11286,2005-08-02 14:44:22,1319,207,2005-08-10 09:01:22,2,2006-02-16 02:30:53
11287,2005-08-02 14:49:51,927,55,2005-08-09 09:19:51,2,2006-02-16 02:30:53
11288,2005-08-02 14:54:08,1478,298,2005-08-11 12:22:08,1,2006-02-16 02:30:53
11289,2005-08-02 14:55:00,2869,10,2005-08-11 13:57:00,1,2006-02-16 02:30:53
11290,2005-08-02 14:57:44,425,582,2005-08-09 19:36:44,2,2006-02-16 02:30:53
11291,2005-08-02 14:57:58,491,417,2005-08-11 09:04:58,2,2006-02-16 02:30:53
11292,2005-08-02 14:58:41,210,13,2005-08-06 14:38:41,2,2006-02-16 02:30:53
11293,2005-08-02 15:00:43,1514,475,2005-08-11 17:49:43,1,2006-02-16 02:30:53
11294,2005-08-02 15:08:27,855,411,2005-08-03 18:28:27,1,2006-02-16 02:30:53
11295,2005-08-02 15:10:06,423,67,2005-08-10 09:52:06,1,2006-02-16 02:30:53
11296,2005-08-02 15:15:27,247,154,2005-08-11 16:12:27,1,2006-02-16 02:30:53
11297,2005-08-02 15:22:47,2531,62,2005-08-11 18:45:47,1,2006-02-16 02:30:53
11298,2005-08-02 15:32:32,1663,35,2005-08-06 20:22:32,1,2006-02-16 02:30:53
11299,2005-08-02 15:36:52,3232,1,2005-08-10 16:40:52,2,2006-02-16 02:30:53
11300,2005-08-02 15:37:42,3032,552,2005-08-11 14:25:42,1,2006-02-16 02:30:53
11301,2005-08-02 15:37:59,676,502,2005-08-04 10:57:59,2,2006-02-16 02:30:53
11302,2005-08-02 15:38:03,1918,51,2005-08-09 10:33:03,2,2006-02-16 02:30:53
11303,2005-08-02 15:39:18,1817,417,2005-08-05 10:59:18,1,2006-02-16 02:30:53
11304,2005-08-02 15:40:10,2592,413,2005-08-06 16:12:10,2,2006-02-16 02:30:53
11305,2005-08-02 15:44:55,1690,341,2005-08-08 16:42:55,2,2006-02-16 02:30:53
11306,2005-08-02 15:45:10,13,247,2005-08-03 21:14:10,2,2006-02-16 02:30:53
11307,2005-08-02 15:48:08,1490,15,2005-08-06 20:33:08,2,2006-02-16 02:30:53
11308,2005-08-02 15:50:44,699,16,2005-08-05 11:38:44,2,2006-02-16 02:30:53
11309,2005-08-02 15:50:55,607,275,2005-08-09 18:28:55,1,2006-02-16 02:30:53
11310,2005-08-02 15:51:58,3601,415,2005-08-07 12:34:58,1,2006-02-16 02:30:53
11311,2005-08-02 15:53:48,204,197,2005-08-03 16:32:48,1,2006-02-16 02:30:53
11312,2005-08-02 15:56:51,1093,190,2005-08-07 20:56:51,2,2006-02-16 02:30:53
11313,2005-08-02 16:02:51,2689,419,2005-08-03 14:54:51,1,2006-02-16 02:30:53
11314,2005-08-02 16:04:08,2790,26,2005-08-04 18:47:08,1,2006-02-16 02:30:53
11315,2005-08-02 16:05:17,1116,13,2005-08-05 16:33:17,1,2006-02-16 02:30:53
11316,2005-08-02 16:07:49,521,108,2005-08-10 13:22:49,1,2006-02-16 02:30:53
11317,2005-08-02 16:08:52,1889,502,2005-08-08 21:12:52,1,2006-02-16 02:30:53
11318,2005-08-02 16:09:11,2386,532,2005-08-07 11:28:11,2,2006-02-16 02:30:53
11319,2005-08-02 16:10:09,4069,178,2005-08-09 11:21:09,2,2006-02-16 02:30:53
11320,2005-08-02 16:13:28,3362,550,2005-08-05 21:23:28,1,2006-02-16 02:30:53
11321,2005-08-02 16:15:07,205,266,2005-08-04 20:35:07,2,2006-02-16 02:30:53
11322,2005-08-02 16:23:17,761,418,2005-08-09 19:55:17,2,2006-02-16 02:30:53
11323,2005-08-02 16:29:57,3784,419,2005-08-06 16:01:57,1,2006-02-16 02:30:53
11324,2005-08-02 16:31:17,2900,540,2005-08-08 15:38:17,2,2006-02-16 02:30:53
11325,2005-08-02 16:33:11,4514,422,2005-08-08 13:42:11,1,2006-02-16 02:30:53
11326,2005-08-02 16:34:29,1762,530,2005-08-03 17:40:29,2,2006-02-16 02:30:53
11327,2005-08-02 16:40:47,773,361,2005-08-03 22:13:47,1,2006-02-16 02:30:53
11328,2005-08-02 16:42:38,2031,219,2005-08-04 21:02:38,1,2006-02-16 02:30:53
11329,2005-08-02 16:42:52,2677,399,2005-08-08 16:45:52,1,2006-02-16 02:30:53
11330,2005-08-02 16:45:33,4326,75,2005-08-04 15:15:33,2,2006-02-16 02:30:53
11331,2005-08-02 16:49:01,3789,568,2005-08-09 19:15:01,1,2006-02-16 02:30:53
11332,2005-08-02 16:52:57,2381,467,2005-08-04 14:13:57,1,2006-02-16 02:30:53
11333,2005-08-02 16:53:00,3335,225,2005-08-07 20:49:00,2,2006-02-16 02:30:53
11334,2005-08-02 16:53:20,1504,560,2005-08-11 20:47:20,1,2006-02-16 02:30:53
11335,2005-08-02 16:57:37,2968,157,2005-08-09 19:43:37,1,2006-02-16 02:30:53
11336,2005-08-02 16:58:56,1949,473,2005-08-06 16:56:56,1,2006-02-16 02:30:53
11337,2005-08-02 16:59:09,3428,366,2005-08-10 20:41:09,2,2006-02-16 02:30:53
11338,2005-08-02 17:00:12,3689,26,2005-08-03 18:54:12,1,2006-02-16 02:30:53
11339,2005-08-02 17:02:06,705,263,2005-08-08 21:12:06,1,2006-02-16 02:30:53
11340,2005-08-02 17:05:43,1403,366,2005-08-09 13:25:43,1,2006-02-16 02:30:53
11341,2005-08-02 17:09:24,3586,15,2005-08-09 19:48:24,2,2006-02-16 02:30:53
11342,2005-08-02 17:11:35,4251,179,2005-08-07 15:04:35,1,2006-02-16 02:30:53
11343,2005-08-02 17:12:30,564,466,2005-08-09 12:08:30,1,2006-02-16 02:30:53
11344,2005-08-02 17:13:26,365,38,2005-08-07 16:44:26,1,2006-02-16 02:30:53
11345,2005-08-02 17:14:19,1895,405,2005-08-11 14:02:19,2,2006-02-16 02:30:53
11346,2005-08-02 17:15:38,584,100,2005-08-04 13:31:38,2,2006-02-16 02:30:53
11347,2005-08-02 17:18:07,195,217,2005-08-05 12:30:07,1,2006-02-16 02:30:53
11348,2005-08-02 17:18:38,1704,389,2005-08-06 16:11:38,2,2006-02-16 02:30:53
11349,2005-08-02 17:21:49,1871,73,2005-08-06 18:40:49,1,2006-02-16 02:30:53
11350,2005-08-02 17:22:59,1265,598,2005-08-09 19:56:59,2,2006-02-16 02:30:53
11351,2005-08-02 17:28:07,242,198,2005-08-09 21:55:07,1,2006-02-16 02:30:53
11352,2005-08-02 17:29:39,2760,546,2005-08-10 15:31:39,1,2006-02-16 02:30:53
11353,2005-08-02 17:34:45,1729,444,2005-08-09 16:01:45,1,2006-02-16 02:30:53
11354,2005-08-02 17:35:10,1887,569,2005-08-09 12:07:10,2,2006-02-16 02:30:53
11355,2005-08-02 17:37:43,2673,185,2005-08-05 19:59:43,1,2006-02-16 02:30:53
11356,2005-08-02 17:42:40,303,200,2005-08-11 23:29:40,1,2006-02-16 02:30:53
11357,2005-08-02 17:42:49,2644,148,2005-08-11 18:14:49,1,2006-02-16 02:30:53
11358,2005-08-02 17:45:02,2361,56,2005-08-11 18:16:02,1,2006-02-16 02:30:53
11359,2005-08-02 17:45:55,1648,466,2005-08-10 20:53:55,2,2006-02-16 02:30:53
11360,2005-08-02 17:46:04,1750,66,2005-08-04 21:02:04,2,2006-02-16 02:30:53
11361,2005-08-02 17:46:34,1124,547,2005-08-03 15:21:34,1,2006-02-16 02:30:53
11362,2005-08-02 17:47:25,2628,331,2005-08-07 20:14:25,1,2006-02-16 02:30:53
11363,2005-08-02 17:48:39,3190,274,2005-08-05 17:20:39,1,2006-02-16 02:30:53
11364,2005-08-02 17:53:36,4515,44,2005-08-03 14:16:36,1,2006-02-16 02:30:53
11365,2005-08-02 18:00:09,1151,508,2005-08-04 13:40:09,2,2006-02-16 02:30:53
11366,2005-08-02 18:01:25,3583,280,2005-08-11 15:02:25,1,2006-02-16 02:30:53
11367,2005-08-02 18:01:38,1440,1,2005-08-04 13:19:38,1,2006-02-16 02:30:53
11368,2005-08-02 18:03:05,866,153,2005-08-07 20:40:05,1,2006-02-16 02:30:53
11369,2005-08-02 18:04:41,2480,480,2005-08-09 18:41:41,1,2006-02-16 02:30:53
11370,2005-08-02 18:06:01,3077,146,2005-08-04 15:10:01,1,2006-02-16 02:30:53
11371,2005-08-02 18:07:36,324,561,2005-08-06 17:52:36,1,2006-02-16 02:30:53
11372,2005-08-02 18:10:50,796,327,2005-08-07 17:58:50,1,2006-02-16 02:30:53
11373,2005-08-02 18:14:12,181,267,2005-08-06 23:37:12,1,2006-02-16 02:30:53
11374,2005-08-02 18:14:54,2805,424,2005-08-04 18:22:54,1,2006-02-16 02:30:53
11375,2005-08-02 18:14:56,1064,346,2005-08-08 23:29:56,1,2006-02-16 02:30:53
11376,2005-08-02 18:16:00,2530,177,2005-08-11 23:38:00,2,2006-02-16 02:30:53
11377,2005-08-02 18:16:47,3334,119,2005-08-08 13:46:47,1,2006-02-16 02:30:53
11378,2005-08-02 18:16:52,3824,188,2005-08-03 14:25:52,1,2006-02-16 02:30:53
11379,2005-08-02 18:16:55,251,61,2005-08-07 18:12:55,1,2006-02-16 02:30:53
11380,2005-08-02 18:17:32,1046,551,2005-08-03 19:26:32,2,2006-02-16 02:30:53
11381,2005-08-02 18:19:29,993,451,2005-08-08 20:39:29,2,2006-02-16 02:30:53
11382,2005-08-02 18:20:52,3848,407,2005-08-07 17:06:52,1,2006-02-16 02:30:53
11383,2005-08-02 18:22:05,257,445,2005-08-11 17:18:05,1,2006-02-16 02:30:53
11384,2005-08-02 18:23:01,2840,225,2005-08-05 17:59:01,1,2006-02-16 02:30:53
11385,2005-08-02 18:23:11,2478,192,2005-08-06 12:37:11,1,2006-02-16 02:30:53
11386,2005-08-02 18:24:03,519,183,2005-08-06 21:22:03,1,2006-02-16 02:30:53
11387,2005-08-02 18:32:38,2491,481,2005-08-07 19:08:38,2,2006-02-16 02:30:53
11388,2005-08-02 18:35:55,477,369,2005-08-09 21:56:55,1,2006-02-16 02:30:53
11389,2005-08-02 18:39:12,3267,270,2005-08-03 23:23:12,2,2006-02-16 02:30:53
11390,2005-08-02 18:39:16,3135,294,2005-08-04 21:43:16,1,2006-02-16 02:30:53
11391,2005-08-02 18:40:12,2039,403,2005-08-10 15:55:12,1,2006-02-16 02:30:53
11392,2005-08-02 18:41:11,261,146,2005-08-11 21:41:11,1,2006-02-16 02:30:53
11393,2005-08-02 18:44:29,1033,501,2005-08-11 23:58:29,1,2006-02-16 02:30:53
11394,2005-08-02 18:44:45,2087,257,2005-08-06 22:51:45,2,2006-02-16 02:30:53
11395,2005-08-02 18:47:44,4234,225,2005-08-10 17:07:44,2,2006-02-16 02:30:53
11396,2005-08-02 18:48:29,1155,59,2005-08-04 16:05:29,2,2006-02-16 02:30:53
11397,2005-08-02 18:53:14,2566,470,2005-08-09 18:09:14,1,2006-02-16 02:30:53
11398,2005-08-02 18:55:15,3952,6,2005-08-10 19:50:15,2,2006-02-16 02:30:53
11399,2005-08-02 18:56:28,2094,565,2005-08-11 23:19:28,1,2006-02-16 02:30:53
11400,2005-08-02 19:00:52,3150,9,2005-08-09 19:45:52,2,2006-02-16 02:30:53
11401,2005-08-02 19:05:06,1799,544,2005-08-09 22:34:06,1,2006-02-16 02:30:53
11402,2005-08-02 19:07:21,3291,561,2005-08-07 20:59:21,1,2006-02-16 02:30:53
11403,2005-08-02 19:10:21,4072,587,2005-08-04 00:44:21,2,2006-02-16 02:30:53
11404,2005-08-02 19:12:40,3285,60,2005-08-11 22:38:40,2,2006-02-16 02:30:53
11405,2005-08-02 19:13:39,418,10,2005-08-07 19:19:39,2,2006-02-16 02:30:53
11406,2005-08-02 19:16:10,2502,525,2005-08-04 20:51:10,2,2006-02-16 02:30:53
11407,2005-08-02 19:18:43,3437,513,2005-08-08 16:15:43,2,2006-02-16 02:30:53
11408,2005-08-02 19:25:13,1779,83,2005-08-06 17:12:13,1,2006-02-16 02:30:53
11409,2005-08-02 19:26:51,3691,418,2005-08-07 19:55:51,1,2006-02-16 02:30:53
11410,2005-08-02 19:29:01,692,592,2005-08-11 16:50:01,1,2006-02-16 02:30:53
11411,2005-08-02 19:29:47,1497,141,2005-08-09 16:27:47,2,2006-02-16 02:30:53
11412,2005-08-02 19:32:51,2271,141,2005-08-11 22:16:51,1,2006-02-16 02:30:53
11413,2005-08-02 19:35:19,1115,297,2005-08-05 21:33:19,2,2006-02-16 02:30:53
11414,2005-08-02 19:43:07,1772,353,2005-08-07 15:22:07,2,2006-02-16 02:30:53
11415,2005-08-02 19:43:38,2197,572,2005-08-10 15:13:38,1,2006-02-16 02:30:53
11416,2005-08-02 19:44:04,1848,58,2005-08-11 15:30:04,1,2006-02-16 02:30:53
11417,2005-08-02 19:44:46,3083,437,2005-08-11 21:43:46,2,2006-02-16 02:30:53
11418,2005-08-02 19:45:33,4490,91,2005-08-06 17:40:33,1,2006-02-16 02:30:53
11419,2005-08-02 19:46:38,514,444,2005-08-11 14:49:38,1,2006-02-16 02:30:53
11420,2005-08-02 19:47:56,3928,158,2005-08-05 21:48:56,2,2006-02-16 02:30:53
11421,2005-08-02 19:51:53,3361,473,2005-08-12 00:50:53,2,2006-02-16 02:30:53
11422,2005-08-02 19:52:08,342,72,2005-08-11 18:40:08,2,2006-02-16 02:30:53
11423,2005-08-02 19:57:13,3431,241,2005-08-06 00:54:13,2,2006-02-16 02:30:53
11424,2005-08-02 19:57:42,1030,84,2005-08-10 16:57:42,2,2006-02-16 02:30:53
11425,2005-08-02 19:58:48,989,419,2005-08-03 19:30:48,2,2006-02-16 02:30:53
11426,2005-08-02 20:00:09,130,572,2005-08-09 01:30:09,2,2006-02-16 02:30:53
11427,2005-08-02 20:02:39,3287,403,2005-08-04 22:26:39,2,2006-02-16 02:30:53
11428,2005-08-02 20:03:10,722,326,2005-08-04 01:55:10,1,2006-02-16 02:30:53
11429,2005-08-02 20:03:52,1098,348,2005-08-10 16:38:52,2,2006-02-16 02:30:53
11430,2005-08-02 20:04:36,2258,140,2005-08-08 19:43:36,1,2006-02-16 02:30:53
11431,2005-08-02 20:05:16,1409,271,2005-08-04 00:05:16,2,2006-02-16 02:30:53
11432,2005-08-02 20:10:01,959,540,2005-08-07 01:28:01,1,2006-02-16 02:30:53
11433,2005-08-02 20:13:10,1,518,2005-08-11 21:35:10,1,2006-02-16 02:30:53
11434,2005-08-02 20:13:14,3154,391,2005-08-05 15:01:14,1,2006-02-16 02:30:53
11435,2005-08-02 20:14:23,1625,502,2005-08-05 20:40:23,1,2006-02-16 02:30:53
11436,2005-08-02 20:16:06,3834,106,2005-08-05 20:40:06,2,2006-02-16 02:30:53
11437,2005-08-02 20:20:06,2679,225,2005-08-05 22:17:06,2,2006-02-16 02:30:53
11438,2005-08-02 20:21:08,1040,372,2005-08-10 22:12:08,1,2006-02-16 02:30:53
11439,2005-08-02 20:22:45,2897,18,2005-08-04 18:30:45,1,2006-02-16 02:30:53
11440,2005-08-02 20:24:02,2727,306,2005-08-07 16:42:02,2,2006-02-16 02:30:53
11441,2005-08-02 20:25:41,1027,389,2005-08-05 00:05:41,2,2006-02-16 02:30:53
11442,2005-08-02 20:26:19,2598,208,2005-08-07 00:33:19,2,2006-02-16 02:30:53
11443,2005-08-02 20:29:30,1291,581,2005-08-07 01:08:30,2,2006-02-16 02:30:53
11444,2005-08-02 20:32:55,1419,28,2005-08-08 23:21:55,2,2006-02-16 02:30:53
11445,2005-08-02 20:33:35,3340,108,2005-08-08 16:02:35,2,2006-02-16 02:30:53
11446,2005-08-02 20:33:37,748,342,2005-08-03 18:22:37,1,2006-02-16 02:30:53
11447,2005-08-02 20:36:25,3868,508,2005-08-07 18:52:25,1,2006-02-16 02:30:53
11448,2005-08-02 20:44:33,1185,496,2005-08-05 22:58:33,2,2006-02-16 02:30:53
11449,2005-08-02 20:44:43,3279,443,2005-08-07 23:47:43,2,2006-02-16 02:30:53
11450,2005-08-02 20:45:54,2009,214,2005-08-08 17:17:54,2,2006-02-16 02:30:53
11451,2005-08-02 20:45:56,776,515,2005-08-06 21:42:56,2,2006-02-16 02:30:53
11452,2005-08-02 20:59:52,1245,35,2005-08-12 01:16:52,1,2006-02-16 02:30:53
11453,2005-08-02 21:00:05,4578,84,2005-08-08 22:03:05,2,2006-02-16 02:30:53
11454,2005-08-02 21:04:39,2901,199,2005-08-05 19:03:39,1,2006-02-16 02:30:53
11455,2005-08-02 21:07:06,2000,498,2005-08-12 01:21:06,1,2006-02-16 02:30:53
11456,2005-08-02 21:14:04,3638,322,2005-08-07 19:49:04,2,2006-02-16 02:30:53
11457,2005-08-02 21:14:16,1642,379,2005-08-10 02:39:16,2,2006-02-16 02:30:53
11458,2005-08-02 21:24:02,3514,575,2005-08-04 01:32:02,2,2006-02-16 02:30:53
11459,2005-08-02 21:25:25,3730,392,2005-08-04 19:57:25,2,2006-02-16 02:30:53
11460,2005-08-02 21:28:03,4113,403,2005-08-08 18:24:03,1,2006-02-16 02:30:53
11461,2005-08-02 21:35:00,4343,65,2005-08-05 01:34:00,1,2006-02-16 02:30:53
11462,2005-08-02 21:36:46,167,268,2005-08-10 01:48:46,1,2006-02-16 02:30:53
11463,2005-08-02 21:37:36,1944,138,2005-08-08 03:11:36,2,2006-02-16 02:30:53
11464,2005-08-02 21:42:07,538,577,2005-08-03 21:44:07,2,2006-02-16 02:30:53
11465,2005-08-02 21:43:52,2190,447,2005-08-10 22:24:52,1,2006-02-16 02:30:53
11466,2005-08-02 21:46:46,3363,556,2005-08-06 01:42:46,1,2006-02-16 02:30:53
11467,2005-08-02 21:47:07,246,117,2005-08-09 00:50:07,1,2006-02-16 02:30:53
11468,2005-08-02 21:47:26,3168,413,2005-08-05 02:30:26,2,2006-02-16 02:30:53
11469,2005-08-02 21:48:09,230,77,2005-08-06 18:37:09,1,2006-02-16 02:30:53
11470,2005-08-02 21:48:28,2379,346,2005-08-05 23:58:28,2,2006-02-16 02:30:53
11471,2005-08-02 21:49:03,3378,355,2005-08-08 00:17:03,1,2006-02-16 02:30:53
11472,2005-08-02 21:49:06,1829,410,2005-08-11 20:17:06,1,2006-02-16 02:30:53
11473,2005-08-02 21:52:03,620,536,2005-08-09 02:01:03,1,2006-02-16 02:30:53
11474,2005-08-02 21:53:08,574,214,2005-08-05 22:36:08,1,2006-02-16 02:30:53
11475,2005-08-02 21:55:09,3687,194,2005-08-09 20:28:09,2,2006-02-16 02:30:53
11476,2005-08-02 22:03:47,724,144,2005-08-09 02:19:47,1,2006-02-16 02:30:53
11477,2005-08-02 22:09:01,1671,47,2005-08-07 03:46:01,2,2006-02-16 02:30:53
11478,2005-08-02 22:09:05,3932,197,2005-08-04 18:02:05,1,2006-02-16 02:30:53
11479,2005-08-02 22:18:13,4077,237,2005-08-12 00:43:13,1,2006-02-16 02:30:53
11480,2005-08-02 22:18:24,4161,14,2005-08-04 21:22:24,2,2006-02-16 02:30:53
11481,2005-08-02 22:18:41,4028,234,2005-08-09 23:43:41,2,2006-02-16 02:30:53
11482,2005-08-02 22:24:31,1400,134,2005-08-04 01:48:31,1,2006-02-16 02:30:53
11483,2005-08-02 22:28:22,1586,45,2005-08-11 18:06:22,1,2006-02-16 02:30:53
11484,2005-08-02 22:28:23,330,165,2005-08-04 20:51:23,2,2006-02-16 02:30:53
11485,2005-08-02 22:33:25,1872,326,2005-08-04 23:26:25,2,2006-02-16 02:30:53
11486,2005-08-02 22:34:06,1610,236,2005-08-09 00:46:06,2,2006-02-16 02:30:53
11487,2005-08-02 22:35:05,734,239,2005-08-08 00:54:05,2,2006-02-16 02:30:53
11488,2005-08-02 22:35:15,2520,45,2005-08-09 00:28:15,2,2006-02-16 02:30:53
11489,2005-08-02 22:35:28,3001,474,2005-08-04 00:29:28,2,2006-02-16 02:30:53
11490,2005-08-02 22:36:00,1178,156,2005-08-09 16:36:00,1,2006-02-16 02:30:53
11491,2005-08-02 22:44:50,268,307,2005-08-11 01:55:50,2,2006-02-16 02:30:53
11492,2005-08-02 22:46:47,4037,349,2005-08-09 19:54:47,2,2006-02-16 02:30:53
11493,2005-08-02 22:47:00,3375,124,2005-08-10 20:53:00,2,2006-02-16 02:30:53
11494,2005-08-02 22:51:23,3994,579,2005-08-09 01:52:23,1,2006-02-16 02:30:53
11495,2005-08-16 22:51:20,1265,247,2005-08-23 00:44:20,1,2006-02-16 02:30:53
11496,2006-02-14 15:16:03,2047,155,,1,2006-02-16 02:30:53
11497,2005-08-16 22:52:30,436,12,2005-08-21 19:52:30,1,2006-02-16 02:30:53
11498,2005-08-16 22:52:54,487,482,2005-08-25 03:27:54,2,2006-02-16 02:30:53
11499,2005-08-16 22:54:12,3857,172,2005-08-24 03:37:12,2,2006-02-16 02:30:53
11500,2005-08-16 23:01:22,4003,584,2005-08-24 22:54:22,1,2006-02-16 02:30:53
11501,2005-08-16 23:04:53,2147,23,2005-08-19 20:57:53,2,2006-02-16 02:30:53
11502,2005-08-16 23:06:30,4470,11,2005-08-19 03:49:30,1,2006-02-16 02:30:53
11503,2005-08-16 23:10:34,1496,526,2005-08-25 03:55:34,1,2006-02-16 02:30:53
11504,2005-08-16 23:16:46,2132,350,2005-08-18 20:49:46,2,2006-02-16 02:30:53
11505,2005-08-16 23:18:47,3344,34,2005-08-23 19:52:47,2,2006-02-16 02:30:53
11506,2005-08-16 23:25:48,1529,565,2005-08-22 18:17:48,1,2006-02-16 02:30:53
11507,2005-08-16 23:26:43,4197,236,2005-08-24 22:48:43,2,2006-02-16 02:30:53
11508,2005-08-16 23:27:36,2688,19,2005-08-25 01:34:36,2,2006-02-16 02:30:53
11509,2005-08-16 23:29:53,2750,273,2005-08-19 02:09:53,1,2006-02-16 02:30:53
11510,2005-08-16 23:30:07,2997,400,2005-08-25 17:35:07,1,2006-02-16 02:30:53
11511,2005-08-16 23:39:59,2127,397,2005-08-18 18:04:59,1,2006-02-16 02:30:53
11512,2005-08-16 23:51:06,1248,373,2005-08-26 02:06:06,2,2006-02-16 02:30:53
11513,2005-08-16 23:51:33,4473,499,2005-08-24 01:37:33,2,2006-02-16 02:30:53
11514,2005-08-16 23:53:10,4240,423,2005-08-23 22:04:10,1,2006-02-16 02:30:53
11515,2005-08-16 23:54:34,1053,279,2005-08-21 19:00:34,1,2006-02-16 02:30:53
11516,2005-08-16 23:54:47,1860,90,2005-08-17 20:05:47,1,2006-02-16 02:30:53
11517,2005-08-16 23:56:28,4266,280,2005-08-21 22:40:28,1,2006-02-16 02:30:53
11518,2005-08-16 23:59:49,3297,407,2005-08-17 22:51:49,2,2006-02-16 02:30:53
11519,2005-08-17 00:01:27,1034,381,2005-08-19 04:54:27,2,2006-02-16 02:30:53
11520,2005-08-17 00:04:28,3536,119,2005-08-26 02:03:28,1,2006-02-16 02:30:53
11521,2005-08-17 00:04:54,463,229,2005-08-21 00:57:54,1,2006-02-16 02:30:53
11522,2005-08-17 00:05:05,2033,599,2005-08-24 04:56:05,1,2006-02-16 02:30:53
11523,2005-08-17 00:10:10,1329,421,2005-08-24 22:39:10,1,2006-02-16 02:30:53
11524,2005-08-17 00:10:55,317,533,2005-08-23 05:30:55,1,2006-02-16 02:30:53
11525,2005-08-17 00:15:31,1107,174,2005-08-20 21:14:31,1,2006-02-16 02:30:53
11526,2005-08-17 00:17:38,2419,572,2005-08-18 03:59:38,2,2006-02-16 02:30:53
11527,2005-08-17 00:25:06,162,264,2005-08-22 21:13:06,1,2006-02-16 02:30:53
11528,2005-08-17 00:27:23,893,14,2005-08-22 06:12:23,2,2006-02-16 02:30:53
11529,2005-08-17 00:28:01,3071,4,2005-08-19 04:47:01,2,2006-02-16 02:30:53
11530,2005-08-17 00:29:00,365,400,2005-08-22 03:22:00,1,2006-02-16 02:30:53
11531,2005-08-17 00:30:04,1817,278,2005-08-20 01:12:04,2,2006-02-16 02:30:53
11532,2005-08-17 00:34:14,1947,413,2005-08-22 19:37:14,2,2006-02-16 02:30:53
11533,2005-08-17 00:34:53,4252,264,2005-08-22 06:10:53,1,2006-02-16 02:30:53
11534,2005-08-17 00:35:27,2414,144,2005-08-24 01:36:27,1,2006-02-16 02:30:53
11535,2005-08-17 00:39:54,1649,356,2005-08-24 20:46:54,2,2006-02-16 02:30:53
11536,2005-08-17 00:40:03,2735,428,2005-08-21 19:11:03,1,2006-02-16 02:30:53
11537,2005-08-17 00:41:08,190,474,2005-08-19 00:25:08,2,2006-02-16 02:30:53
11538,2005-08-17 00:44:04,554,431,2005-08-18 03:43:04,2,2006-02-16 02:30:53
11539,2005-08-17 00:45:41,2064,264,2005-08-19 06:03:41,1,2006-02-16 02:30:53
11540,2005-08-17 00:48:03,3385,370,2005-08-25 03:46:03,1,2006-02-16 02:30:53
11541,2006-02-14 15:16:03,2026,335,,1,2006-02-16 02:30:53
11542,2005-08-17 00:51:32,2155,7,2005-08-24 20:29:32,2,2006-02-16 02:30:53
11543,2005-08-17 00:54:28,2860,238,2005-08-25 04:31:28,2,2006-02-16 02:30:53
11544,2005-08-17 00:55:07,836,439,2005-08-22 19:25:07,1,2006-02-16 02:30:53
11545,2005-08-17 00:56:06,3198,257,2005-08-25 22:47:06,1,2006-02-16 02:30:53
11546,2005-08-17 00:57:36,2522,24,2005-08-18 23:16:36,1,2006-02-16 02:30:53
11547,2005-08-17 00:59:24,737,114,2005-08-20 04:03:24,2,2006-02-16 02:30:53
11548,2005-08-17 00:59:47,480,323,2005-08-22 05:09:47,1,2006-02-16 02:30:53
11549,2005-08-17 01:01:48,945,402,2005-08-19 21:24:48,2,2006-02-16 02:30:53
11550,2005-08-17 01:02:06,2972,339,2005-08-22 21:44:06,1,2006-02-16 02:30:53
11551,2005-08-17 01:03:49,3356,168,2005-08-18 22:31:49,1,2006-02-16 02:30:53
11552,2005-08-17 01:04:29,1143,230,2005-08-23 23:07:29,1,2006-02-16 02:30:53
11553,2005-08-17 01:04:31,3317,360,2005-08-24 00:44:31,1,2006-02-16 02:30:53
11554,2005-08-17 01:05:17,2212,460,2005-08-20 06:20:17,2,2006-02-16 02:30:53
11555,2005-08-17 01:08:59,2569,372,2005-08-18 06:09:59,2,2006-02-16 02:30:53
11556,2005-08-17 01:11:53,373,9,2005-08-18 23:41:53,1,2006-02-16 02:30:53
11557,2005-08-17 01:19:20,2376,416,2005-08-24 02:25:20,1,2006-02-16 02:30:53
11558,2005-08-17 01:19:52,1681,403,2005-08-19 00:47:52,2,2006-02-16 02:30:53
11559,2005-08-17 01:20:26,1812,385,2005-08-24 03:11:26,1,2006-02-16 02:30:53
11560,2005-08-17 01:20:30,2316,320,2005-08-18 04:29:30,2,2006-02-16 02:30:53
11561,2005-08-17 01:23:09,189,149,2005-08-23 21:02:09,2,2006-02-16 02:30:53
12101,2006-02-14 15:16:03,1556,479,,1,2006-02-16 02:30:53
11562,2005-08-17 01:23:39,2992,424,2005-08-26 06:16:39,1,2006-02-16 02:30:53
11563,2006-02-14 15:16:03,1545,83,,1,2006-02-16 02:30:53
11564,2005-08-17 01:27:49,2237,332,2005-08-19 22:07:49,1,2006-02-16 02:30:53
11565,2005-08-17 01:28:05,173,83,2005-08-23 23:33:05,2,2006-02-16 02:30:53
11566,2005-08-17 01:28:35,4020,520,2005-08-20 22:42:35,1,2006-02-16 02:30:53
11567,2005-08-17 01:28:43,567,558,2005-08-24 20:20:43,2,2006-02-16 02:30:53
11568,2005-08-17 01:30:01,183,342,2005-08-18 22:21:01,2,2006-02-16 02:30:53
11569,2005-08-17 01:31:04,2592,504,2005-08-24 03:36:04,2,2006-02-16 02:30:53
11570,2005-08-17 01:34:32,2466,343,2005-08-24 05:47:32,1,2006-02-16 02:30:53
11571,2005-08-17 01:37:51,203,296,2005-08-17 20:30:51,1,2006-02-16 02:30:53
11572,2005-08-17 01:37:55,3512,515,2005-08-19 06:22:55,2,2006-02-16 02:30:53
11573,2005-08-17 01:38:18,639,146,2005-08-19 05:06:18,2,2006-02-16 02:30:53
11574,2005-08-17 01:38:19,3596,277,2005-08-18 20:30:19,2,2006-02-16 02:30:53
11575,2005-08-17 01:50:26,1725,319,2005-08-18 00:43:26,1,2006-02-16 02:30:53
11576,2005-08-17 01:53:20,327,293,2005-08-19 00:15:20,1,2006-02-16 02:30:53
11577,2006-02-14 15:16:03,4106,219,,2,2006-02-16 02:30:53
11578,2005-08-17 01:54:13,192,590,2005-08-26 02:00:13,2,2006-02-16 02:30:53
11579,2005-08-17 01:57:49,4256,356,2005-08-22 02:42:49,1,2006-02-16 02:30:53
11580,2005-08-17 01:59:07,1346,436,2005-08-21 06:18:07,2,2006-02-16 02:30:53
11581,2005-08-17 02:03:02,1249,231,2005-08-24 03:53:02,2,2006-02-16 02:30:53
11582,2005-08-17 02:03:49,2115,339,2005-08-24 03:29:49,1,2006-02-16 02:30:53
11583,2005-08-17 02:08:13,133,542,2005-08-20 23:13:13,2,2006-02-16 02:30:53
11584,2005-08-17 02:13:26,3906,479,2005-08-22 01:24:26,2,2006-02-16 02:30:53
11585,2005-08-17 02:14:36,753,297,2005-08-20 07:37:36,2,2006-02-16 02:30:53
11586,2005-08-17 02:20:42,3140,465,2005-08-26 05:01:42,1,2006-02-16 02:30:53
11587,2005-08-17 02:21:03,1319,156,2005-08-25 21:02:03,2,2006-02-16 02:30:53
11588,2005-08-17 02:26:23,2480,565,2005-08-22 02:32:23,1,2006-02-16 02:30:53
11589,2005-08-17 02:28:22,3480,554,2005-08-25 00:08:22,1,2006-02-16 02:30:53
11590,2005-08-17 02:28:33,3600,491,2005-08-20 03:13:33,1,2006-02-16 02:30:53
11591,2005-08-17 02:29:41,1670,6,2005-08-23 20:47:41,1,2006-02-16 02:30:53
11592,2005-08-17 02:36:04,720,383,2005-08-19 00:31:04,1,2006-02-16 02:30:53
11593,2006-02-14 15:16:03,817,99,,1,2006-02-16 02:30:53
11594,2005-08-17 02:47:02,319,198,2005-08-22 05:14:02,2,2006-02-16 02:30:53
11595,2005-08-17 02:53:14,466,350,2005-08-26 02:05:14,1,2006-02-16 02:30:53
11596,2005-08-17 02:53:55,1674,290,2005-08-26 02:19:55,1,2006-02-16 02:30:53
11597,2005-08-17 03:02:56,4073,272,2005-08-26 04:47:56,1,2006-02-16 02:30:53
11598,2005-08-17 03:03:07,1949,319,2005-08-22 21:05:07,2,2006-02-16 02:30:53
11599,2005-08-17 03:08:10,3749,112,2005-08-25 05:01:10,2,2006-02-16 02:30:53
11600,2005-08-17 03:12:04,1978,400,2005-08-23 07:10:04,1,2006-02-16 02:30:53
11601,2005-08-17 03:14:47,1098,471,2005-08-20 00:21:47,2,2006-02-16 02:30:53
11602,2005-08-17 03:21:19,2082,391,2005-08-19 05:23:19,1,2006-02-16 02:30:53
11603,2005-08-17 03:22:10,3910,406,2005-08-18 06:48:10,1,2006-02-16 02:30:53
11604,2005-08-17 03:28:27,1820,388,2005-08-19 05:38:27,2,2006-02-16 02:30:53
11605,2005-08-17 03:30:57,1292,455,2005-08-24 07:02:57,2,2006-02-16 02:30:53
11606,2005-08-17 03:32:43,4138,499,2005-08-18 04:30:43,1,2006-02-16 02:30:53
11607,2005-08-17 03:36:06,4345,242,2005-08-20 01:06:06,1,2006-02-16 02:30:53
11608,2005-08-17 03:36:52,1673,448,2005-08-25 07:17:52,2,2006-02-16 02:30:53
11609,2005-08-17 03:41:11,351,73,2005-08-25 01:30:11,2,2006-02-16 02:30:53
11610,2005-08-17 03:43:37,3048,275,2005-08-20 22:14:37,1,2006-02-16 02:30:53
11611,2006-02-14 15:16:03,1857,192,,2,2006-02-16 02:30:53
11612,2005-08-17 03:48:51,375,526,2005-08-20 03:03:51,1,2006-02-16 02:30:53
11613,2005-08-17 03:50:33,2486,126,2005-08-25 00:37:33,2,2006-02-16 02:30:53
11614,2005-08-17 03:52:18,805,2,2005-08-20 07:04:18,1,2006-02-16 02:30:53
11615,2005-08-17 03:54:35,4331,436,2005-08-23 06:54:35,2,2006-02-16 02:30:53
11616,2005-08-17 04:00:01,2588,36,2005-08-20 23:03:01,2,2006-02-16 02:30:53
11617,2005-08-17 04:00:40,1898,324,2005-08-18 00:36:40,1,2006-02-16 02:30:53
11618,2005-08-17 04:01:36,954,175,2005-08-23 01:02:36,1,2006-02-16 02:30:53
11619,2005-08-17 04:03:26,3652,374,2005-08-22 03:07:26,1,2006-02-16 02:30:53
11620,2005-08-17 04:06:22,3801,502,2005-08-17 23:53:22,1,2006-02-16 02:30:53
11621,2005-08-17 04:13:45,3708,216,2005-08-26 01:00:45,1,2006-02-16 02:30:53
11622,2005-08-17 04:15:46,499,220,2005-08-24 04:48:46,1,2006-02-16 02:30:53
11623,2005-08-17 04:15:47,759,163,2005-08-19 04:11:47,2,2006-02-16 02:30:53
11624,2005-08-17 04:17:42,606,527,2005-08-18 02:46:42,1,2006-02-16 02:30:53
11625,2005-08-17 04:18:52,712,521,2005-08-25 03:05:52,2,2006-02-16 02:30:53
11626,2005-08-17 04:25:42,4279,266,2005-08-23 05:46:42,1,2006-02-16 02:30:53
11627,2005-08-17 04:25:47,3945,168,2005-08-26 02:54:47,2,2006-02-16 02:30:53
11628,2005-08-17 04:27:18,3656,256,2005-08-25 01:12:18,2,2006-02-16 02:30:53
11629,2005-08-17 04:27:24,786,299,2005-08-26 10:25:24,2,2006-02-16 02:30:53
11630,2005-08-17 04:27:46,688,72,2005-08-19 09:58:46,2,2006-02-16 02:30:53
11631,2005-08-17 04:28:56,59,168,2005-08-24 00:42:56,2,2006-02-16 02:30:53
11632,2005-08-17 04:29:32,2551,238,2005-08-22 03:44:32,1,2006-02-16 02:30:53
11633,2005-08-17 04:30:09,1706,468,2005-08-20 06:56:09,1,2006-02-16 02:30:53
11634,2005-08-17 04:31:49,2576,206,2005-08-21 02:51:49,1,2006-02-16 02:30:53
11635,2005-08-17 04:33:17,2642,98,2005-08-21 07:50:17,2,2006-02-16 02:30:53
11636,2005-08-17 04:36:31,791,276,2005-08-24 00:03:31,2,2006-02-16 02:30:53
11637,2005-08-17 04:36:39,479,283,2005-08-18 02:17:39,1,2006-02-16 02:30:53
11638,2005-08-17 04:39:09,3421,152,2005-08-25 06:42:09,2,2006-02-16 02:30:53
11639,2005-08-17 04:43:29,3985,462,2005-08-25 01:04:29,2,2006-02-16 02:30:53
11640,2005-08-17 04:44:33,1718,501,2005-08-21 09:29:33,2,2006-02-16 02:30:53
11641,2005-08-17 04:45:39,2717,79,2005-08-20 10:38:39,1,2006-02-16 02:30:53
11642,2005-08-17 04:48:05,3790,25,2005-08-18 01:53:05,2,2006-02-16 02:30:53
11643,2005-08-17 04:49:35,1378,197,2005-08-24 07:05:35,1,2006-02-16 02:30:53
11644,2005-08-17 04:49:46,1760,438,2005-08-24 08:49:46,1,2006-02-16 02:30:53
11645,2005-08-17 04:50:56,4261,35,2005-08-25 23:03:56,1,2006-02-16 02:30:53
11646,2006-02-14 15:16:03,478,11,,2,2006-02-16 02:30:53
11647,2005-08-17 04:54:14,3016,110,2005-08-23 04:16:14,2,2006-02-16 02:30:53
11648,2005-08-17 04:56:16,3362,465,2005-08-26 00:53:16,2,2006-02-16 02:30:53
11649,2005-08-17 04:59:26,3222,217,2005-08-20 04:02:26,2,2006-02-16 02:30:53
11650,2005-08-17 05:00:03,3979,418,2005-08-22 01:45:03,2,2006-02-16 02:30:53
11651,2005-08-17 05:02:25,3681,143,2005-08-24 08:15:25,2,2006-02-16 02:30:53
11652,2006-02-14 15:16:03,1622,597,,2,2006-02-16 02:30:53
11653,2005-08-17 05:06:10,4475,358,2005-08-24 03:09:10,2,2006-02-16 02:30:53
11654,2005-08-17 05:06:19,1048,218,2005-08-18 04:32:19,2,2006-02-16 02:30:53
11655,2005-08-17 05:11:07,1699,113,2005-08-26 10:18:07,1,2006-02-16 02:30:53
11656,2005-08-17 05:11:09,1451,56,2005-08-25 07:51:09,1,2006-02-16 02:30:53
11657,2006-02-14 15:16:03,3043,53,,2,2006-02-16 02:30:53
11658,2005-08-17 05:19:17,2008,422,2005-08-24 07:03:17,2,2006-02-16 02:30:53
11659,2005-08-17 05:20:45,2881,112,2005-08-22 10:18:45,1,2006-02-16 02:30:53
11660,2005-08-17 05:22:42,4081,525,2005-08-23 01:03:42,1,2006-02-16 02:30:53
11661,2005-08-17 05:25:57,1008,27,2005-08-25 04:37:57,1,2006-02-16 02:30:53
11662,2005-08-17 05:27:37,2730,177,2005-08-26 09:56:37,2,2006-02-16 02:30:53
11663,2005-08-17 05:30:19,3798,373,2005-08-25 08:14:19,1,2006-02-16 02:30:53
11664,2005-08-17 05:35:52,1343,433,2005-08-18 02:40:52,1,2006-02-16 02:30:53
11665,2005-08-17 05:36:57,334,254,2005-08-23 01:38:57,1,2006-02-16 02:30:53
11666,2005-08-17 05:45:10,250,531,2005-08-19 06:47:10,2,2006-02-16 02:30:53
11667,2005-08-17 05:46:55,1516,582,2005-08-26 08:19:55,1,2006-02-16 02:30:53
11668,2005-08-17 05:47:32,2162,249,2005-08-20 03:11:32,1,2006-02-16 02:30:53
11669,2005-08-17 05:48:51,3224,487,2005-08-22 01:22:51,1,2006-02-16 02:30:53
13719,2006-02-14 15:16:03,3547,208,,1,2006-02-16 02:30:53
11670,2005-08-17 05:48:59,4437,286,2005-08-19 08:51:59,1,2006-02-16 02:30:53
11671,2005-08-17 05:50:21,3569,338,2005-08-20 03:43:21,1,2006-02-16 02:30:53
11672,2006-02-14 15:16:03,3947,521,,2,2006-02-16 02:30:53
11673,2005-08-17 05:54:15,823,303,2005-08-21 08:12:15,2,2006-02-16 02:30:53
11674,2005-08-17 05:56:27,582,306,2005-08-24 08:50:27,2,2006-02-16 02:30:53
11675,2005-08-17 05:57:54,1322,514,2005-08-21 23:57:54,1,2006-02-16 02:30:53
11676,2006-02-14 15:16:03,4496,216,,2,2006-02-16 02:30:53
11677,2005-08-17 06:06:26,2206,407,2005-08-20 04:35:26,2,2006-02-16 02:30:53
11678,2005-08-17 06:07:39,3511,176,2005-08-21 10:51:39,2,2006-02-16 02:30:53
11679,2005-08-17 06:08:54,3337,72,2005-08-21 07:50:54,1,2006-02-16 02:30:53
11680,2005-08-17 06:12:27,4538,221,2005-08-23 08:54:27,1,2006-02-16 02:30:53
11681,2005-08-17 06:13:30,1260,543,2005-08-26 01:29:30,2,2006-02-16 02:30:53
11682,2005-08-17 06:13:40,2544,387,2005-08-18 06:11:40,1,2006-02-16 02:30:53
11683,2005-08-17 06:15:17,2603,66,2005-08-26 05:33:17,1,2006-02-16 02:30:53
11684,2005-08-17 06:27:15,4277,517,2005-08-22 02:11:15,2,2006-02-16 02:30:53
11685,2005-08-17 06:39:16,3552,51,2005-08-22 04:20:16,2,2006-02-16 02:30:53
11686,2005-08-17 06:39:30,1393,392,2005-08-21 10:19:30,2,2006-02-16 02:30:53
11687,2005-08-17 06:39:59,1977,169,2005-08-23 04:53:59,1,2006-02-16 02:30:53
11688,2005-08-17 06:41:58,2229,82,2005-08-25 04:38:58,1,2006-02-16 02:30:53
11689,2005-08-17 06:42:08,2390,419,2005-08-26 06:09:08,1,2006-02-16 02:30:53
11690,2005-08-17 06:44:22,3934,267,2005-08-24 03:49:22,1,2006-02-16 02:30:53
11691,2005-08-17 06:51:05,2529,515,2005-08-24 09:53:05,1,2006-02-16 02:30:53
11692,2005-08-17 06:52:41,1222,350,2005-08-24 12:17:41,2,2006-02-16 02:30:53
11693,2005-08-17 06:56:56,793,221,2005-08-24 06:20:56,2,2006-02-16 02:30:53
11694,2005-08-17 06:57:30,3540,410,2005-08-24 07:52:30,1,2006-02-16 02:30:53
11695,2005-08-17 07:01:08,1110,386,2005-08-21 09:21:08,1,2006-02-16 02:30:53
11696,2005-08-17 07:01:09,3816,522,2005-08-21 09:12:09,2,2006-02-16 02:30:53
11697,2005-08-17 07:09:19,383,329,2005-08-19 02:02:19,1,2006-02-16 02:30:53
11698,2005-08-17 07:09:59,3946,353,2005-08-19 04:31:59,1,2006-02-16 02:30:53
11699,2005-08-17 07:11:58,3997,339,2005-08-26 12:08:58,1,2006-02-16 02:30:53
11700,2005-08-17 07:12:31,2365,104,2005-08-18 04:21:31,2,2006-02-16 02:30:53
11701,2005-08-17 07:15:47,993,34,2005-08-19 01:44:47,2,2006-02-16 02:30:53
11702,2005-08-17 07:18:56,3286,526,2005-08-24 06:33:56,1,2006-02-16 02:30:53
11703,2005-08-17 07:19:29,1692,279,2005-08-20 09:35:29,2,2006-02-16 02:30:53
11704,2005-08-17 07:21:22,1099,135,2005-08-25 06:06:22,1,2006-02-16 02:30:53
11705,2005-08-17 07:22:25,4242,489,2005-08-18 06:42:25,1,2006-02-16 02:30:53
11706,2005-08-17 07:23:46,4234,414,2005-08-18 10:13:46,2,2006-02-16 02:30:53
11707,2005-08-17 07:24:59,1030,581,2005-08-24 10:40:59,1,2006-02-16 02:30:53
11708,2005-08-17 07:26:47,76,582,2005-08-22 04:11:47,1,2006-02-16 02:30:53
11709,2006-02-14 15:16:03,1720,330,,1,2006-02-16 02:30:53
11710,2005-08-17 07:29:44,613,553,2005-08-19 02:06:44,2,2006-02-16 02:30:53
11711,2005-08-17 07:30:55,1503,470,2005-08-18 09:21:55,1,2006-02-16 02:30:53
11712,2005-08-17 07:32:51,3607,203,2005-08-21 09:18:51,2,2006-02-16 02:30:53
11713,2005-08-17 07:34:05,1919,590,2005-08-25 07:49:05,1,2006-02-16 02:30:53
11714,2005-08-17 07:34:55,17,151,2005-08-18 04:07:55,1,2006-02-16 02:30:53
11715,2005-08-17 07:40:55,1615,452,2005-08-25 11:19:55,1,2006-02-16 02:30:53
11716,2005-08-17 07:40:55,3054,287,2005-08-21 05:56:55,1,2006-02-16 02:30:53
11717,2005-08-17 07:44:09,1371,566,2005-08-20 09:39:09,2,2006-02-16 02:30:53
11718,2005-08-17 07:44:42,3673,555,2005-08-23 03:02:42,2,2006-02-16 02:30:53
11719,2005-08-17 07:46:05,2054,338,2005-08-23 08:52:05,1,2006-02-16 02:30:53
11720,2005-08-17 07:46:54,1707,121,2005-08-26 04:19:54,2,2006-02-16 02:30:53
11721,2005-08-17 07:49:17,1923,46,2005-08-18 04:08:17,1,2006-02-16 02:30:53
11722,2005-08-17 07:53:03,2430,321,2005-08-22 06:56:03,2,2006-02-16 02:30:53
11723,2005-08-17 07:56:22,1665,341,2005-08-22 03:49:22,1,2006-02-16 02:30:53
11724,2005-08-17 08:04:44,4484,207,2005-08-25 03:25:44,2,2006-02-16 02:30:53
11725,2005-08-17 08:09:00,519,45,2005-08-18 09:50:00,1,2006-02-16 02:30:53
11726,2005-08-17 08:11:10,4438,266,2005-08-22 05:45:10,1,2006-02-16 02:30:53
11727,2005-08-17 08:12:20,98,6,2005-08-19 12:45:20,1,2006-02-16 02:30:53
11728,2005-08-17 08:12:26,726,444,2005-08-18 03:26:26,1,2006-02-16 02:30:53
11729,2005-08-17 08:14:41,2819,215,2005-08-22 02:54:41,1,2006-02-16 02:30:53
11730,2005-08-17 08:22:00,3817,98,2005-08-22 05:43:00,2,2006-02-16 02:30:53
11731,2005-08-17 08:24:35,917,52,2005-08-24 02:54:35,2,2006-02-16 02:30:53
11732,2005-08-17 08:29:46,460,137,2005-08-23 14:21:46,2,2006-02-16 02:30:53
11733,2005-08-17 08:31:03,439,251,2005-08-21 05:44:03,2,2006-02-16 02:30:53
11734,2005-08-17 08:34:22,4063,337,2005-08-25 11:56:22,2,2006-02-16 02:30:53
11735,2005-08-17 08:35:42,2555,452,2005-08-26 11:04:42,1,2006-02-16 02:30:53
11736,2005-08-17 08:40:55,4217,535,2005-08-26 09:03:55,1,2006-02-16 02:30:53
11737,2005-08-17 08:42:08,4128,549,2005-08-19 08:14:08,1,2006-02-16 02:30:53
11738,2005-08-17 08:45:55,3042,347,2005-08-26 07:09:55,1,2006-02-16 02:30:53
11739,2006-02-14 15:16:03,4568,373,,2,2006-02-16 02:30:53
11740,2005-08-17 08:48:31,2441,27,2005-08-24 07:47:31,2,2006-02-16 02:30:53
11741,2005-08-17 08:48:39,1819,473,2005-08-20 07:37:39,1,2006-02-16 02:30:53
11742,2005-08-17 08:48:43,596,470,2005-08-23 07:18:43,2,2006-02-16 02:30:53
11743,2005-08-17 08:49:05,294,336,2005-08-22 08:53:05,2,2006-02-16 02:30:53
11744,2005-08-17 08:54:30,297,26,2005-08-25 03:28:30,1,2006-02-16 02:30:53
11745,2005-08-17 09:00:01,4018,240,2005-08-26 14:29:01,2,2006-02-16 02:30:53
11746,2005-08-17 09:03:24,4571,299,2005-08-25 06:08:24,2,2006-02-16 02:30:53
11747,2005-08-17 09:03:31,1041,555,2005-08-19 08:23:31,2,2006-02-16 02:30:53
11748,2005-08-17 09:04:02,1175,595,2005-08-21 12:22:02,2,2006-02-16 02:30:53
11749,2005-08-17 09:04:03,4141,567,2005-08-19 09:32:03,2,2006-02-16 02:30:53
11750,2005-08-17 09:07:00,665,190,2005-08-23 08:16:00,2,2006-02-16 02:30:53
11751,2005-08-17 09:07:56,3309,51,2005-08-26 13:16:56,1,2006-02-16 02:30:53
11752,2005-08-17 09:10:55,1833,481,2005-08-18 06:22:55,1,2006-02-16 02:30:53
11753,2005-08-17 09:11:52,2599,43,2005-08-25 05:03:52,2,2006-02-16 02:30:53
11754,2006-02-14 15:16:03,3747,163,,2,2006-02-16 02:30:53
11755,2005-08-17 09:15:35,3457,513,2005-08-23 06:28:35,2,2006-02-16 02:30:53
11756,2005-08-17 09:29:22,1798,198,2005-08-21 12:17:22,1,2006-02-16 02:30:53
11757,2006-02-14 15:16:03,1295,550,,2,2006-02-16 02:30:53
11758,2005-08-17 09:33:02,11,533,2005-08-24 05:03:02,2,2006-02-16 02:30:53
11759,2005-08-17 09:41:23,2655,108,2005-08-19 11:58:23,2,2006-02-16 02:30:53
11760,2005-08-17 09:44:22,626,545,2005-08-24 14:39:22,2,2006-02-16 02:30:53
11761,2005-08-17 09:44:59,2230,13,2005-08-25 07:46:59,1,2006-02-16 02:30:53
11762,2005-08-17 09:48:06,1204,244,2005-08-26 13:12:06,2,2006-02-16 02:30:53
11763,2005-08-17 09:51:39,872,586,2005-08-21 10:15:39,2,2006-02-16 02:30:53
11764,2005-08-17 09:51:54,4502,252,2005-08-20 07:11:54,1,2006-02-16 02:30:53
11765,2005-08-17 09:55:28,4311,308,2005-08-19 15:53:28,2,2006-02-16 02:30:53
11766,2005-08-17 09:58:40,2999,544,2005-08-21 04:59:40,1,2006-02-16 02:30:53
11767,2005-08-17 10:00:40,2374,77,2005-08-25 04:14:40,2,2006-02-16 02:30:53
11768,2005-08-17 10:02:29,1307,564,2005-08-23 10:26:29,1,2006-02-16 02:30:53
11769,2005-08-17 10:04:49,1406,418,2005-08-20 09:22:49,1,2006-02-16 02:30:53
11770,2005-08-17 10:05:05,2862,475,2005-08-20 15:59:05,1,2006-02-16 02:30:53
11771,2005-08-17 10:17:09,2575,324,2005-08-25 10:58:09,1,2006-02-16 02:30:53
11772,2005-08-17 10:18:57,1021,237,2005-08-26 12:48:57,2,2006-02-16 02:30:53
11773,2005-08-17 10:19:51,1886,384,2005-08-23 04:30:51,1,2006-02-16 02:30:53
11774,2005-08-17 10:20:39,1679,488,2005-08-23 13:37:39,1,2006-02-16 02:30:53
11775,2005-08-17 10:25:53,256,574,2005-08-22 08:37:53,2,2006-02-16 02:30:53
11776,2005-08-17 10:27:19,2400,306,2005-08-20 14:02:19,2,2006-02-16 02:30:53
11777,2005-08-17 10:27:19,4065,83,2005-08-26 13:10:19,1,2006-02-16 02:30:53
11778,2005-08-17 10:31:40,1306,213,2005-08-25 13:53:40,2,2006-02-16 02:30:53
11779,2005-08-17 10:31:58,181,126,2005-08-24 15:28:58,2,2006-02-16 02:30:53
11780,2005-08-17 10:34:24,2268,297,2005-08-21 04:55:24,1,2006-02-16 02:30:53
11781,2005-08-17 10:37:00,1853,506,2005-08-21 12:03:00,2,2006-02-16 02:30:53
11782,2006-02-14 15:16:03,4098,354,,1,2006-02-16 02:30:53
11783,2005-08-17 10:39:24,979,152,2005-08-21 12:43:24,2,2006-02-16 02:30:53
11784,2005-08-17 10:48:05,3101,297,2005-08-19 06:47:05,1,2006-02-16 02:30:53
11785,2005-08-17 10:54:46,2760,182,2005-08-23 14:15:46,2,2006-02-16 02:30:53
11786,2005-08-17 10:57:40,1487,435,2005-08-24 06:48:40,2,2006-02-16 02:30:53
11787,2005-08-17 10:59:00,1980,195,2005-08-19 05:56:00,1,2006-02-16 02:30:53
11788,2005-08-17 10:59:18,1310,560,2005-08-22 11:12:18,1,2006-02-16 02:30:53
11789,2005-08-17 10:59:24,851,150,2005-08-26 16:17:24,1,2006-02-16 02:30:53
11790,2005-08-17 11:00:08,2384,451,2005-08-20 05:15:08,2,2006-02-16 02:30:53
11791,2005-08-17 11:01:11,3640,219,2005-08-22 06:31:11,2,2006-02-16 02:30:53
11792,2005-08-17 11:03:53,3703,376,2005-08-26 06:34:53,1,2006-02-16 02:30:53
11793,2005-08-17 11:05:53,1955,352,2005-08-25 12:25:53,1,2006-02-16 02:30:53
11794,2005-08-17 11:08:48,3486,453,2005-08-20 13:36:48,2,2006-02-16 02:30:53
11795,2005-08-17 11:13:38,2220,565,2005-08-19 14:20:38,2,2006-02-16 02:30:53
11796,2005-08-17 11:16:47,3983,435,2005-08-18 16:55:47,2,2006-02-16 02:30:53
11797,2005-08-17 11:17:21,1142,546,2005-08-18 09:14:21,2,2006-02-16 02:30:53
11798,2005-08-17 11:21:43,3974,448,2005-08-25 07:43:43,2,2006-02-16 02:30:53
11799,2005-08-17 11:25:25,40,501,2005-08-25 13:03:25,2,2006-02-16 02:30:53
11800,2005-08-17 11:29:52,2284,350,2005-08-21 08:37:52,1,2006-02-16 02:30:53
11801,2005-08-17 11:30:11,659,126,2005-08-23 09:54:11,1,2006-02-16 02:30:53
11802,2005-08-17 11:32:51,2815,221,2005-08-22 10:56:51,1,2006-02-16 02:30:53
11803,2005-08-17 11:42:08,3648,160,2005-08-22 07:45:08,2,2006-02-16 02:30:53
11804,2005-08-17 11:42:45,1040,556,2005-08-25 07:11:45,1,2006-02-16 02:30:53
11805,2005-08-17 11:48:47,1208,208,2005-08-26 11:06:47,2,2006-02-16 02:30:53
11806,2005-08-17 11:49:28,3203,125,2005-08-22 15:42:28,1,2006-02-16 02:30:53
11807,2005-08-17 11:51:15,4052,201,2005-08-21 11:47:15,2,2006-02-16 02:30:53
11808,2005-08-17 11:51:16,4042,462,2005-08-18 14:01:16,2,2006-02-16 02:30:53
11809,2005-08-17 11:51:39,1136,305,2005-08-24 17:14:39,1,2006-02-16 02:30:53
11810,2005-08-17 11:56:48,1548,270,2005-08-20 17:39:48,1,2006-02-16 02:30:53
11811,2005-08-17 11:59:18,195,130,2005-08-18 09:13:18,2,2006-02-16 02:30:53
11812,2005-08-17 12:00:54,119,132,2005-08-18 16:08:54,1,2006-02-16 02:30:53
11813,2005-08-17 12:06:54,1074,36,2005-08-21 17:52:54,2,2006-02-16 02:30:53
11814,2005-08-17 12:09:20,3462,509,2005-08-25 16:56:20,2,2006-02-16 02:30:53
11815,2005-08-17 12:13:26,272,192,2005-08-22 17:15:26,2,2006-02-16 02:30:53
11816,2005-08-17 12:14:16,3897,224,2005-08-19 06:15:16,2,2006-02-16 02:30:53
11817,2005-08-17 12:20:01,2297,38,2005-08-19 18:06:01,1,2006-02-16 02:30:53
11818,2005-08-17 12:22:04,213,512,2005-08-25 15:59:04,2,2006-02-16 02:30:53
11819,2005-08-17 12:25:17,656,208,2005-08-19 16:12:17,1,2006-02-16 02:30:53
11820,2005-08-17 12:25:33,2801,401,2005-08-19 07:04:33,2,2006-02-16 02:30:53
11821,2005-08-17 12:27:55,2711,20,2005-08-18 07:07:55,1,2006-02-16 02:30:53
11822,2005-08-17 12:32:39,1317,263,2005-08-18 12:30:39,2,2006-02-16 02:30:53
11823,2005-08-17 12:36:37,2626,352,2005-08-22 11:10:37,2,2006-02-16 02:30:53
11824,2005-08-17 12:37:54,2639,1,2005-08-19 10:11:54,2,2006-02-16 02:30:53
11825,2005-08-17 12:43:30,2656,296,2005-08-20 15:25:30,1,2006-02-16 02:30:53
11826,2005-08-17 12:43:46,1837,536,2005-08-19 16:59:46,2,2006-02-16 02:30:53
11827,2005-08-17 12:44:27,3064,523,2005-08-24 13:31:27,1,2006-02-16 02:30:53
11828,2005-08-17 12:48:28,2593,268,2005-08-24 09:24:28,2,2006-02-16 02:30:53
11829,2005-08-17 12:52:04,2207,563,2005-08-19 10:50:04,2,2006-02-16 02:30:53
11830,2005-08-17 12:53:15,3713,522,2005-08-25 08:08:15,1,2006-02-16 02:30:53
11831,2005-08-17 12:54:47,4562,32,2005-08-21 11:21:47,1,2006-02-16 02:30:53
11832,2005-08-17 12:55:31,2331,125,2005-08-19 08:31:31,1,2006-02-16 02:30:53
11833,2005-08-17 13:00:33,3728,424,2005-08-18 13:45:33,2,2006-02-16 02:30:53
11834,2005-08-17 13:00:40,2407,261,2005-08-22 12:50:40,1,2006-02-16 02:30:53
11835,2005-08-17 13:03:13,2796,479,2005-08-19 10:50:13,1,2006-02-16 02:30:53
11836,2005-08-17 13:03:36,2253,198,2005-08-19 17:15:36,1,2006-02-16 02:30:53
11837,2005-08-17 13:04:41,1085,81,2005-08-26 14:19:41,1,2006-02-16 02:30:53
11838,2005-08-17 13:06:00,3576,161,2005-08-20 11:44:00,1,2006-02-16 02:30:53
11839,2005-08-17 13:08:45,2282,80,2005-08-18 15:05:45,2,2006-02-16 02:30:53
11840,2005-08-17 13:09:01,1824,491,2005-08-19 17:42:01,1,2006-02-16 02:30:53
11841,2005-08-17 13:12:20,1524,270,2005-08-21 11:16:20,2,2006-02-16 02:30:53
11842,2005-08-17 13:13:37,2680,422,2005-08-20 08:32:37,1,2006-02-16 02:30:53
11843,2005-08-17 13:14:50,3091,187,2005-08-22 11:31:50,2,2006-02-16 02:30:53
11844,2005-08-17 13:16:04,3791,368,2005-08-18 10:16:04,1,2006-02-16 02:30:53
11845,2005-08-17 13:16:38,14,65,2005-08-18 11:21:38,1,2006-02-16 02:30:53
11846,2005-08-17 13:18:29,3306,283,2005-08-22 18:05:29,2,2006-02-16 02:30:53
11847,2006-02-14 15:16:03,1784,337,,1,2006-02-16 02:30:53
11848,2006-02-14 15:16:03,3680,152,,1,2006-02-16 02:30:53
11849,2005-08-17 13:24:55,1191,92,2005-08-22 12:50:55,2,2006-02-16 02:30:53
11850,2005-08-17 13:30:15,1437,80,2005-08-21 17:24:15,1,2006-02-16 02:30:53
11851,2005-08-17 13:30:27,3225,376,2005-08-20 15:34:27,2,2006-02-16 02:30:53
11852,2005-08-17 13:38:27,2358,596,2005-08-24 08:50:27,1,2006-02-16 02:30:53
11853,2005-08-17 13:39:32,3888,6,2005-08-23 18:44:32,2,2006-02-16 02:30:53
11854,2005-08-17 13:42:52,137,313,2005-08-26 14:04:52,1,2006-02-16 02:30:53
11855,2005-08-17 13:43:07,1062,535,2005-08-26 08:07:07,1,2006-02-16 02:30:53
11856,2005-08-17 13:44:49,305,28,2005-08-21 17:20:49,1,2006-02-16 02:30:53
11857,2005-08-17 13:48:30,101,146,2005-08-18 15:55:30,1,2006-02-16 02:30:53
11858,2005-08-17 13:50:31,3483,503,2005-08-19 08:45:31,2,2006-02-16 02:30:53
11859,2005-08-17 13:51:20,423,144,2005-08-21 13:47:20,2,2006-02-16 02:30:53
11860,2005-08-17 13:52:26,4354,257,2005-08-24 14:47:26,1,2006-02-16 02:30:53
11861,2005-08-17 13:53:47,2674,232,2005-08-21 16:07:47,1,2006-02-16 02:30:53
11862,2005-08-17 13:54:53,2604,529,2005-08-19 10:48:53,1,2006-02-16 02:30:53
11863,2005-08-17 13:56:01,1003,112,2005-08-23 18:38:01,1,2006-02-16 02:30:53
11864,2005-08-17 14:02:01,2985,96,2005-08-21 19:54:01,1,2006-02-16 02:30:53
11865,2005-08-17 14:03:46,2577,345,2005-08-19 08:39:46,1,2006-02-16 02:30:53
11866,2006-02-14 15:16:03,2758,200,,2,2006-02-16 02:30:53
11867,2005-08-17 14:04:28,938,434,2005-08-21 10:08:28,1,2006-02-16 02:30:53
11868,2005-08-17 14:05:34,2909,445,2005-08-19 15:47:34,1,2006-02-16 02:30:53
11869,2005-08-17 14:10:22,3453,19,2005-08-24 18:39:22,1,2006-02-16 02:30:53
11870,2005-08-17 14:11:28,4251,432,2005-08-24 16:43:28,1,2006-02-16 02:30:53
11871,2005-08-17 14:11:44,3013,484,2005-08-18 17:50:44,1,2006-02-16 02:30:53
11872,2005-08-17 14:11:45,4306,113,2005-08-21 17:02:45,2,2006-02-16 02:30:53
11873,2005-08-17 14:14:39,4021,554,2005-08-18 17:20:39,2,2006-02-16 02:30:53
11874,2005-08-17 14:16:40,2637,467,2005-08-18 15:51:40,2,2006-02-16 02:30:53
11875,2005-08-17 14:16:48,1787,294,2005-08-26 14:20:48,1,2006-02-16 02:30:53
11876,2005-08-17 14:18:21,3982,426,2005-08-20 19:48:21,1,2006-02-16 02:30:53
11877,2005-08-17 14:21:11,4528,445,2005-08-25 19:46:11,1,2006-02-16 02:30:53
11878,2005-08-17 14:23:52,255,549,2005-08-21 14:23:52,1,2006-02-16 02:30:53
11879,2005-08-17 14:25:09,2500,312,2005-08-26 09:19:09,1,2006-02-16 02:30:53
11880,2005-08-17 14:28:28,1539,597,2005-08-26 12:32:28,2,2006-02-16 02:30:53
11881,2005-08-17 14:31:56,3124,272,2005-08-21 11:05:56,1,2006-02-16 02:30:53
11882,2005-08-17 14:33:41,2401,234,2005-08-26 17:25:41,2,2006-02-16 02:30:53
11883,2005-08-17 14:41:28,221,551,2005-08-19 09:54:28,1,2006-02-16 02:30:53
11884,2005-08-17 14:43:23,797,178,2005-08-25 15:38:23,1,2006-02-16 02:30:53
11885,2005-08-17 14:53:53,3931,481,2005-08-22 10:59:53,1,2006-02-16 02:30:53
11886,2005-08-17 14:58:51,608,204,2005-08-19 16:07:51,2,2006-02-16 02:30:53
11887,2005-08-17 15:03:13,3290,54,2005-08-19 09:49:13,1,2006-02-16 02:30:53
11888,2005-08-17 15:04:05,1100,160,2005-08-25 18:52:05,2,2006-02-16 02:30:53
11889,2005-08-17 15:08:27,293,395,2005-08-18 17:10:27,1,2006-02-16 02:30:53
11890,2005-08-17 15:08:43,3023,487,2005-08-26 14:56:43,2,2006-02-16 02:30:53
11891,2005-08-17 15:11:55,2619,115,2005-08-22 11:11:55,2,2006-02-16 02:30:53
11892,2005-08-17 15:13:21,746,227,2005-08-21 09:19:21,2,2006-02-16 02:30:53
11893,2005-08-17 15:13:29,2321,496,2005-08-25 11:09:29,1,2006-02-16 02:30:53
11894,2005-08-17 15:15:01,1223,67,2005-08-26 13:49:01,1,2006-02-16 02:30:53
11895,2005-08-17 15:15:07,2156,236,2005-08-18 11:00:07,2,2006-02-16 02:30:53
11896,2005-08-17 15:19:54,259,436,2005-08-24 18:22:54,2,2006-02-16 02:30:53
11897,2005-08-17 15:24:06,3904,238,2005-08-23 11:50:06,2,2006-02-16 02:30:53
11898,2005-08-17 15:24:12,3163,169,2005-08-24 13:36:12,2,2006-02-16 02:30:53
11899,2005-08-17 15:29:12,3179,84,2005-08-24 17:41:12,1,2006-02-16 02:30:53
11900,2005-08-17 15:30:44,1931,239,2005-08-19 16:12:44,1,2006-02-16 02:30:53
11901,2005-08-17 15:35:47,4274,70,2005-08-20 10:33:47,2,2006-02-16 02:30:53
11902,2005-08-17 15:37:34,1387,63,2005-08-22 17:28:34,2,2006-02-16 02:30:53
11903,2005-08-17 15:37:45,1196,542,2005-08-23 18:31:45,2,2006-02-16 02:30:53
11904,2005-08-17 15:39:26,2846,145,2005-08-21 18:24:26,2,2006-02-16 02:30:53
11905,2005-08-17 15:40:18,2725,349,2005-08-26 15:14:18,2,2006-02-16 02:30:53
11906,2005-08-17 15:40:46,325,478,2005-08-20 15:20:46,2,2006-02-16 02:30:53
11907,2005-08-17 15:40:47,3928,505,2005-08-20 19:55:47,2,2006-02-16 02:30:53
11908,2005-08-17 15:43:09,3390,314,2005-08-24 14:32:09,2,2006-02-16 02:30:53
11909,2006-02-14 15:16:03,871,474,,1,2006-02-16 02:30:53
11910,2005-08-17 15:44:37,4254,418,2005-08-19 10:58:37,2,2006-02-16 02:30:53
11911,2005-08-17 15:51:35,3578,472,2005-08-26 20:26:35,2,2006-02-16 02:30:53
11912,2005-08-17 15:51:49,744,573,2005-08-24 18:48:49,1,2006-02-16 02:30:53
11913,2005-08-17 15:53:17,741,295,2005-08-24 18:50:17,2,2006-02-16 02:30:53
11914,2005-08-17 16:04:42,1634,230,2005-08-22 19:29:42,1,2006-02-16 02:30:53
11915,2005-08-17 16:05:28,1557,269,2005-08-25 19:53:28,2,2006-02-16 02:30:53
11916,2005-08-17 16:05:51,2631,86,2005-08-20 10:23:51,1,2006-02-16 02:30:53
11917,2005-08-17 16:08:17,1608,270,2005-08-20 20:01:17,1,2006-02-16 02:30:53
11918,2005-08-17 16:08:42,2169,533,2005-08-20 20:12:42,1,2006-02-16 02:30:53
11919,2005-08-17 16:08:49,4497,40,2005-08-20 16:59:49,2,2006-02-16 02:30:53
11920,2005-08-17 16:10:19,4253,402,2005-08-20 13:54:19,2,2006-02-16 02:30:53
11921,2005-08-17 16:12:27,494,485,2005-08-25 22:07:27,1,2006-02-16 02:30:53
11922,2005-08-17 16:20:37,3707,15,2005-08-26 16:53:37,2,2006-02-16 02:30:53
11923,2005-08-17 16:21:47,1907,72,2005-08-18 14:26:47,2,2006-02-16 02:30:53
11924,2005-08-17 16:22:05,1711,202,2005-08-26 12:34:05,1,2006-02-16 02:30:53
11925,2005-08-17 16:23:04,1441,370,2005-08-21 11:38:04,1,2006-02-16 02:30:53
11926,2005-08-17 16:25:02,2111,516,2005-08-22 11:36:02,1,2006-02-16 02:30:53
11927,2005-08-17 16:25:03,3134,178,2005-08-23 16:41:03,1,2006-02-16 02:30:53
11928,2005-08-17 16:28:24,79,261,2005-08-23 17:50:24,2,2006-02-16 02:30:53
11929,2005-08-17 16:28:51,3765,327,2005-08-25 19:36:51,1,2006-02-16 02:30:53
11930,2005-08-17 16:28:53,1299,5,2005-08-25 10:31:53,1,2006-02-16 02:30:53
11931,2005-08-17 16:35:14,2022,242,2005-08-19 19:16:14,1,2006-02-16 02:30:53
11932,2005-08-17 16:36:12,151,364,2005-08-18 19:34:12,2,2006-02-16 02:30:53
11933,2005-08-17 16:38:20,2574,438,2005-08-22 14:31:20,1,2006-02-16 02:30:53
11934,2005-08-17 16:40:00,1230,596,2005-08-20 20:13:00,2,2006-02-16 02:30:53
11935,2005-08-17 16:42:13,1640,66,2005-08-22 20:38:13,2,2006-02-16 02:30:53
11936,2005-08-17 16:45:34,1127,380,2005-08-21 13:33:34,2,2006-02-16 02:30:53
11937,2005-08-17 16:48:36,2926,515,2005-08-24 19:01:36,1,2006-02-16 02:30:53
11938,2005-08-17 16:54:54,3927,426,2005-08-24 19:18:54,1,2006-02-16 02:30:53
11939,2005-08-17 16:55:57,3305,516,2005-08-24 21:36:57,1,2006-02-16 02:30:53
11940,2005-08-17 16:56:28,1188,163,2005-08-18 15:09:28,1,2006-02-16 02:30:53
11941,2005-08-17 16:56:57,159,566,2005-08-24 16:29:57,1,2006-02-16 02:30:53
11942,2006-02-14 15:16:03,4094,576,,2,2006-02-16 02:30:53
11943,2005-08-17 17:00:42,4466,69,2005-08-26 22:07:42,1,2006-02-16 02:30:53
11944,2005-08-17 17:02:42,27,389,2005-08-21 16:40:42,2,2006-02-16 02:30:53
11945,2005-08-17 17:05:33,1108,380,2005-08-20 18:37:33,2,2006-02-16 02:30:53
11946,2005-08-17 17:05:53,2953,569,2005-08-19 13:56:53,1,2006-02-16 02:30:53
11947,2005-08-17 17:08:13,2928,220,2005-08-23 21:53:13,1,2006-02-16 02:30:53
11948,2005-08-17 17:11:05,3329,40,2005-08-25 21:16:05,2,2006-02-16 02:30:53
11949,2005-08-17 17:12:26,854,198,2005-08-23 20:48:26,1,2006-02-16 02:30:53
11950,2005-08-17 17:13:16,4412,190,2005-08-26 21:25:16,1,2006-02-16 02:30:53
11951,2005-08-17 17:14:02,1394,155,2005-08-26 12:04:02,2,2006-02-16 02:30:53
11952,2005-08-17 17:14:57,2411,288,2005-08-19 19:15:57,1,2006-02-16 02:30:53
11953,2005-08-17 17:16:42,2993,399,2005-08-23 18:28:42,1,2006-02-16 02:30:53
11954,2005-08-17 17:18:36,220,145,2005-08-18 19:49:36,1,2006-02-16 02:30:53
11955,2005-08-17 17:21:35,1221,319,2005-08-24 22:06:35,1,2006-02-16 02:30:53
11956,2005-08-17 17:22:05,2533,457,2005-08-25 22:19:05,2,2006-02-16 02:30:53
11957,2005-08-17 17:22:29,1924,198,2005-08-23 21:47:29,2,2006-02-16 02:30:53
11958,2005-08-17 17:23:20,2061,217,2005-08-24 14:47:20,2,2006-02-16 02:30:53
11959,2005-08-17 17:23:35,2694,101,2005-08-20 20:57:35,1,2006-02-16 02:30:53
11960,2005-08-17 17:24:30,3924,84,2005-08-18 14:28:30,1,2006-02-16 02:30:53
11961,2005-08-17 17:28:01,2015,276,2005-08-21 20:43:01,1,2006-02-16 02:30:53
11962,2005-08-17 17:34:38,4384,29,2005-08-21 12:59:38,2,2006-02-16 02:30:53
11963,2005-08-17 17:35:47,232,211,2005-08-23 16:19:47,2,2006-02-16 02:30:53
11964,2005-08-17 17:37:03,2225,309,2005-08-25 11:55:03,2,2006-02-16 02:30:53
11965,2005-08-17 17:39:45,194,490,2005-08-19 12:05:45,1,2006-02-16 02:30:53
11966,2005-08-17 17:40:04,3702,283,2005-08-20 15:45:04,1,2006-02-16 02:30:53
11967,2005-08-17 17:45:00,1151,521,2005-08-22 13:03:00,1,2006-02-16 02:30:53
11968,2005-08-17 17:47:34,698,239,2005-08-18 19:40:34,1,2006-02-16 02:30:53
11969,2005-08-17 17:49:37,668,550,2005-08-19 19:45:37,2,2006-02-16 02:30:53
11970,2005-08-17 17:53:09,1779,21,2005-08-24 14:41:09,1,2006-02-16 02:30:53
11971,2005-08-17 17:53:42,2756,131,2005-08-18 12:11:42,2,2006-02-16 02:30:53
11972,2005-08-17 17:55:46,1282,308,2005-08-22 15:31:46,2,2006-02-16 02:30:53
11973,2005-08-17 17:55:58,1472,131,2005-08-21 19:55:58,2,2006-02-16 02:30:53
11974,2005-08-17 17:56:48,1609,485,2005-08-21 19:14:48,2,2006-02-16 02:30:53
11975,2005-08-17 17:58:39,3843,458,2005-08-20 19:11:39,2,2006-02-16 02:30:53
11976,2005-08-17 17:59:19,498,373,2005-08-23 14:51:19,2,2006-02-16 02:30:53
11977,2005-08-17 18:01:15,1528,536,2005-08-23 23:03:15,1,2006-02-16 02:30:53
11978,2005-08-17 18:02:10,4380,499,2005-08-18 20:40:10,2,2006-02-16 02:30:53
11979,2005-08-17 18:07:13,568,255,2005-08-19 23:12:13,1,2006-02-16 02:30:53
11980,2005-08-17 18:10:18,4165,589,2005-08-20 13:28:18,1,2006-02-16 02:30:53
11981,2005-08-17 18:10:40,3228,294,2005-08-20 16:56:40,1,2006-02-16 02:30:53
11982,2005-08-17 18:13:07,118,186,2005-08-18 19:06:07,1,2006-02-16 02:30:53
11983,2005-08-17 18:13:55,2580,304,2005-08-23 18:27:55,2,2006-02-16 02:30:53
11984,2005-08-17 18:16:30,3577,96,2005-08-24 21:09:30,2,2006-02-16 02:30:53
11985,2005-08-17 18:19:44,2208,198,2005-08-18 19:14:44,2,2006-02-16 02:30:53
11986,2005-08-17 18:21:58,1610,352,2005-08-18 13:05:58,1,2006-02-16 02:30:53
11987,2005-08-17 18:21:59,1478,494,2005-08-25 19:20:59,1,2006-02-16 02:30:53
11988,2005-08-17 18:23:50,3429,62,2005-08-18 22:30:50,2,2006-02-16 02:30:53
11989,2005-08-17 18:23:58,3686,439,2005-08-20 20:31:58,2,2006-02-16 02:30:53
11990,2005-08-17 18:26:22,3012,17,2005-08-19 14:34:22,2,2006-02-16 02:30:53
11991,2005-08-17 18:27:08,940,361,2005-08-25 14:07:08,1,2006-02-16 02:30:53
11992,2005-08-17 18:27:22,4132,136,2005-08-26 22:38:22,2,2006-02-16 02:30:53
11993,2005-08-17 18:27:49,295,303,2005-08-21 00:04:49,1,2006-02-16 02:30:53
11994,2005-08-17 18:29:35,3428,319,2005-08-25 23:39:35,1,2006-02-16 02:30:53
11995,2006-02-14 15:16:03,3953,69,,1,2006-02-16 02:30:53
11996,2005-08-17 18:34:37,2720,510,2005-08-20 22:25:37,2,2006-02-16 02:30:53
11997,2005-08-17 18:34:38,2193,411,2005-08-26 00:12:38,2,2006-02-16 02:30:53
11998,2005-08-17 18:46:21,4258,299,2005-08-18 20:29:21,1,2006-02-16 02:30:53
11999,2005-08-17 18:47:07,4333,125,2005-08-20 23:26:07,2,2006-02-16 02:30:53
12000,2005-08-17 18:49:44,2256,149,2005-08-24 16:34:44,2,2006-02-16 02:30:53
12001,2006-02-14 15:16:03,4158,52,,2,2006-02-16 02:30:53
12002,2005-08-17 18:56:02,1386,75,2005-08-20 17:36:02,1,2006-02-16 02:30:53
12003,2005-08-17 18:56:05,3868,70,2005-08-18 23:52:05,1,2006-02-16 02:30:53
12004,2005-08-17 18:56:53,2690,499,2005-08-26 14:56:53,1,2006-02-16 02:30:53
12005,2005-08-17 18:56:55,2062,403,2005-08-25 20:23:55,2,2006-02-16 02:30:53
12006,2005-08-17 19:09:12,4072,272,2005-08-24 13:50:12,1,2006-02-16 02:30:53
12007,2005-08-17 19:10:34,3007,268,2005-08-24 14:09:34,1,2006-02-16 02:30:53
12008,2005-08-17 19:16:18,865,562,2005-08-18 14:24:18,2,2006-02-16 02:30:53
12009,2006-02-14 15:16:03,2134,296,,2,2006-02-16 02:30:53
12010,2005-08-17 19:17:54,1076,554,2005-08-26 00:41:54,1,2006-02-16 02:30:53
12011,2005-08-17 19:19:44,495,313,2005-08-23 00:56:44,2,2006-02-16 02:30:53
12012,2005-08-17 19:20:48,2698,69,2005-08-22 16:50:48,1,2006-02-16 02:30:53
12013,2005-08-17 19:23:02,3530,586,2005-08-23 00:31:02,2,2006-02-16 02:30:53
12014,2005-08-17 19:29:44,1778,554,2005-08-23 20:40:44,1,2006-02-16 02:30:53
12015,2005-08-17 19:32:44,593,11,2005-08-23 13:36:44,2,2006-02-16 02:30:53
12016,2005-08-17 19:33:24,2109,327,2005-08-21 19:59:24,2,2006-02-16 02:30:53
12017,2005-08-17 19:33:49,344,573,2005-08-22 01:16:49,2,2006-02-16 02:30:53
12018,2005-08-17 19:44:46,1921,319,2005-08-26 20:24:46,1,2006-02-16 02:30:53
12019,2005-08-17 19:48:55,2566,90,2005-08-21 18:20:55,1,2006-02-16 02:30:53
12020,2005-08-17 19:50:33,3258,72,2005-08-25 17:54:33,1,2006-02-16 02:30:53
12021,2005-08-17 19:52:43,3977,27,2005-08-23 21:49:43,1,2006-02-16 02:30:53
12022,2005-08-17 19:52:45,2067,461,2005-08-18 18:26:45,2,2006-02-16 02:30:53
12023,2005-08-17 19:54:54,247,22,2005-08-26 23:03:54,1,2006-02-16 02:30:53
12024,2005-08-17 19:57:34,2398,484,2005-08-21 23:00:34,2,2006-02-16 02:30:53
12025,2005-08-17 19:59:06,4019,209,2005-08-23 14:39:06,2,2006-02-16 02:30:53
12026,2005-08-17 20:00:10,1568,468,2005-08-26 01:54:10,1,2006-02-16 02:30:53
12027,2005-08-17 20:01:12,45,285,2005-08-26 21:08:12,2,2006-02-16 02:30:53
12028,2005-08-17 20:03:47,607,316,2005-08-23 17:09:47,2,2006-02-16 02:30:53
12029,2005-08-17 20:07:01,3516,148,2005-08-19 19:36:01,2,2006-02-16 02:30:53
12030,2005-08-17 20:10:48,449,434,2005-08-19 00:32:48,1,2006-02-16 02:30:53
12031,2005-08-17 20:11:35,2793,10,2005-08-24 23:48:35,2,2006-02-16 02:30:53
12032,2005-08-17 20:14:26,1106,141,2005-08-26 16:01:26,1,2006-02-16 02:30:53
12033,2005-08-17 20:14:34,2731,321,2005-08-26 00:22:34,2,2006-02-16 02:30:53
12034,2005-08-17 20:15:31,834,321,2005-08-24 15:46:31,2,2006-02-16 02:30:53
12035,2005-08-17 20:18:06,2335,469,2005-08-21 16:41:06,2,2006-02-16 02:30:53
12036,2005-08-17 20:19:06,3620,85,2005-08-18 19:57:06,2,2006-02-16 02:30:53
12037,2005-08-17 20:21:35,766,356,2005-08-22 17:16:35,2,2006-02-16 02:30:53
12038,2005-08-17 20:28:26,3794,148,2005-08-20 23:09:26,2,2006-02-16 02:30:53
12039,2005-08-17 20:29:08,4404,563,2005-08-23 21:20:08,2,2006-02-16 02:30:53
12040,2005-08-17 20:29:56,1288,558,2005-08-26 22:17:56,1,2006-02-16 02:30:53
12041,2005-08-17 20:34:33,2389,295,2005-08-19 00:47:33,1,2006-02-16 02:30:53
12042,2005-08-17 20:36:37,1772,570,2005-08-21 15:03:37,1,2006-02-16 02:30:53
12043,2005-08-17 20:38:21,3706,592,2005-08-22 16:52:21,2,2006-02-16 02:30:53
12044,2005-08-17 20:39:37,3377,388,2005-08-19 18:34:37,1,2006-02-16 02:30:53
12045,2005-08-17 20:40:46,469,556,2005-08-20 18:18:46,2,2006-02-16 02:30:53
12046,2005-08-17 20:47:46,3895,435,2005-08-19 16:09:46,2,2006-02-16 02:30:53
12047,2005-08-17 20:48:32,3886,251,2005-08-26 00:07:32,1,2006-02-16 02:30:53
12048,2005-08-17 20:49:24,3773,466,2005-08-27 02:01:24,2,2006-02-16 02:30:53
12049,2005-08-17 20:53:27,2433,178,2005-08-26 19:45:27,2,2006-02-16 02:30:53
12050,2005-08-17 20:55:25,2348,405,2005-08-22 20:31:25,2,2006-02-16 02:30:53
12051,2005-08-17 20:56:15,4001,579,2005-08-25 19:08:15,1,2006-02-16 02:30:53
12052,2005-08-17 20:57:02,99,536,2005-08-25 19:04:02,1,2006-02-16 02:30:53
12053,2005-08-17 20:57:27,4448,280,2005-08-20 19:51:27,1,2006-02-16 02:30:53
12054,2005-08-17 20:59:56,3780,53,2005-08-23 19:57:56,1,2006-02-16 02:30:53
12055,2005-08-17 21:02:19,1481,35,2005-08-18 15:24:19,1,2006-02-16 02:30:53
12056,2005-08-17 21:03:48,1091,460,2005-08-21 22:42:48,2,2006-02-16 02:30:53
12057,2005-08-17 21:04:35,1878,263,2005-08-25 00:17:35,1,2006-02-16 02:30:53
12058,2005-08-17 21:07:41,2438,540,2005-08-26 16:07:41,1,2006-02-16 02:30:53
12059,2005-08-17 21:09:23,4111,393,2005-08-25 23:09:23,1,2006-02-16 02:30:53
12060,2005-08-17 21:11:57,2373,127,2005-08-21 01:42:57,1,2006-02-16 02:30:53
12061,2005-08-17 21:13:35,144,532,2005-08-22 19:18:35,1,2006-02-16 02:30:53
12062,2005-08-17 21:24:47,1791,330,2005-08-20 20:35:47,2,2006-02-16 02:30:53
12063,2005-08-17 21:24:48,1141,550,2005-08-23 22:10:48,2,2006-02-16 02:30:53
12064,2006-02-14 15:16:03,298,284,,1,2006-02-16 02:30:53
12065,2005-08-17 21:31:46,3644,77,2005-08-26 02:26:46,2,2006-02-16 02:30:53
12066,2006-02-14 15:16:03,2474,267,,2,2006-02-16 02:30:53
12067,2005-08-17 21:36:47,2013,514,2005-08-22 01:10:47,2,2006-02-16 02:30:53
12068,2005-08-17 21:37:08,4327,388,2005-08-26 00:10:08,1,2006-02-16 02:30:53
12069,2005-08-17 21:39:40,631,389,2005-08-22 01:12:40,2,2006-02-16 02:30:53
12070,2005-08-17 21:46:47,1357,158,2005-08-22 22:59:47,1,2006-02-16 02:30:53
12071,2005-08-17 21:49:14,1874,507,2005-08-22 18:20:14,1,2006-02-16 02:30:53
12072,2005-08-17 21:50:25,209,61,2005-08-25 22:36:25,2,2006-02-16 02:30:53
12073,2005-08-17 21:50:39,2939,173,2005-08-21 02:59:39,1,2006-02-16 02:30:53
12074,2005-08-17 21:50:57,711,417,2005-08-20 00:58:57,2,2006-02-16 02:30:53
12075,2005-08-17 21:54:55,3147,125,2005-08-23 23:04:55,1,2006-02-16 02:30:53
12076,2005-08-17 21:58:19,4278,298,2005-08-20 22:10:19,1,2006-02-16 02:30:53
12077,2005-08-17 21:59:14,3589,550,2005-08-22 03:23:14,1,2006-02-16 02:30:53
12078,2005-08-17 22:00:22,684,137,2005-08-24 02:54:22,2,2006-02-16 02:30:53
12079,2005-08-17 22:04:17,646,230,2005-08-24 20:22:17,2,2006-02-16 02:30:53
12080,2005-08-17 22:08:04,1491,394,2005-08-19 22:55:04,2,2006-02-16 02:30:53
12081,2005-08-17 22:10:46,620,597,2005-08-22 22:37:46,1,2006-02-16 02:30:53
12082,2005-08-17 22:13:15,3435,521,2005-08-24 18:30:15,1,2006-02-16 02:30:53
12083,2005-08-17 22:13:37,1985,474,2005-08-19 19:01:37,2,2006-02-16 02:30:53
12084,2005-08-17 22:16:49,2706,60,2005-08-24 17:42:49,2,2006-02-16 02:30:53
12085,2005-08-17 22:17:09,600,31,2005-08-21 01:45:09,1,2006-02-16 02:30:53
12086,2005-08-17 22:20:01,3963,140,2005-08-26 02:14:01,1,2006-02-16 02:30:53
12087,2005-08-17 22:20:12,324,144,2005-08-20 02:11:12,2,2006-02-16 02:30:53
12088,2005-08-17 22:20:16,1754,360,2005-08-25 23:30:16,2,2006-02-16 02:30:53
12089,2005-08-17 22:20:29,651,538,2005-08-24 02:12:29,1,2006-02-16 02:30:53
12090,2005-08-17 22:21:43,3392,391,2005-08-20 23:53:43,2,2006-02-16 02:30:53
12091,2005-08-17 22:22:50,2161,555,2005-08-27 03:55:50,1,2006-02-16 02:30:53
12092,2005-08-17 22:28:15,3964,38,2005-08-18 16:46:15,2,2006-02-16 02:30:53
12093,2005-08-17 22:28:40,216,141,2005-08-22 02:05:40,1,2006-02-16 02:30:53
12094,2005-08-17 22:31:04,1050,130,2005-08-23 22:45:04,1,2006-02-16 02:30:53
12095,2005-08-17 22:32:37,1089,46,2005-08-20 04:00:37,1,2006-02-16 02:30:53
12096,2005-08-17 22:32:50,44,463,2005-08-25 03:33:50,1,2006-02-16 02:30:53
12097,2005-08-17 22:35:24,4135,325,2005-08-18 20:31:24,2,2006-02-16 02:30:53
12098,2005-08-17 22:38:31,534,545,2005-08-20 01:56:31,1,2006-02-16 02:30:53
12099,2005-08-17 22:38:54,1743,195,2005-08-18 21:29:54,2,2006-02-16 02:30:53
12100,2005-08-17 22:41:10,4365,391,2005-08-24 21:31:10,2,2006-02-16 02:30:53
12102,2005-08-17 22:45:26,4268,392,2005-08-24 01:47:26,2,2006-02-16 02:30:53
12103,2005-08-17 22:49:09,4363,153,2005-08-24 21:53:09,1,2006-02-16 02:30:53
12104,2005-08-17 22:53:00,4551,16,2005-08-23 19:49:00,1,2006-02-16 02:30:53
12105,2005-08-17 22:54:45,2848,390,2005-08-21 00:33:45,2,2006-02-16 02:30:53
12106,2005-08-17 22:55:32,3234,465,2005-08-19 23:55:32,2,2006-02-16 02:30:53
12107,2005-08-17 22:56:24,1060,141,2005-08-24 19:36:24,1,2006-02-16 02:30:53
12108,2005-08-17 22:56:39,1675,207,2005-08-26 19:37:39,1,2006-02-16 02:30:53
12109,2005-08-17 22:58:35,1423,509,2005-08-25 19:44:35,2,2006-02-16 02:30:53
12110,2005-08-17 22:59:46,2984,511,2005-08-23 17:51:46,1,2006-02-16 02:30:53
12111,2005-08-17 22:59:55,2905,317,2005-08-22 19:33:55,2,2006-02-16 02:30:53
12112,2005-08-17 23:00:31,4290,576,2005-08-25 02:05:31,1,2006-02-16 02:30:53
12113,2005-08-17 23:01:00,2707,393,2005-08-25 03:57:00,2,2006-02-16 02:30:53
12114,2005-08-17 23:02:00,1405,65,2005-08-26 18:02:00,1,2006-02-16 02:30:53
12115,2005-08-17 23:04:15,1228,457,2005-08-20 22:25:15,2,2006-02-16 02:30:53
12116,2006-02-14 15:16:03,3082,560,,2,2006-02-16 02:30:53
12117,2005-08-17 23:11:12,4140,303,2005-08-22 23:56:12,1,2006-02-16 02:30:53
12118,2005-08-17 23:14:25,158,89,2005-08-26 22:26:25,1,2006-02-16 02:30:53
12119,2005-08-17 23:16:44,4298,567,2005-08-20 02:13:44,2,2006-02-16 02:30:53
12120,2005-08-17 23:16:46,2912,323,2005-08-19 00:11:46,2,2006-02-16 02:30:53
12121,2005-08-17 23:20:40,3423,69,2005-08-22 21:30:40,2,2006-02-16 02:30:53
12122,2005-08-17 23:20:45,4030,375,2005-08-25 04:23:45,2,2006-02-16 02:30:53
12123,2005-08-17 23:22:18,361,497,2005-08-19 23:36:18,2,2006-02-16 02:30:53
12124,2005-08-17 23:22:46,2036,22,2005-08-21 01:40:46,1,2006-02-16 02:30:53
12125,2005-08-17 23:24:25,136,573,2005-08-25 03:08:25,2,2006-02-16 02:30:53
12126,2005-08-17 23:25:21,2304,302,2005-08-23 21:51:21,1,2006-02-16 02:30:53
12127,2006-02-14 15:16:03,4218,582,,2,2006-02-16 02:30:53
12128,2005-08-17 23:31:09,2252,415,2005-08-24 05:07:09,2,2006-02-16 02:30:53
12129,2005-08-17 23:31:25,891,146,2005-08-26 19:10:25,2,2006-02-16 02:30:53
12130,2006-02-14 15:16:03,1358,516,,2,2006-02-16 02:30:53
12131,2005-08-17 23:34:16,3380,21,2005-08-26 01:18:16,1,2006-02-16 02:30:53
12132,2005-08-17 23:37:03,2600,403,2005-08-22 04:53:03,2,2006-02-16 02:30:53
12133,2005-08-17 23:47:16,1958,132,2005-08-19 03:46:16,2,2006-02-16 02:30:53
12134,2005-08-17 23:49:43,2682,288,2005-08-21 21:00:43,1,2006-02-16 02:30:53
12135,2005-08-17 23:50:24,1019,381,2005-08-23 18:01:24,2,2006-02-16 02:30:53
12136,2005-08-17 23:51:30,3944,527,2005-08-23 01:35:30,1,2006-02-16 02:30:53
12137,2005-08-17 23:52:26,3632,109,2005-08-27 00:19:26,1,2006-02-16 02:30:53
12138,2005-08-17 23:55:54,388,317,2005-08-26 23:32:54,1,2006-02-16 02:30:53
12139,2005-08-17 23:57:13,1537,342,2005-08-24 19:13:13,1,2006-02-16 02:30:53
12140,2005-08-17 23:57:55,322,408,2005-08-21 20:09:55,2,2006-02-16 02:30:53
12141,2006-02-14 15:16:03,731,101,,1,2006-02-16 02:30:53
12142,2005-08-18 00:04:12,3748,373,2005-08-24 01:24:12,2,2006-02-16 02:30:53
12143,2005-08-18 00:06:26,2876,117,2005-08-24 02:45:26,2,2006-02-16 02:30:53
12144,2006-02-14 15:16:03,512,587,,1,2006-02-16 02:30:53
12145,2005-08-18 00:10:04,3482,5,2005-08-26 00:51:04,1,2006-02-16 02:30:53
12146,2005-08-18 00:10:04,3833,434,2005-08-25 19:18:04,2,2006-02-16 02:30:53
12147,2005-08-18 00:10:20,705,41,2005-08-23 20:36:20,2,2006-02-16 02:30:53
12148,2005-08-18 00:13:15,2409,254,2005-08-20 01:27:15,2,2006-02-16 02:30:53
12149,2005-08-18 00:13:51,3696,277,2005-08-26 19:47:51,1,2006-02-16 02:30:53
12150,2005-08-18 00:13:55,3781,555,2005-08-20 23:35:55,2,2006-02-16 02:30:53
12151,2005-08-18 00:14:03,1976,4,2005-08-18 23:52:03,2,2006-02-16 02:30:53
12152,2005-08-18 00:21:35,2797,367,2005-08-22 02:51:35,1,2006-02-16 02:30:53
12153,2005-08-18 00:22:30,3929,387,2005-08-23 04:13:30,2,2006-02-16 02:30:53
12154,2005-08-18 00:23:56,2491,163,2005-08-21 00:31:56,2,2006-02-16 02:30:53
12155,2005-08-18 00:24:30,2065,315,2005-08-18 19:12:30,2,2006-02-16 02:30:53
12156,2005-08-18 00:27:33,3270,212,2005-08-26 01:43:33,1,2006-02-16 02:30:53
12157,2005-08-18 00:33:45,2311,569,2005-08-22 19:33:45,1,2006-02-16 02:30:53
12158,2005-08-18 00:34:20,4121,289,2005-08-22 20:10:20,2,2006-02-16 02:30:53
12159,2005-08-18 00:36:09,2243,106,2005-08-27 06:31:09,1,2006-02-16 02:30:53
12160,2005-08-18 00:37:59,1328,481,2005-08-19 20:51:59,1,2006-02-16 02:30:53
12161,2005-08-18 00:41:46,2420,444,2005-08-26 22:59:46,2,2006-02-16 02:30:53
12162,2005-08-18 00:44:30,2697,284,2005-08-25 03:34:30,1,2006-02-16 02:30:53
12163,2005-08-18 00:46:01,1349,455,2005-08-22 06:16:01,1,2006-02-16 02:30:53
12164,2005-08-18 00:46:38,3849,587,2005-08-19 04:38:38,2,2006-02-16 02:30:53
12165,2005-08-18 00:53:37,4215,24,2005-08-27 00:09:37,2,2006-02-16 02:30:53
12166,2005-08-18 00:57:06,3627,184,2005-08-26 03:13:06,2,2006-02-16 02:30:53
12167,2005-08-18 01:00:02,3085,338,2005-08-21 00:04:02,2,2006-02-16 02:30:53
12168,2005-08-18 01:03:52,2859,535,2005-08-18 20:19:52,1,2006-02-16 02:30:53
12169,2005-08-18 01:05:54,2281,323,2005-08-24 02:16:54,2,2006-02-16 02:30:53
12170,2005-08-18 01:06:10,1125,289,2005-08-25 02:40:10,2,2006-02-16 02:30:53
12171,2005-08-18 01:06:13,454,457,2005-08-22 19:39:13,2,2006-02-16 02:30:53
12172,2005-08-18 01:07:00,1162,226,2005-08-22 21:01:00,2,2006-02-16 02:30:53
12173,2005-08-18 01:08:34,2830,41,2005-08-24 20:52:34,1,2006-02-16 02:30:53
12174,2005-08-18 01:08:53,1458,101,2005-08-20 03:28:53,1,2006-02-16 02:30:53
12175,2005-08-18 01:10:17,4558,328,2005-08-19 05:25:17,2,2006-02-16 02:30:53
12176,2005-08-18 01:10:33,3873,255,2005-08-24 02:45:33,2,2006-02-16 02:30:53
12177,2005-08-18 01:15:47,522,470,2005-08-24 23:23:47,2,2006-02-16 02:30:53
12178,2005-08-18 01:17:32,1152,276,2005-08-25 19:32:32,1,2006-02-16 02:30:53
12179,2005-08-18 01:21:21,1499,222,2005-08-19 00:59:21,1,2006-02-16 02:30:53
12180,2005-08-18 01:28:15,2276,20,2005-08-20 20:52:15,2,2006-02-16 02:30:53
12181,2005-08-18 01:28:18,532,81,2005-08-23 21:17:18,2,2006-02-16 02:30:53
12182,2005-08-18 01:30:19,296,555,2005-08-21 05:52:19,1,2006-02-16 02:30:53
12183,2005-08-18 01:34:13,3153,344,2005-08-24 04:38:13,1,2006-02-16 02:30:53
12184,2005-08-18 01:36:00,1723,51,2005-08-21 01:59:00,1,2006-02-16 02:30:53
12185,2005-08-18 01:40:14,1558,588,2005-08-25 05:04:14,1,2006-02-16 02:30:53
12186,2005-08-18 01:43:36,1342,312,2005-08-23 07:13:36,1,2006-02-16 02:30:53
12187,2005-08-18 01:45:50,3360,38,2005-08-22 20:12:50,1,2006-02-16 02:30:53
12188,2005-08-18 01:51:43,2989,456,2005-08-18 22:23:43,1,2006-02-16 02:30:53
12189,2005-08-18 01:51:44,1764,363,2005-08-26 01:01:44,1,2006-02-16 02:30:53
12190,2005-08-18 01:54:44,2464,28,2005-08-27 04:32:44,1,2006-02-16 02:30:53
12191,2005-08-18 01:57:11,2667,316,2005-08-22 22:53:11,2,2006-02-16 02:30:53
12192,2005-08-18 02:01:40,3450,270,2005-08-21 05:45:40,1,2006-02-16 02:30:53
12193,2005-08-18 02:03:59,1086,290,2005-08-25 05:32:59,2,2006-02-16 02:30:53
12194,2005-08-18 02:04:47,292,558,2005-08-25 20:45:47,2,2006-02-16 02:30:53
12195,2005-08-18 02:07:49,943,347,2005-08-19 23:54:49,2,2006-02-16 02:30:53
12196,2005-08-18 02:08:48,4302,111,2005-08-26 00:39:48,1,2006-02-16 02:30:53
12197,2005-08-18 02:08:58,3687,564,2005-08-26 21:54:58,2,2006-02-16 02:30:53
12198,2005-08-18 02:09:20,1628,86,2005-08-21 21:28:20,2,2006-02-16 02:30:53
12199,2005-08-18 02:09:23,424,96,2005-08-22 20:33:23,1,2006-02-16 02:30:53
12200,2005-08-18 02:12:33,840,52,2005-08-18 20:47:33,2,2006-02-16 02:30:53
12201,2005-08-18 02:14:06,3676,540,2005-08-23 04:44:06,1,2006-02-16 02:30:53
12202,2005-08-18 02:14:08,672,563,2005-08-24 04:35:08,1,2006-02-16 02:30:53
12203,2005-08-18 02:18:52,4228,591,2005-08-22 21:01:52,1,2006-02-16 02:30:53
12204,2005-08-18 02:20:35,304,575,2005-08-26 01:27:35,2,2006-02-16 02:30:53
12205,2005-08-18 02:21:08,774,437,2005-08-27 00:08:08,2,2006-02-16 02:30:53
12206,2005-08-18 02:22:20,3275,254,2005-08-23 05:36:20,1,2006-02-16 02:30:53
12207,2005-08-18 02:24:07,3745,265,2005-08-22 07:53:07,1,2006-02-16 02:30:53
12208,2005-08-18 02:25:25,2039,551,2005-08-20 04:53:25,2,2006-02-16 02:30:53
12209,2005-08-18 02:27:20,279,243,2005-08-21 00:41:20,2,2006-02-16 02:30:53
12210,2005-08-18 02:27:29,3035,217,2005-08-20 23:32:29,2,2006-02-16 02:30:53
12211,2005-08-18 02:31:18,1484,19,2005-08-26 02:36:18,1,2006-02-16 02:30:53
12212,2005-08-18 02:33:29,3898,449,2005-08-25 07:10:29,2,2006-02-16 02:30:53
12213,2005-08-18 02:33:55,4058,157,2005-08-24 03:14:55,1,2006-02-16 02:30:53
12214,2005-08-18 02:34:22,2094,231,2005-08-21 07:48:22,2,2006-02-16 02:30:53
12215,2005-08-18 02:35:39,4095,47,2005-08-24 00:36:39,1,2006-02-16 02:30:53
12216,2005-08-18 02:37:07,4139,131,2005-08-19 02:09:07,2,2006-02-16 02:30:53
12217,2005-08-18 02:44:44,2556,105,2005-08-24 03:27:44,1,2006-02-16 02:30:53
12218,2005-08-18 02:48:14,1933,70,2005-08-21 01:52:14,2,2006-02-16 02:30:53
12219,2005-08-18 02:49:54,2249,271,2005-08-23 07:52:54,1,2006-02-16 02:30:53
12220,2005-08-18 02:50:02,982,530,2005-08-22 00:20:02,1,2006-02-16 02:30:53
12221,2005-08-18 02:50:51,2488,98,2005-08-27 06:22:51,2,2006-02-16 02:30:53
12222,2006-02-14 15:16:03,3949,22,,1,2006-02-16 02:30:53
12223,2005-08-18 02:58:40,4142,397,2005-08-23 23:30:40,2,2006-02-16 02:30:53
12224,2005-08-18 02:59:09,1781,372,2005-08-19 06:22:09,1,2006-02-16 02:30:53
12225,2005-08-18 03:00:11,1876,306,2005-08-24 05:01:11,1,2006-02-16 02:30:53
12226,2005-08-18 03:00:48,682,234,2005-08-25 00:43:48,2,2006-02-16 02:30:53
12227,2005-08-18 03:04:28,3671,591,2005-08-21 08:52:28,2,2006-02-16 02:30:53
12228,2005-08-18 03:08:10,2772,9,2005-08-20 02:48:10,1,2006-02-16 02:30:53
12229,2005-08-18 03:08:23,1123,382,2005-08-22 03:42:23,1,2006-02-16 02:30:53
12230,2005-08-18 03:11:04,1910,231,2005-08-27 04:06:04,1,2006-02-16 02:30:53
12231,2005-08-18 03:11:44,1115,231,2005-08-24 03:26:44,1,2006-02-16 02:30:53
12232,2005-08-18 03:14:14,2399,87,2005-08-19 05:44:14,2,2006-02-16 02:30:53
12233,2005-08-18 03:16:54,174,535,2005-08-22 04:48:54,2,2006-02-16 02:30:53
12234,2005-08-18 03:17:33,3823,352,2005-08-25 04:44:33,2,2006-02-16 02:30:53
12235,2005-08-18 03:17:50,957,595,2005-08-20 02:49:50,1,2006-02-16 02:30:53
12236,2005-08-18 03:19:29,1190,474,2005-08-23 07:39:29,2,2006-02-16 02:30:53
12237,2005-08-18 03:24:38,4422,381,2005-08-25 09:05:38,1,2006-02-16 02:30:53
12238,2005-08-18 03:25:08,4043,46,2005-08-20 02:41:08,2,2006-02-16 02:30:53
12239,2005-08-18 03:26:42,1948,75,2005-08-24 23:48:42,1,2006-02-16 02:30:53
12240,2005-08-18 03:27:11,1168,30,2005-08-26 04:34:11,2,2006-02-16 02:30:53
12241,2005-08-18 03:33:17,1261,248,2005-08-21 03:13:17,2,2006-02-16 02:30:53
12242,2005-08-18 03:37:31,2095,121,2005-08-25 06:50:31,1,2006-02-16 02:30:53
12243,2005-08-18 03:38:54,1829,354,2005-08-27 06:56:54,2,2006-02-16 02:30:53
12244,2005-08-18 03:39:11,4441,362,2005-08-21 02:57:11,2,2006-02-16 02:30:53
12245,2005-08-18 03:46:40,2960,576,2005-08-24 22:27:40,2,2006-02-16 02:30:53
12246,2005-08-18 03:48:41,3199,258,2005-08-25 05:12:41,1,2006-02-16 02:30:53
12247,2005-08-18 03:51:51,2264,254,2005-08-24 05:36:51,2,2006-02-16 02:30:53
12248,2005-08-18 03:53:18,2120,562,2005-08-22 04:53:18,1,2006-02-16 02:30:53
12249,2005-08-18 03:53:34,3586,135,2005-08-21 01:14:34,1,2006-02-16 02:30:53
12250,2005-08-18 03:57:29,921,1,2005-08-22 23:05:29,1,2006-02-16 02:30:53
12251,2005-08-18 03:59:02,3044,276,2005-08-19 02:38:02,1,2006-02-16 02:30:53
12252,2005-08-18 03:59:51,127,350,2005-08-25 08:54:51,2,2006-02-16 02:30:53
12253,2005-08-18 04:00:50,566,446,2005-08-19 04:43:50,1,2006-02-16 02:30:53
12254,2005-08-18 04:05:29,2858,6,2005-08-23 04:17:29,1,2006-02-16 02:30:53
12255,2005-08-18 04:07:20,2100,266,2005-08-21 22:19:20,1,2006-02-16 02:30:53
12256,2005-08-18 04:09:39,2975,572,2005-08-22 01:53:39,2,2006-02-16 02:30:53
12257,2005-08-18 04:11:03,269,87,2005-08-25 01:20:03,2,2006-02-16 02:30:53
12258,2005-08-18 04:11:13,2861,83,2005-08-21 23:40:13,2,2006-02-16 02:30:53
12259,2005-08-18 04:14:35,2904,429,2005-08-18 22:30:35,2,2006-02-16 02:30:53
12260,2005-08-18 04:15:43,1352,150,2005-08-26 23:31:43,1,2006-02-16 02:30:53
12261,2005-08-18 04:16:06,4076,485,2005-08-27 08:04:06,1,2006-02-16 02:30:53
12262,2005-08-18 04:16:15,591,125,2005-08-20 09:16:15,1,2006-02-16 02:30:53
12263,2005-08-18 04:16:18,4053,131,2005-08-21 07:22:18,1,2006-02-16 02:30:53
12264,2005-08-18 04:17:33,3073,87,2005-08-26 08:07:33,1,2006-02-16 02:30:53
12265,2005-08-18 04:22:01,537,247,2005-08-20 03:22:01,1,2006-02-16 02:30:53
12266,2005-08-18 04:22:31,2192,467,2005-08-19 04:25:31,2,2006-02-16 02:30:53
12267,2005-08-18 04:24:30,652,388,2005-08-26 03:01:30,2,2006-02-16 02:30:53
12268,2005-08-18 04:26:54,93,39,2005-08-23 06:40:54,2,2006-02-16 02:30:53
12269,2005-08-18 04:27:54,724,573,2005-08-25 07:03:54,1,2006-02-16 02:30:53
12270,2005-08-18 04:32:05,2456,190,2005-08-21 01:37:05,2,2006-02-16 02:30:53
12271,2005-08-18 04:33:11,3866,471,2005-08-20 23:10:11,1,2006-02-16 02:30:53
12272,2005-08-18 04:39:10,1964,15,2005-08-24 09:41:10,1,2006-02-16 02:30:53
12273,2005-08-18 04:40:50,3539,431,2005-08-25 01:44:50,2,2006-02-16 02:30:53
12274,2005-08-18 04:41:47,265,47,2005-08-27 07:00:47,1,2006-02-16 02:30:53
12275,2005-08-18 04:42:02,1474,507,2005-08-25 00:50:02,1,2006-02-16 02:30:53
12276,2005-08-18 04:43:22,4491,397,2005-08-22 01:49:22,2,2006-02-16 02:30:53
12277,2006-02-14 15:16:03,407,33,,2,2006-02-16 02:30:53
12278,2005-08-18 04:46:45,3205,294,2005-08-24 08:59:45,2,2006-02-16 02:30:53
12279,2005-08-18 04:47:30,4159,421,2005-08-19 09:47:30,2,2006-02-16 02:30:53
12280,2005-08-18 04:49:27,4032,46,2005-08-21 03:39:27,2,2006-02-16 02:30:53
12281,2005-08-18 04:50:32,4576,417,2005-08-21 00:14:32,2,2006-02-16 02:30:53
12282,2005-08-18 04:54:20,3623,173,2005-08-23 05:28:20,2,2006-02-16 02:30:53
12283,2005-08-18 04:54:25,574,240,2005-08-23 04:02:25,1,2006-02-16 02:30:53
12284,2005-08-18 04:55:49,3162,147,2005-08-22 08:45:49,2,2006-02-16 02:30:53
12285,2005-08-18 04:56:43,3531,215,2005-08-19 23:32:43,2,2006-02-16 02:30:53
12286,2005-08-18 04:57:59,3729,34,2005-08-18 23:20:59,2,2006-02-16 02:30:53
12287,2005-08-18 04:58:06,2238,136,2005-08-24 00:06:06,1,2006-02-16 02:30:53
12288,2005-08-18 05:01:20,4401,523,2005-08-25 09:51:20,2,2006-02-16 02:30:53
12289,2005-08-18 05:05:28,443,575,2005-08-26 09:02:28,1,2006-02-16 02:30:53
12290,2005-08-18 05:08:03,4100,283,2005-08-23 08:10:03,2,2006-02-16 02:30:53
12291,2005-08-18 05:08:37,4270,73,2005-08-23 09:01:37,1,2006-02-16 02:30:53
12292,2005-08-18 05:08:54,1417,58,2005-08-27 02:51:54,1,2006-02-16 02:30:53
12293,2005-08-18 05:13:36,614,514,2005-08-25 04:00:36,2,2006-02-16 02:30:53
12294,2005-08-18 05:14:44,2479,4,2005-08-27 01:32:44,2,2006-02-16 02:30:53
12295,2005-08-18 05:15:46,1651,532,2005-08-26 02:23:46,2,2006-02-16 02:30:53
12296,2005-08-18 05:16:28,2091,258,2005-08-22 10:32:28,1,2006-02-16 02:30:53
12297,2005-08-18 05:19:57,903,436,2005-08-21 00:53:57,1,2006-02-16 02:30:53
12298,2005-08-18 05:30:31,904,46,2005-08-27 07:33:31,1,2006-02-16 02:30:53
12299,2005-08-18 05:32:32,892,176,2005-08-22 08:14:32,2,2006-02-16 02:30:53
12300,2005-08-18 05:36:14,3213,540,2005-08-25 00:20:14,2,2006-02-16 02:30:53
12301,2005-08-18 05:36:20,2293,317,2005-08-23 03:15:20,1,2006-02-16 02:30:53
12302,2005-08-18 05:41:39,765,514,2005-08-22 06:02:39,1,2006-02-16 02:30:53
12303,2005-08-18 05:43:22,1604,245,2005-08-27 08:54:22,2,2006-02-16 02:30:53
12304,2005-08-18 05:44:29,1381,228,2005-08-24 04:31:29,1,2006-02-16 02:30:53
12305,2005-08-18 05:46:29,4463,534,2005-08-22 11:14:29,2,2006-02-16 02:30:53
12306,2005-08-18 05:47:55,3853,541,2005-08-21 01:56:55,1,2006-02-16 02:30:53
12307,2005-08-18 05:48:23,2679,187,2005-08-26 02:32:23,1,2006-02-16 02:30:53
12308,2005-08-18 05:48:53,2877,569,2005-08-22 09:03:53,1,2006-02-16 02:30:53
12309,2005-08-18 05:58:40,762,9,2005-08-20 02:20:40,2,2006-02-16 02:30:53
12310,2005-08-18 06:02:34,3814,385,2005-08-24 01:08:34,2,2006-02-16 02:30:53
12311,2005-08-18 06:07:00,1650,211,2005-08-21 07:54:00,2,2006-02-16 02:30:53
12312,2005-08-18 06:07:26,80,185,2005-08-21 02:07:26,2,2006-02-16 02:30:53
12313,2005-08-18 06:07:31,2053,180,2005-08-27 00:20:31,1,2006-02-16 02:30:53
12314,2005-08-18 06:10:02,2204,455,2005-08-25 02:48:02,1,2006-02-16 02:30:53
12315,2005-08-18 06:15:06,2012,579,2005-08-24 07:45:06,2,2006-02-16 02:30:53
12316,2005-08-18 06:16:09,4325,94,2005-08-27 05:54:09,2,2006-02-16 02:30:53
12317,2005-08-18 06:17:06,90,510,2005-08-22 08:56:06,1,2006-02-16 02:30:53
12318,2005-08-18 06:21:56,3694,332,2005-08-27 06:07:56,1,2006-02-16 02:30:53
12319,2005-08-18 06:26:45,999,368,2005-08-23 01:35:45,1,2006-02-16 02:30:53
12320,2005-08-18 06:26:51,3248,267,2005-08-20 04:00:51,1,2006-02-16 02:30:53
12321,2005-08-18 06:27:05,516,274,2005-08-24 02:26:05,1,2006-02-16 02:30:53
12322,2005-08-18 06:35:28,4235,365,2005-08-23 07:34:28,1,2006-02-16 02:30:53
12323,2005-08-18 06:36:22,4107,336,2005-08-26 11:36:22,1,2006-02-16 02:30:53
12324,2005-08-18 06:38:20,2436,221,2005-08-20 02:28:20,2,2006-02-16 02:30:53
12325,2005-08-18 06:41:30,1844,404,2005-08-26 02:49:30,1,2006-02-16 02:30:53
12326,2005-08-18 06:41:59,1865,114,2005-08-19 10:16:59,2,2006-02-16 02:30:53
12327,2005-08-18 06:43:22,2425,261,2005-08-25 10:50:22,2,2006-02-16 02:30:53
12328,2005-08-18 06:43:56,1355,77,2005-08-23 10:19:56,2,2006-02-16 02:30:53
12329,2005-08-18 06:44:30,3127,397,2005-08-25 04:05:30,1,2006-02-16 02:30:53
12330,2005-08-18 06:46:33,889,587,2005-08-26 11:35:33,2,2006-02-16 02:30:53
12331,2005-08-18 06:47:19,4565,483,2005-08-25 05:51:19,2,2006-02-16 02:30:53
12332,2005-08-18 06:51:05,627,235,2005-08-20 04:28:05,2,2006-02-16 02:30:53
12333,2005-08-18 06:51:39,4370,18,2005-08-21 01:44:39,2,2006-02-16 02:30:53
12334,2005-08-18 06:52:36,2629,160,2005-08-25 12:06:36,1,2006-02-16 02:30:53
12335,2005-08-18 06:59:15,2776,150,2005-08-20 06:47:15,1,2006-02-16 02:30:53
12336,2005-08-18 06:59:41,2484,75,2005-08-23 01:36:41,1,2006-02-16 02:30:53
12337,2005-08-18 07:02:24,4221,117,2005-08-20 10:11:24,1,2006-02-16 02:30:53
12338,2005-08-18 07:04:24,274,408,2005-08-19 08:36:24,2,2006-02-16 02:30:53
12339,2005-08-18 07:05:06,1600,370,2005-08-19 02:27:06,2,2006-02-16 02:30:53
12340,2005-08-18 07:07:01,3561,239,2005-08-20 05:06:01,1,2006-02-16 02:30:53
12341,2005-08-18 07:09:27,130,154,2005-08-21 03:44:27,1,2006-02-16 02:30:53
12342,2005-08-18 07:12:46,1408,63,2005-08-21 07:44:46,1,2006-02-16 02:30:53
12343,2005-08-18 07:15:13,448,507,2005-08-27 11:07:13,1,2006-02-16 02:30:53
12344,2005-08-18 07:15:19,3675,269,2005-08-24 04:58:19,2,2006-02-16 02:30:53
12345,2005-08-18 07:16:58,2359,44,2005-08-25 05:50:58,1,2006-02-16 02:30:53
12346,2005-08-18 07:17:55,1200,265,2005-08-21 11:35:55,2,2006-02-16 02:30:53
12347,2005-08-18 07:18:10,1788,454,2005-08-19 05:49:10,1,2006-02-16 02:30:53
12348,2005-08-18 07:21:47,434,186,2005-08-25 04:41:47,2,2006-02-16 02:30:53
12349,2005-08-18 07:23:42,4191,545,2005-08-19 04:25:42,1,2006-02-16 02:30:53
12350,2005-08-18 07:29:46,1333,172,2005-08-21 12:50:46,1,2006-02-16 02:30:53
12351,2005-08-18 07:32:12,2299,95,2005-08-24 04:29:12,2,2006-02-16 02:30:53
12352,2006-02-14 15:16:03,643,155,,1,2006-02-16 02:30:53
12353,2005-08-18 07:33:08,1594,141,2005-08-21 03:42:08,2,2006-02-16 02:30:53
12354,2005-08-18 07:34:07,2913,499,2005-08-26 05:56:07,1,2006-02-16 02:30:53
12355,2005-08-18 07:36:23,4112,452,2005-08-20 08:59:23,1,2006-02-16 02:30:53
12356,2005-08-18 07:37:05,493,529,2005-08-24 10:49:05,1,2006-02-16 02:30:53
12357,2005-08-18 07:40:52,166,19,2005-08-22 02:51:52,1,2006-02-16 02:30:53
12358,2005-08-18 07:41:43,504,16,2005-08-20 03:46:43,1,2006-02-16 02:30:53
12359,2005-08-18 07:44:05,4172,28,2005-08-19 02:26:05,1,2006-02-16 02:30:53
12360,2005-08-18 07:46:35,929,123,2005-08-26 12:01:35,1,2006-02-16 02:30:53
12361,2005-08-18 07:47:31,1418,250,2005-08-22 12:08:31,2,2006-02-16 02:30:53
12362,2005-08-18 07:48:05,3131,367,2005-08-20 05:16:05,2,2006-02-16 02:30:53
12363,2005-08-18 07:52:49,3447,181,2005-08-26 03:20:49,2,2006-02-16 02:30:53
12364,2005-08-18 07:55:09,3398,84,2005-08-19 05:29:09,2,2006-02-16 02:30:53
12365,2005-08-18 07:55:09,4350,303,2005-08-24 05:42:09,1,2006-02-16 02:30:53
12366,2005-08-18 07:55:14,3799,115,2005-08-22 06:12:14,1,2006-02-16 02:30:53
12367,2005-08-18 07:57:14,1822,7,2005-08-27 07:07:14,2,2006-02-16 02:30:53
12368,2005-08-18 07:57:38,3777,392,2005-08-25 05:49:38,2,2006-02-16 02:30:53
12369,2005-08-18 07:57:43,484,337,2005-08-26 09:36:43,1,2006-02-16 02:30:53
12370,2005-08-18 07:57:47,3343,503,2005-08-22 11:32:47,1,2006-02-16 02:30:53
12371,2005-08-18 08:02:46,622,451,2005-08-19 02:50:46,2,2006-02-16 02:30:53
12372,2005-08-18 08:04:35,2982,131,2005-08-27 08:13:35,2,2006-02-16 02:30:53
12373,2005-08-18 08:07:25,777,367,2005-08-27 03:41:25,1,2006-02-16 02:30:53
12374,2005-08-18 08:07:45,939,74,2005-08-26 10:42:45,2,2006-02-16 02:30:53
12375,2005-08-18 08:20:08,3508,365,2005-08-21 08:50:08,2,2006-02-16 02:30:53
12376,2005-08-18 08:20:29,852,116,2005-08-20 13:20:29,1,2006-02-16 02:30:53
12377,2005-08-18 08:26:05,4564,31,2005-08-23 02:51:05,2,2006-02-16 02:30:53
12378,2005-08-18 08:26:13,4418,266,2005-08-19 07:21:13,1,2006-02-16 02:30:53
12379,2005-08-18 08:26:48,2879,99,2005-08-19 10:08:48,2,2006-02-16 02:30:53
12380,2005-08-18 08:27:28,55,215,2005-08-25 02:58:28,2,2006-02-16 02:30:53
12381,2005-08-18 08:31:43,3651,190,2005-08-23 12:24:43,2,2006-02-16 02:30:53
12382,2005-08-18 08:32:33,3049,566,2005-08-26 03:45:33,2,2006-02-16 02:30:53
12383,2005-08-18 08:36:03,1641,295,2005-08-23 03:30:03,2,2006-02-16 02:30:53
12384,2005-08-18 08:36:58,2557,193,2005-08-23 05:08:58,1,2006-02-16 02:30:53
12385,2005-08-18 08:39:33,3143,146,2005-08-21 14:22:33,1,2006-02-16 02:30:53
12386,2005-08-18 08:45:57,3303,199,2005-08-24 04:50:57,2,2006-02-16 02:30:53
12387,2005-08-18 08:46:24,3604,530,2005-08-21 02:56:24,2,2006-02-16 02:30:53
12388,2005-08-18 08:48:09,4016,555,2005-08-26 09:05:09,2,2006-02-16 02:30:53
12389,2005-08-18 08:48:36,1891,394,2005-08-22 08:59:36,2,2006-02-16 02:30:53
12390,2005-08-18 08:51:42,3603,377,2005-08-23 13:06:42,1,2006-02-16 02:30:53
12391,2005-08-18 08:52:53,1507,307,2005-08-22 12:15:53,2,2006-02-16 02:30:53
12392,2005-08-18 08:57:58,2695,113,2005-08-25 05:20:58,2,2006-02-16 02:30:53
12393,2005-08-18 09:02:41,2435,396,2005-08-26 12:47:41,1,2006-02-16 02:30:53
12394,2005-08-18 09:05:15,3605,330,2005-08-23 11:10:15,1,2006-02-16 02:30:53
12395,2005-08-18 09:06:30,2020,541,2005-08-21 12:09:30,2,2006-02-16 02:30:53
12396,2005-08-18 09:11:23,3624,40,2005-08-26 05:35:23,2,2006-02-16 02:30:53
12397,2005-08-18 09:12:52,1872,371,2005-08-27 10:44:52,2,2006-02-16 02:30:53
12398,2005-08-18 09:13:24,4247,321,2005-08-27 14:58:24,1,2006-02-16 02:30:53
12399,2005-08-18 09:13:42,3950,347,2005-08-27 11:44:42,1,2006-02-16 02:30:53
12400,2005-08-18 09:19:12,1767,10,2005-08-26 06:52:12,1,2006-02-16 02:30:53
12401,2005-08-18 09:20:51,4314,479,2005-08-21 05:50:51,2,2006-02-16 02:30:53
12402,2005-08-18 09:27:34,385,123,2005-08-25 13:10:34,2,2006-02-16 02:30:53
12403,2005-08-18 09:31:05,2124,440,2005-08-23 09:54:05,2,2006-02-16 02:30:53
12404,2005-08-18 09:36:34,1097,342,2005-08-23 10:12:34,2,2006-02-16 02:30:53
12405,2005-08-18 09:37:30,228,266,2005-08-27 13:11:30,2,2006-02-16 02:30:53
12406,2005-08-18 09:38:02,4368,510,2005-08-22 12:56:02,1,2006-02-16 02:30:53
12407,2005-08-18 09:39:26,391,220,2005-08-24 05:19:26,2,2006-02-16 02:30:53
12408,2005-08-18 09:40:38,2360,143,2005-08-19 04:45:38,1,2006-02-16 02:30:53
12409,2005-08-18 09:43:58,2568,64,2005-08-19 15:02:58,2,2006-02-16 02:30:53
12410,2005-08-18 09:45:33,1904,210,2005-08-27 08:50:33,1,2006-02-16 02:30:53
12411,2005-08-18 09:47:57,1234,181,2005-08-21 05:54:57,2,2006-02-16 02:30:53
12412,2005-08-18 09:49:52,1578,75,2005-08-23 12:32:52,2,2006-02-16 02:30:53
12413,2005-08-18 09:50:34,3466,366,2005-08-23 05:57:34,2,2006-02-16 02:30:53
12414,2005-08-18 09:50:40,4454,32,2005-08-26 06:45:40,2,2006-02-16 02:30:53
12415,2005-08-18 09:54:01,392,443,2005-08-24 15:41:01,1,2006-02-16 02:30:53
12416,2005-08-18 09:56:48,3784,515,2005-08-22 12:34:48,1,2006-02-16 02:30:53
12417,2005-08-18 09:57:00,3500,71,2005-08-19 08:56:00,1,2006-02-16 02:30:53
12418,2005-08-18 09:59:36,4186,241,2005-08-19 11:35:36,2,2006-02-16 02:30:53
12419,2005-08-18 10:01:48,3111,133,2005-08-19 13:40:48,1,2006-02-16 02:30:53
12420,2005-08-18 10:01:50,452,477,2005-08-22 08:14:50,1,2006-02-16 02:30:53
12421,2005-08-18 10:04:06,4067,158,2005-08-24 08:45:06,2,2006-02-16 02:30:53
12422,2005-08-18 10:13:12,1855,451,2005-08-20 14:36:12,2,2006-02-16 02:30:53
12423,2005-08-18 10:14:52,1014,470,2005-08-26 13:16:52,2,2006-02-16 02:30:53
12424,2005-08-18 10:16:57,2055,319,2005-08-27 04:41:57,1,2006-02-16 02:30:53
12425,2005-08-18 10:18:06,2000,405,2005-08-27 08:16:06,2,2006-02-16 02:30:53
12426,2005-08-18 10:24:11,799,75,2005-08-22 15:34:11,2,2006-02-16 02:30:53
12427,2005-08-18 10:24:17,1759,333,2005-08-27 14:22:17,1,2006-02-16 02:30:53
12428,2005-08-18 10:24:21,3735,121,2005-08-24 05:12:21,1,2006-02-16 02:30:53
12429,2005-08-18 10:26:46,2994,436,2005-08-27 13:23:46,1,2006-02-16 02:30:53
12430,2005-08-18 10:32:41,2840,196,2005-08-22 16:16:41,1,2006-02-16 02:30:53
12431,2005-08-18 10:34:59,4461,89,2005-08-22 14:42:59,1,2006-02-16 02:30:53
12432,2005-08-18 10:35:13,2543,263,2005-08-26 08:20:13,2,2006-02-16 02:30:53
12433,2005-08-18 10:37:49,1776,552,2005-08-19 08:00:49,1,2006-02-16 02:30:53
12434,2005-08-18 10:38:08,3078,314,2005-08-22 16:14:08,2,2006-02-16 02:30:53
12435,2005-08-18 10:38:31,3211,160,2005-08-26 15:18:31,1,2006-02-16 02:30:53
12436,2005-08-18 10:41:05,3761,499,2005-08-23 07:36:05,2,2006-02-16 02:30:53
12437,2005-08-18 10:42:43,4036,467,2005-08-26 11:58:43,2,2006-02-16 02:30:53
12438,2005-08-18 10:42:52,2043,186,2005-08-25 11:42:52,1,2006-02-16 02:30:53
12439,2005-08-18 10:44:57,3204,153,2005-08-22 06:51:57,1,2006-02-16 02:30:53
12440,2005-08-18 10:47:35,2779,474,2005-08-21 11:10:35,2,2006-02-16 02:30:53
12441,2005-08-18 10:47:57,2163,561,2005-08-26 07:11:57,2,2006-02-16 02:30:53
12442,2005-08-18 10:50:07,78,270,2005-08-21 08:06:07,1,2006-02-16 02:30:53
12443,2005-08-18 10:50:59,2048,233,2005-08-26 07:48:59,2,2006-02-16 02:30:53
12444,2005-08-18 10:53:12,1639,285,2005-08-19 13:54:12,2,2006-02-16 02:30:53
12445,2005-08-18 10:56:20,3347,350,2005-08-21 16:46:20,1,2006-02-16 02:30:53
12446,2005-08-18 10:56:29,2138,448,2005-08-23 05:30:29,1,2006-02-16 02:30:53
12447,2005-08-18 10:57:01,4084,469,2005-08-27 06:05:01,1,2006-02-16 02:30:53
12448,2005-08-18 10:59:04,3889,72,2005-08-21 06:45:04,2,2006-02-16 02:30:53
12449,2005-08-18 11:03:04,663,285,2005-08-19 07:34:04,1,2006-02-16 02:30:53
12450,2005-08-18 11:04:04,3439,518,2005-08-22 07:24:04,1,2006-02-16 02:30:53
12451,2005-08-18 11:04:42,2780,183,2005-08-20 08:20:42,1,2006-02-16 02:30:53
12452,2005-08-18 11:14:35,4260,358,2005-08-27 09:09:35,1,2006-02-16 02:30:53
12453,2005-08-18 11:17:07,2487,104,2005-08-25 12:34:07,1,2006-02-16 02:30:53
12454,2005-08-18 11:19:02,4219,184,2005-08-19 12:00:02,2,2006-02-16 02:30:53
12455,2005-08-18 11:19:47,4478,46,2005-08-22 16:08:47,2,2006-02-16 02:30:53
12456,2005-08-18 11:21:51,4578,85,2005-08-21 13:28:51,1,2006-02-16 02:30:53
12457,2006-02-14 15:16:03,2145,80,,2,2006-02-16 02:30:53
12458,2005-08-18 11:22:53,4579,277,2005-08-22 14:30:53,2,2006-02-16 02:30:53
12459,2005-08-18 11:25:11,421,39,2005-08-22 06:13:11,1,2006-02-16 02:30:53
12460,2005-08-18 11:25:13,3550,419,2005-08-27 06:27:13,2,2006-02-16 02:30:53
12461,2005-08-18 11:28:14,1569,27,2005-08-21 09:47:14,1,2006-02-16 02:30:53
12462,2005-08-18 11:28:55,890,574,2005-08-20 12:06:55,2,2006-02-16 02:30:53
12463,2005-08-18 11:31:34,30,214,2005-08-23 12:04:34,1,2006-02-16 02:30:53
12464,2005-08-18 11:33:34,1954,157,2005-08-27 14:33:34,1,2006-02-16 02:30:53
12465,2005-08-18 11:35:02,1733,486,2005-08-21 11:52:02,2,2006-02-16 02:30:53
12466,2005-08-18 11:36:55,2686,462,2005-08-23 13:46:55,1,2006-02-16 02:30:53
12467,2005-08-18 11:40:09,1414,212,2005-08-19 13:33:09,2,2006-02-16 02:30:53
12468,2005-08-18 11:41:47,1689,80,2005-08-24 16:43:47,2,2006-02-16 02:30:53
12469,2005-08-18 11:53:07,2395,237,2005-08-24 16:00:07,1,2006-02-16 02:30:53
12470,2005-08-18 11:55:42,1290,82,2005-08-24 08:27:42,2,2006-02-16 02:30:53
12471,2005-08-18 11:57:00,242,101,2005-08-26 13:17:00,2,2006-02-16 02:30:53
12472,2005-08-18 11:58:48,4458,297,2005-08-27 16:37:48,2,2006-02-16 02:30:53
12473,2005-08-18 11:59:44,1237,303,2005-08-21 13:38:44,1,2006-02-16 02:30:53
12474,2005-08-18 12:10:03,2240,78,2005-08-27 17:05:03,1,2006-02-16 02:30:53
12475,2005-08-18 12:14:21,3118,401,2005-08-24 14:43:21,2,2006-02-16 02:30:53
12476,2005-08-18 12:22:40,2784,122,2005-08-20 17:29:40,2,2006-02-16 02:30:53
12477,2005-08-18 12:25:01,4516,74,2005-08-25 17:25:01,2,2006-02-16 02:30:53
12478,2005-08-18 12:25:16,4512,42,2005-08-22 06:27:16,2,2006-02-16 02:30:53
12479,2005-08-18 12:26:37,1119,401,2005-08-21 18:08:37,2,2006-02-16 02:30:53
12480,2005-08-18 12:26:43,3339,446,2005-08-26 13:23:43,1,2006-02-16 02:30:53
12481,2005-08-18 12:31:34,2424,218,2005-08-21 16:08:34,2,2006-02-16 02:30:53
12482,2005-08-18 12:37:36,3778,247,2005-08-26 09:53:36,1,2006-02-16 02:30:53
12483,2005-08-18 12:38:37,1805,488,2005-08-24 13:26:37,1,2006-02-16 02:30:53
12484,2005-08-18 12:39:37,3690,300,2005-08-24 08:47:37,2,2006-02-16 02:30:53
12485,2005-08-18 12:41:41,422,345,2005-08-22 16:38:41,2,2006-02-16 02:30:53
12486,2005-08-18 12:42:50,2991,515,2005-08-27 13:41:50,2,2006-02-16 02:30:53
12487,2005-08-18 12:45:24,2554,485,2005-08-22 12:39:24,1,2006-02-16 02:30:53
12488,2005-08-18 12:48:22,3323,29,2005-08-19 16:19:22,1,2006-02-16 02:30:53
12489,2006-02-14 15:16:03,387,60,,2,2006-02-16 02:30:53
12490,2005-08-18 12:48:45,1577,187,2005-08-27 15:53:45,1,2006-02-16 02:30:53
12491,2005-08-18 12:48:45,2354,247,2005-08-22 12:40:45,2,2006-02-16 02:30:53
12492,2005-08-18 12:49:04,2839,224,2005-08-26 17:55:04,1,2006-02-16 02:30:53
12493,2005-08-18 12:53:38,3029,487,2005-08-27 13:15:38,2,2006-02-16 02:30:53
12494,2005-08-18 12:53:49,3845,522,2005-08-26 15:52:49,1,2006-02-16 02:30:53
12495,2005-08-18 12:56:37,1225,102,2005-08-22 06:58:37,1,2006-02-16 02:30:53
12496,2005-08-18 12:58:25,456,489,2005-08-27 18:43:25,2,2006-02-16 02:30:53
12497,2005-08-18 12:58:40,824,388,2005-08-24 08:24:40,1,2006-02-16 02:30:53
12498,2005-08-18 13:01:08,1063,408,2005-08-21 13:12:08,1,2006-02-16 02:30:53
12499,2005-08-18 13:05:37,2611,42,2005-08-19 07:41:37,1,2006-02-16 02:30:53
12500,2005-08-18 13:05:51,36,310,2005-08-19 14:54:51,2,2006-02-16 02:30:53
12501,2005-08-18 13:13:13,728,173,2005-08-23 07:24:13,2,2006-02-16 02:30:53
12502,2005-08-18 13:16:31,2153,235,2005-08-19 17:47:31,1,2006-02-16 02:30:53
12503,2005-08-18 13:16:46,3548,379,2005-08-19 10:24:46,2,2006-02-16 02:30:53
12504,2005-08-18 13:17:07,4429,44,2005-08-24 09:13:07,2,2006-02-16 02:30:53
12505,2005-08-18 13:17:30,3741,406,2005-08-23 18:03:30,1,2006-02-16 02:30:53
12506,2006-02-14 15:16:03,1132,114,,2,2006-02-16 02:30:53
12507,2005-08-18 13:19:13,199,584,2005-08-27 11:48:13,2,2006-02-16 02:30:53
12508,2005-08-18 13:20:13,1059,29,2005-08-22 12:55:13,1,2006-02-16 02:30:53
12509,2005-08-18 13:21:52,2462,175,2005-08-20 12:14:52,2,2006-02-16 02:30:53
12510,2005-08-18 13:22:25,3051,394,2005-08-27 17:38:25,2,2006-02-16 02:30:53
12511,2005-08-18 13:23:19,919,447,2005-08-22 11:43:19,2,2006-02-16 02:30:53
12512,2005-08-18 13:28:27,3959,148,2005-08-26 19:08:27,2,2006-02-16 02:30:53
12513,2005-08-18 13:31:45,29,527,2005-08-25 08:26:45,1,2006-02-16 02:30:53
12514,2005-08-18 13:33:55,3310,400,2005-08-23 12:50:55,2,2006-02-16 02:30:53
12515,2005-08-18 13:39:26,2703,63,2005-08-22 09:05:26,1,2006-02-16 02:30:53
12516,2005-08-18 13:39:53,1332,302,2005-08-20 08:33:53,1,2006-02-16 02:30:53
12517,2005-08-18 13:40:20,2908,520,2005-08-27 14:04:20,1,2006-02-16 02:30:53
12518,2005-08-18 13:41:32,3860,264,2005-08-23 13:01:32,1,2006-02-16 02:30:53
12519,2005-08-18 13:42:14,2394,203,2005-08-24 16:44:14,1,2006-02-16 02:30:53
12520,2005-08-18 13:42:45,681,52,2005-08-23 12:54:45,2,2006-02-16 02:30:53
12521,2005-08-18 13:43:07,1022,369,2005-08-21 07:53:07,1,2006-02-16 02:30:53
12522,2005-08-18 13:45:40,4435,342,2005-08-27 17:05:40,1,2006-02-16 02:30:53
12523,2005-08-18 13:45:41,888,230,2005-08-27 10:46:41,1,2006-02-16 02:30:53
12524,2006-02-14 15:16:03,857,438,,1,2006-02-16 02:30:53
12525,2005-08-18 13:48:31,2357,96,2005-08-23 13:04:31,2,2006-02-16 02:30:53
12526,2005-08-18 13:48:43,3541,54,2005-08-19 10:05:43,1,2006-02-16 02:30:53
12527,2005-08-18 13:48:46,2536,459,2005-08-26 13:31:46,2,2006-02-16 02:30:53
12528,2005-08-18 13:52:41,3381,398,2005-08-27 09:09:41,2,2006-02-16 02:30:53
12529,2005-08-18 13:53:36,1956,382,2005-08-19 18:20:36,2,2006-02-16 02:30:53
12530,2005-08-18 13:54:48,1054,521,2005-08-26 08:58:48,2,2006-02-16 02:30:53
12531,2005-08-18 13:57:50,2771,27,2005-08-22 09:46:50,2,2006-02-16 02:30:53
12532,2005-08-18 13:57:58,114,184,2005-08-24 14:58:58,2,2006-02-16 02:30:53
12533,2005-08-18 14:01:40,795,331,2005-08-20 15:32:40,1,2006-02-16 02:30:53
12534,2005-08-18 14:04:41,995,187,2005-08-25 16:57:41,1,2006-02-16 02:30:53
12535,2005-08-18 14:05:22,2944,516,2005-08-25 16:35:22,1,2006-02-16 02:30:53
12536,2005-08-18 14:06:06,2343,373,2005-08-25 14:21:06,1,2006-02-16 02:30:53
12537,2005-08-18 14:06:39,57,56,2005-08-25 09:36:39,2,2006-02-16 02:30:53
12538,2005-08-18 14:09:09,1373,118,2005-08-23 19:12:09,1,2006-02-16 02:30:53
12539,2005-08-18 14:10:09,3259,136,2005-08-19 19:44:09,2,2006-02-16 02:30:53
12540,2005-08-18 14:17:30,2826,304,2005-08-26 15:33:30,2,2006-02-16 02:30:53
12541,2005-08-18 14:18:30,4357,584,2005-08-26 10:24:30,1,2006-02-16 02:30:53
12542,2005-08-18 14:21:11,1920,230,2005-08-20 16:06:11,2,2006-02-16 02:30:53
12543,2005-08-18 14:23:55,330,324,2005-08-20 12:42:55,1,2006-02-16 02:30:53
12544,2005-08-18 14:25:51,3783,354,2005-08-26 18:42:51,1,2006-02-16 02:30:53
12545,2005-08-18 14:28:00,1988,168,2005-08-26 14:10:00,1,2006-02-16 02:30:53
12546,2005-08-18 14:29:37,610,30,2005-08-26 09:47:37,1,2006-02-16 02:30:53
12547,2005-08-18 14:29:39,3046,591,2005-08-22 16:52:39,2,2006-02-16 02:30:53
12548,2005-08-18 14:35:26,750,426,2005-08-27 18:58:26,1,2006-02-16 02:30:53
12549,2005-08-18 14:38:07,1010,377,2005-08-21 08:45:07,1,2006-02-16 02:30:53
12550,2005-08-18 14:40:38,4267,138,2005-08-19 13:33:38,2,2006-02-16 02:30:53
12551,2005-08-18 14:46:26,2195,15,2005-08-19 16:59:26,2,2006-02-16 02:30:53
12552,2005-08-18 14:46:34,4303,413,2005-08-20 11:02:34,2,2006-02-16 02:30:53
12553,2005-08-18 14:46:54,2893,454,2005-08-22 13:41:54,1,2006-02-16 02:30:53
12554,2005-08-18 14:47:28,715,404,2005-08-25 14:34:28,2,2006-02-16 02:30:53
12555,2005-08-18 14:49:22,4434,557,2005-08-26 14:11:22,2,2006-02-16 02:30:53
12556,2005-08-18 14:49:55,1984,3,2005-08-24 15:20:55,2,2006-02-16 02:30:53
12557,2005-08-18 14:51:03,313,364,2005-08-19 13:30:03,2,2006-02-16 02:30:53
12558,2005-08-18 14:52:35,167,289,2005-08-26 09:45:35,2,2006-02-16 02:30:53
12559,2005-08-18 14:53:58,39,513,2005-08-25 20:22:58,1,2006-02-16 02:30:53
12560,2005-08-18 14:54:19,829,596,2005-08-27 13:39:19,1,2006-02-16 02:30:53
12561,2005-08-18 14:58:51,812,392,2005-08-20 10:53:51,1,2006-02-16 02:30:53
12562,2005-08-18 15:00:03,529,212,2005-08-23 12:55:03,2,2006-02-16 02:30:53
12563,2005-08-18 15:08:29,2552,393,2005-08-27 15:15:29,1,2006-02-16 02:30:53
12564,2005-08-18 15:11:35,263,348,2005-08-22 11:45:35,2,2006-02-16 02:30:53
12565,2005-08-18 15:12:17,1284,211,2005-08-19 12:26:17,2,2006-02-16 02:30:53
12566,2005-08-18 15:13:04,1684,407,2005-08-21 19:29:04,2,2006-02-16 02:30:53
12567,2005-08-18 15:14:36,2931,308,2005-08-26 18:56:36,1,2006-02-16 02:30:53
12568,2005-08-18 15:15:44,2654,569,2005-08-22 19:32:44,2,2006-02-16 02:30:53
12569,2005-08-18 15:20:46,1009,29,2005-08-24 12:38:46,2,2006-02-16 02:30:53
12570,2005-08-18 15:23:31,3973,211,2005-08-22 09:59:31,2,2006-02-16 02:30:53
12571,2005-08-18 15:31:18,1013,591,2005-08-23 15:20:18,2,2006-02-16 02:30:53
12572,2005-08-18 15:32:54,1366,253,2005-08-21 10:30:54,1,2006-02-16 02:30:53
12573,2005-08-18 15:32:57,1416,182,2005-08-21 18:29:57,2,2006-02-16 02:30:53
12574,2006-02-14 15:16:03,177,317,,2,2006-02-16 02:30:53
12575,2005-08-18 15:37:42,3441,117,2005-08-25 19:17:42,1,2006-02-16 02:30:53
12576,2005-08-18 15:38:31,329,119,2005-08-22 21:29:31,2,2006-02-16 02:30:53
12577,2005-08-18 15:39:46,4134,16,2005-08-25 18:05:46,2,2006-02-16 02:30:53
12578,2005-08-18 15:47:11,930,514,2005-08-21 10:55:11,1,2006-02-16 02:30:53
12579,2005-08-18 15:47:49,3021,547,2005-08-20 18:12:49,2,2006-02-16 02:30:53
12580,2005-08-18 15:49:08,1197,53,2005-08-24 11:03:08,2,2006-02-16 02:30:53
12581,2005-08-18 15:49:15,4309,70,2005-08-23 20:18:15,1,2006-02-16 02:30:53
12582,2005-08-18 15:51:12,4467,462,2005-08-20 12:05:12,1,2006-02-16 02:30:53
12583,2005-08-18 15:51:36,3090,108,2005-08-20 18:47:36,2,2006-02-16 02:30:53
12584,2005-08-18 15:51:36,4487,371,2005-08-25 19:21:36,1,2006-02-16 02:30:53
12585,2005-08-18 15:52:12,773,110,2005-08-22 21:00:12,1,2006-02-16 02:30:53
12586,2005-08-18 15:54:39,4245,460,2005-08-21 19:29:39,1,2006-02-16 02:30:53
12587,2005-08-18 16:03:13,3081,499,2005-08-25 19:30:13,1,2006-02-16 02:30:53
12588,2005-08-18 16:04:45,694,415,2005-08-23 20:30:45,1,2006-02-16 02:30:53
12589,2005-08-18 16:06:31,956,275,2005-08-27 17:20:31,1,2006-02-16 02:30:53
12590,2005-08-18 16:11:35,2624,308,2005-08-23 10:35:35,1,2006-02-16 02:30:53
12591,2005-08-18 16:16:41,723,546,2005-08-24 10:29:41,2,2006-02-16 02:30:53
12592,2005-08-18 16:17:50,1618,305,2005-08-25 20:20:50,1,2006-02-16 02:30:53
12593,2005-08-18 16:17:54,4092,72,2005-08-21 18:02:54,2,2006-02-16 02:30:53
12594,2005-08-18 16:24:24,4421,198,2005-08-25 15:45:24,1,2006-02-16 02:30:53
12595,2005-08-18 16:27:08,1662,286,2005-08-19 14:53:08,1,2006-02-16 02:30:53
12596,2005-08-18 16:29:35,3662,378,2005-08-24 16:48:35,1,2006-02-16 02:30:53
12597,2005-08-18 16:34:02,3804,474,2005-08-25 17:30:02,2,2006-02-16 02:30:53
12598,2005-08-18 16:34:03,3159,340,2005-08-22 16:44:03,1,2006-02-16 02:30:53
12599,2005-08-18 16:42:45,2032,34,2005-08-23 18:27:45,2,2006-02-16 02:30:53
12600,2005-08-18 16:44:24,1475,171,2005-08-25 17:28:24,1,2006-02-16 02:30:53
12601,2005-08-18 16:47:52,3099,598,2005-08-24 11:05:52,1,2006-02-16 02:30:53
12602,2005-08-18 16:49:50,2001,533,2005-08-21 11:13:50,2,2006-02-16 02:30:53
12603,2005-08-18 16:56:20,2769,119,2005-08-25 11:50:20,2,2006-02-16 02:30:53
12604,2005-08-18 16:58:48,4127,12,2005-08-19 19:36:48,1,2006-02-16 02:30:53
12605,2005-08-18 16:59:37,1359,496,2005-08-20 18:09:37,1,2006-02-16 02:30:53
12606,2005-08-18 17:02:21,359,275,2005-08-24 22:38:21,1,2006-02-16 02:30:53
12607,2005-08-18 17:03:49,2130,526,2005-08-19 18:29:49,1,2006-02-16 02:30:53
12608,2005-08-18 17:05:15,624,366,2005-08-23 17:00:15,2,2006-02-16 02:30:53
12609,2005-08-18 17:06:22,2327,486,2005-08-20 21:30:22,1,2006-02-16 02:30:53
12610,2006-02-14 15:16:03,3181,269,,1,2006-02-16 02:30:53
12611,2005-08-18 17:09:42,1925,359,2005-08-24 11:57:42,2,2006-02-16 02:30:53
12612,2005-08-18 17:10:05,1035,129,2005-08-26 15:55:05,2,2006-02-16 02:30:53
12613,2005-08-18 17:16:01,3877,8,2005-08-23 18:40:01,2,2006-02-16 02:30:53
12614,2005-08-18 17:16:03,2233,60,2005-08-26 16:56:03,2,2006-02-16 02:30:53
12615,2005-08-18 17:16:07,2191,29,2005-08-27 12:57:07,1,2006-02-16 02:30:53
12616,2005-08-18 17:22:41,2952,476,2005-08-25 18:52:41,2,2006-02-16 02:30:53
12617,2005-08-18 17:22:48,3573,564,2005-08-24 17:40:48,2,2006-02-16 02:30:53
12618,2005-08-18 17:24:02,302,117,2005-08-19 15:22:02,1,2006-02-16 02:30:53
12619,2005-08-18 17:24:15,980,592,2005-08-21 15:56:15,1,2006-02-16 02:30:53
12620,2005-08-18 17:26:38,2663,221,2005-08-25 13:24:38,1,2006-02-16 02:30:53
12621,2005-08-18 17:31:36,4566,439,2005-08-24 16:43:36,2,2006-02-16 02:30:53
12622,2005-08-18 17:34:11,278,529,2005-08-24 16:10:11,1,2006-02-16 02:30:53
12623,2005-08-18 17:34:19,3670,177,2005-08-20 21:30:19,1,2006-02-16 02:30:53
12624,2005-08-18 17:35:00,1135,434,2005-08-27 12:18:00,2,2006-02-16 02:30:53
12625,2005-08-18 17:36:19,2645,108,2005-08-23 11:42:19,1,2006-02-16 02:30:53
12626,2005-08-18 17:36:45,4230,361,2005-08-26 17:12:45,1,2006-02-16 02:30:53
12627,2005-08-18 17:37:11,3760,150,2005-08-19 14:59:11,2,2006-02-16 02:30:53
12628,2005-08-18 17:40:25,3210,520,2005-08-25 13:39:25,1,2006-02-16 02:30:53
12629,2005-08-18 17:40:33,1705,459,2005-08-26 21:09:33,1,2006-02-16 02:30:53
12630,2005-08-18 17:49:28,1457,452,2005-08-24 12:23:28,1,2006-02-16 02:30:53
12631,2005-08-18 17:52:51,2782,339,2005-08-25 14:40:51,2,2006-02-16 02:30:53
12632,2005-08-18 17:54:21,827,381,2005-08-22 18:58:21,1,2006-02-16 02:30:53
12633,2005-08-18 17:55:38,4341,469,2005-08-23 17:19:38,2,2006-02-16 02:30:53
12634,2005-08-18 17:58:14,1037,549,2005-08-19 21:08:14,2,2006-02-16 02:30:53
12635,2005-08-18 18:00:23,331,15,2005-08-23 16:40:23,2,2006-02-16 02:30:53
12636,2005-08-18 18:00:29,1645,380,2005-08-26 20:08:29,2,2006-02-16 02:30:53
12637,2005-08-18 18:06:53,4005,145,2005-08-19 17:36:53,1,2006-02-16 02:30:53
12638,2005-08-18 18:11:39,2849,172,2005-08-25 21:54:39,2,2006-02-16 02:30:53
12639,2005-08-18 18:13:05,562,500,2005-08-27 16:00:05,2,2006-02-16 02:30:53
12640,2005-08-18 18:14:49,1715,544,2005-08-24 21:25:49,1,2006-02-16 02:30:53
12641,2005-08-18 18:18:08,776,467,2005-08-19 23:17:08,1,2006-02-16 02:30:53
12642,2005-08-18 18:19:16,2080,167,2005-08-20 17:30:16,2,2006-02-16 02:30:53
12643,2005-08-18 18:21:06,2245,165,2005-08-24 14:26:06,1,2006-02-16 02:30:53
12644,2005-08-18 18:22:27,1511,300,2005-08-26 00:01:27,1,2006-02-16 02:30:53
12645,2006-02-14 15:16:03,1658,457,,1,2006-02-16 02:30:53
12646,2005-08-18 18:25:06,3103,388,2005-08-24 18:45:06,1,2006-02-16 02:30:53
12647,2005-08-18 18:29:51,323,520,2005-08-27 22:51:51,1,2006-02-16 02:30:53
12648,2005-08-18 18:30:21,3545,519,2005-08-25 19:17:21,1,2006-02-16 02:30:53
12649,2005-08-18 18:31:47,3201,530,2005-08-22 21:07:47,2,2006-02-16 02:30:53
12650,2005-08-18 18:33:20,3237,276,2005-08-21 17:45:20,2,2006-02-16 02:30:53
12651,2005-08-18 18:36:16,8,34,2005-08-22 22:01:16,1,2006-02-16 02:30:53
12652,2005-08-18 18:48:58,2118,9,2005-08-21 14:15:58,1,2006-02-16 02:30:53
12653,2005-08-18 18:53:17,3353,78,2005-08-26 14:08:17,1,2006-02-16 02:30:53
12654,2005-08-18 18:56:40,2217,438,2005-08-20 17:51:40,2,2006-02-16 02:30:53
12655,2005-08-18 18:57:44,859,533,2005-08-27 22:40:44,2,2006-02-16 02:30:53
12656,2005-08-18 18:58:35,3981,286,2005-08-21 00:41:35,1,2006-02-16 02:30:53
12657,2005-08-18 19:02:16,3621,100,2005-08-21 14:59:16,1,2006-02-16 02:30:53
12658,2005-08-18 19:05:42,4320,193,2005-08-19 19:08:42,1,2006-02-16 02:30:53
12659,2005-08-18 19:05:49,336,329,2005-08-24 22:12:49,2,2006-02-16 02:30:53
12660,2005-08-18 19:07:23,414,21,2005-08-27 17:20:23,2,2006-02-16 02:30:53
12661,2005-08-18 19:10:10,1547,333,2005-08-22 20:30:10,1,2006-02-16 02:30:53
12662,2005-08-18 19:10:41,1412,75,2005-08-23 16:59:41,1,2006-02-16 02:30:53
12663,2005-08-18 19:10:52,1163,375,2005-08-19 15:46:52,1,2006-02-16 02:30:53
12664,2005-08-18 19:10:54,2732,577,2005-08-25 19:19:54,1,2006-02-16 02:30:53
12665,2006-02-14 15:16:03,1701,410,,2,2006-02-16 02:30:53
12666,2005-08-18 19:11:41,4156,251,2005-08-21 18:04:41,2,2006-02-16 02:30:53
12667,2005-08-18 19:11:45,104,545,2005-08-27 13:34:45,2,2006-02-16 02:30:53
12668,2005-08-18 19:16:47,1986,14,2005-08-19 16:31:47,1,2006-02-16 02:30:53
12669,2005-08-18 19:17:47,4530,433,2005-08-24 14:55:47,1,2006-02-16 02:30:53
12670,2005-08-18 19:17:58,1716,580,2005-08-23 20:54:58,2,2006-02-16 02:30:53
12671,2005-08-18 19:19:59,1734,577,2005-08-23 17:53:59,2,2006-02-16 02:30:53
12672,2006-02-14 15:16:03,1722,228,,1,2006-02-16 02:30:53
12673,2005-08-18 19:21:56,4204,535,2005-08-26 22:44:56,2,2006-02-16 02:30:53
12674,2005-08-18 19:24:56,636,185,2005-08-26 22:16:56,2,2006-02-16 02:30:53
12675,2005-08-18 19:34:02,569,140,2005-08-23 13:36:02,2,2006-02-16 02:30:53
12676,2005-08-18 19:34:40,2581,393,2005-08-20 18:03:40,2,2006-02-16 02:30:53
12677,2005-08-18 19:36:05,1311,334,2005-08-22 21:23:05,2,2006-02-16 02:30:53
12678,2005-08-18 19:41:27,2504,181,2005-08-23 15:14:27,2,2006-02-16 02:30:53
12679,2005-08-18 19:42:11,1535,463,2005-08-25 01:01:11,1,2006-02-16 02:30:53
12680,2005-08-18 19:43:46,833,259,2005-08-27 00:08:46,2,2006-02-16 02:30:53
12681,2005-08-18 19:48:06,1570,518,2005-08-23 15:05:06,2,2006-02-16 02:30:53
12682,2006-02-14 15:16:03,1148,245,,2,2006-02-16 02:30:53
12683,2005-08-18 19:50:43,1802,166,2005-08-26 00:47:43,1,2006-02-16 02:30:53
12684,2005-08-18 19:51:27,978,196,2005-08-19 15:56:27,1,2006-02-16 02:30:53
12685,2005-08-18 19:51:29,4283,114,2005-08-27 14:58:29,2,2006-02-16 02:30:53
12686,2005-08-18 19:55:09,501,385,2005-08-26 14:17:09,1,2006-02-16 02:30:53
12687,2005-08-18 19:57:39,3092,285,2005-08-27 01:36:39,2,2006-02-16 02:30:53
12688,2005-08-18 19:59:54,2315,65,2005-08-26 18:52:54,2,2006-02-16 02:30:53
12689,2005-08-18 20:06:34,1066,296,2005-08-22 20:11:34,2,2006-02-16 02:30:53
12690,2005-08-18 20:06:57,3574,361,2005-08-24 20:54:57,2,2006-02-16 02:30:53
12691,2005-08-18 20:07:46,3744,534,2005-08-26 18:49:46,2,2006-02-16 02:30:53
12692,2005-08-18 20:09:19,2781,273,2005-08-21 00:14:19,1,2006-02-16 02:30:53
12693,2005-08-18 20:10:19,1543,584,2005-08-25 21:11:19,1,2006-02-16 02:30:53
12694,2005-08-18 20:10:39,1741,268,2005-08-25 20:47:39,1,2006-02-16 02:30:53
12695,2005-08-18 20:11:35,446,483,2005-08-25 18:29:35,1,2006-02-16 02:30:53
12696,2005-08-18 20:13:08,3989,374,2005-08-19 18:02:08,2,2006-02-16 02:30:53
12697,2005-08-18 20:14:56,2774,152,2005-08-23 21:54:56,1,2006-02-16 02:30:53
12698,2006-02-14 15:16:03,3657,497,,1,2006-02-16 02:30:53
12699,2005-08-18 20:20:59,3695,66,2005-08-22 17:00:59,1,2006-02-16 02:30:53
12700,2005-08-18 20:24:46,540,397,2005-08-23 21:50:46,1,2006-02-16 02:30:53
12701,2005-08-18 20:26:47,2337,489,2005-08-26 23:36:47,2,2006-02-16 02:30:53
12702,2005-08-18 20:30:33,1884,474,2005-08-27 01:22:33,2,2006-02-16 02:30:53
12703,2005-08-18 20:37:13,1278,453,2005-08-26 16:13:13,1,2006-02-16 02:30:53
12704,2005-08-18 20:43:00,51,93,2005-08-21 22:28:00,2,2006-02-16 02:30:53
12705,2005-08-18 20:44:14,2342,517,2005-08-23 20:46:14,1,2006-02-16 02:30:53
12706,2005-08-18 20:44:34,1079,170,2005-08-26 21:47:34,1,2006-02-16 02:30:53
12707,2005-08-18 20:52:02,1565,426,2005-08-25 19:03:02,2,2006-02-16 02:30:53
12708,2005-08-18 20:59:17,3448,28,2005-08-24 22:40:17,1,2006-02-16 02:30:53
12709,2005-08-18 20:59:51,3878,476,2005-08-26 01:21:51,2,2006-02-16 02:30:53
12710,2005-08-18 21:02:50,3011,310,2005-08-26 15:07:50,2,2006-02-16 02:30:53
12711,2005-08-18 21:03:32,2530,122,2005-08-26 17:31:32,1,2006-02-16 02:30:53
12712,2005-08-18 21:04:13,2628,444,2005-08-25 18:15:13,2,2006-02-16 02:30:53
12713,2005-08-18 21:07:28,1505,56,2005-08-24 17:46:28,1,2006-02-16 02:30:53
12714,2005-08-18 21:08:01,868,372,2005-08-27 17:09:01,2,2006-02-16 02:30:53
12715,2005-08-18 21:09:38,3768,266,2005-08-21 20:25:38,1,2006-02-16 02:30:53
12716,2006-02-14 15:16:03,858,570,,2,2006-02-16 02:30:53
12717,2005-08-18 21:15:40,3551,167,2005-08-20 00:59:40,2,2006-02-16 02:30:53
12718,2005-08-18 21:21:44,3221,176,2005-08-20 01:01:44,1,2006-02-16 02:30:53
12719,2006-02-14 15:16:03,1094,87,,2,2006-02-16 02:30:53
12720,2005-08-18 21:28:42,2676,419,2005-08-25 18:02:42,1,2006-02-16 02:30:53
12721,2005-08-18 21:30:12,1045,239,2005-08-22 22:45:12,1,2006-02-16 02:30:53
12722,2005-08-18 21:33:53,913,416,2005-08-27 23:47:53,2,2006-02-16 02:30:53
12723,2005-08-18 21:34:16,4167,430,2005-08-22 22:37:16,1,2006-02-16 02:30:53
12724,2005-08-18 21:37:20,2224,242,2005-08-27 21:56:20,2,2006-02-16 02:30:53
12725,2005-08-18 21:43:09,4071,51,2005-08-23 18:50:09,1,2006-02-16 02:30:53
12726,2005-08-18 21:44:46,20,397,2005-08-19 21:58:46,2,2006-02-16 02:30:53
12727,2005-08-18 21:45:15,15,178,2005-08-24 15:52:15,1,2006-02-16 02:30:53
12728,2005-08-18 21:47:48,3156,129,2005-08-25 16:13:48,1,2006-02-16 02:30:53
12729,2005-08-18 21:52:59,3711,424,2005-08-21 00:02:59,1,2006-02-16 02:30:53
12730,2005-08-18 21:55:01,75,7,2005-08-22 01:23:01,1,2006-02-16 02:30:53
12731,2005-08-18 21:55:38,1719,128,2005-08-23 20:30:38,1,2006-02-16 02:30:53
12732,2005-08-18 21:57:50,3307,535,2005-08-19 18:28:50,2,2006-02-16 02:30:53
12733,2005-08-18 21:59:00,3243,144,2005-08-24 02:25:00,1,2006-02-16 02:30:53
12734,2005-08-18 22:04:52,3619,121,2005-08-25 00:34:52,1,2006-02-16 02:30:53
12735,2005-08-18 22:04:54,3679,383,2005-08-23 21:19:54,2,2006-02-16 02:30:53
12736,2006-02-14 15:16:03,3591,244,,2,2006-02-16 02:30:53
12737,2005-08-18 22:11:37,736,204,2005-08-26 04:08:37,1,2006-02-16 02:30:53
12738,2005-08-18 22:11:47,4313,589,2005-08-27 17:55:47,2,2006-02-16 02:30:53
12739,2005-08-18 22:15:18,4129,292,2005-08-27 00:37:18,2,2006-02-16 02:30:53
12740,2005-08-18 22:17:04,1157,330,2005-08-23 23:42:04,1,2006-02-16 02:30:53
12741,2005-08-18 22:17:05,2084,435,2005-08-25 20:07:05,2,2006-02-16 02:30:53
12742,2005-08-18 22:22:03,1742,68,2005-08-22 04:01:03,1,2006-02-16 02:30:53
12743,2005-08-18 22:22:31,2630,565,2005-08-27 00:31:31,1,2006-02-16 02:30:53
12744,2005-08-18 22:22:36,3815,593,2005-08-24 00:26:36,1,2006-02-16 02:30:53
12745,2005-08-18 22:22:45,262,24,2005-08-20 01:44:45,2,2006-02-16 02:30:53
12746,2006-02-14 15:16:03,1012,211,,1,2006-02-16 02:30:53
12747,2005-08-18 22:28:22,4075,549,2005-08-22 22:25:22,2,2006-02-16 02:30:53
12748,2005-08-18 22:29:05,3249,373,2005-08-24 18:25:05,2,2006-02-16 02:30:53
12749,2005-08-18 22:31:21,828,388,2005-08-20 22:53:21,1,2006-02-16 02:30:53
12750,2005-08-18 22:32:39,3717,535,2005-08-26 01:54:39,1,2006-02-16 02:30:53
12751,2005-08-18 22:33:22,2791,352,2005-08-20 20:28:22,2,2006-02-16 02:30:53
12752,2005-08-18 22:33:36,3595,514,2005-08-27 23:55:36,1,2006-02-16 02:30:53
12753,2005-08-18 22:37:39,1494,470,2005-08-27 00:21:39,2,2006-02-16 02:30:53
12754,2005-08-18 22:37:41,4154,134,2005-08-27 20:17:41,2,2006-02-16 02:30:53
12755,2005-08-18 22:38:47,105,439,2005-08-22 23:58:47,1,2006-02-16 02:30:53
12756,2005-08-18 22:52:13,1840,89,2005-08-21 17:22:13,1,2006-02-16 02:30:53
12757,2005-08-18 22:57:45,1095,147,2005-08-21 22:43:45,1,2006-02-16 02:30:53
12758,2005-08-18 22:58:34,2279,30,2005-08-22 23:33:34,1,2006-02-16 02:30:53
12759,2006-02-14 15:16:03,4193,354,,2,2006-02-16 02:30:53
12760,2005-08-18 23:03:19,4188,363,2005-08-24 17:53:19,1,2006-02-16 02:30:53
12761,2005-08-18 23:05:22,2684,364,2005-08-22 01:08:22,2,2006-02-16 02:30:53
12762,2005-08-18 23:06:54,3909,502,2005-08-21 18:30:54,1,2006-02-16 02:30:53
12763,2005-08-18 23:07:01,393,472,2005-08-21 18:45:01,1,2006-02-16 02:30:53
12764,2005-08-18 23:14:15,26,183,2005-08-22 20:23:15,1,2006-02-16 02:30:53
12765,2005-08-18 23:21:50,2244,298,2005-08-28 04:42:50,2,2006-02-16 02:30:53
12766,2005-08-18 23:25:20,3737,50,2005-08-27 04:43:20,1,2006-02-16 02:30:53
12767,2005-08-18 23:25:49,3351,432,2005-08-28 02:40:49,2,2006-02-16 02:30:53
12768,2005-08-18 23:26:11,1993,458,2005-08-19 20:31:11,2,2006-02-16 02:30:53
12769,2005-08-18 23:26:40,926,504,2005-08-25 03:03:40,1,2006-02-16 02:30:53
12770,2005-08-18 23:29:00,1654,575,2005-08-26 20:57:00,2,2006-02-16 02:30:53
12771,2005-08-18 23:29:23,3076,484,2005-08-22 17:31:23,2,2006-02-16 02:30:53
12772,2005-08-18 23:29:25,1179,397,2005-08-23 20:32:25,1,2006-02-16 02:30:53
12773,2005-08-18 23:32:19,4390,360,2005-08-27 04:40:19,1,2006-02-16 02:30:53
12774,2005-08-18 23:34:22,3601,21,2005-08-28 05:00:22,2,2006-02-16 02:30:53
12775,2005-08-18 23:35:56,4374,54,2005-08-26 18:37:56,1,2006-02-16 02:30:53
12776,2005-08-18 23:37:33,2345,55,2005-08-23 03:07:33,1,2006-02-16 02:30:53
12777,2005-08-18 23:39:22,3467,130,2005-08-27 20:28:22,1,2006-02-16 02:30:53
12778,2005-08-18 23:40:23,3626,290,2005-08-19 18:14:23,2,2006-02-16 02:30:53
12779,2005-08-18 23:44:00,1814,325,2005-08-26 05:27:00,2,2006-02-16 02:30:53
12780,2005-08-18 23:48:16,54,373,2005-08-20 18:13:16,2,2006-02-16 02:30:53
12781,2005-08-18 23:50:24,1187,168,2005-08-21 02:31:24,1,2006-02-16 02:30:53
12782,2005-08-18 23:56:23,1454,495,2005-08-25 18:47:23,1,2006-02-16 02:30:53
12783,2005-08-19 00:01:14,1109,503,2005-08-21 22:02:14,2,2006-02-16 02:30:53
12784,2005-08-19 00:02:46,447,513,2005-08-20 04:39:46,1,2006-02-16 02:30:53
12785,2005-08-19 00:05:49,4190,145,2005-08-21 04:39:49,2,2006-02-16 02:30:53
12786,2006-02-14 15:16:03,97,512,,1,2006-02-16 02:30:53
12787,2005-08-19 00:07:58,2023,278,2005-08-24 00:42:58,2,2006-02-16 02:30:53
12788,2005-08-19 00:15:09,644,90,2005-08-27 21:54:09,1,2006-02-16 02:30:53
12789,2005-08-19 00:16:19,2412,557,2005-08-25 00:18:19,2,2006-02-16 02:30:53
12790,2005-08-19 00:16:54,1281,44,2005-08-26 02:00:54,1,2006-02-16 02:30:53
12791,2005-08-19 00:17:09,3594,573,2005-08-22 23:46:09,1,2006-02-16 02:30:53
12792,2006-02-14 15:16:03,1435,405,,2,2006-02-16 02:30:53
12793,2005-08-19 00:20:36,1195,403,2005-08-28 02:43:36,1,2006-02-16 02:30:53
12794,2005-08-19 00:20:37,1586,336,2005-08-26 01:48:37,1,2006-02-16 02:30:53
12795,2005-08-19 00:21:52,2745,360,2005-08-22 22:13:52,2,2006-02-16 02:30:53
12796,2005-08-19 00:22:24,1285,368,2005-08-19 22:53:24,2,2006-02-16 02:30:53
12797,2005-08-19 00:24:08,1595,5,2005-08-21 22:53:08,2,2006-02-16 02:30:53
12798,2005-08-19 00:24:33,4244,534,2005-08-21 23:01:33,2,2006-02-16 02:30:53
12799,2005-08-19 00:27:01,3885,197,2005-08-22 03:30:01,2,2006-02-16 02:30:53
12800,2005-08-19 00:27:11,257,545,2005-08-22 01:08:11,1,2006-02-16 02:30:53
12801,2005-08-19 00:27:19,960,202,2005-08-26 03:10:19,1,2006-02-16 02:30:53
12802,2005-08-19 00:27:41,2461,462,2005-08-28 03:24:41,1,2006-02-16 02:30:53
12803,2005-08-19 00:28:21,1058,390,2005-08-23 02:02:21,1,2006-02-16 02:30:53
12804,2005-08-19 00:33:15,147,365,2005-08-28 02:16:15,2,2006-02-16 02:30:53
12805,2005-08-19 00:36:34,2964,345,2005-08-26 20:38:34,1,2006-02-16 02:30:53
12806,2005-08-19 00:37:26,4488,423,2005-08-23 18:49:26,2,2006-02-16 02:30:53
12807,2005-08-19 00:38:46,2323,513,2005-08-28 03:37:46,2,2006-02-16 02:30:53
12808,2005-08-19 00:40:41,3920,55,2005-08-21 06:39:41,2,2006-02-16 02:30:53
12809,2005-08-19 00:42:24,2005,22,2005-08-23 06:06:24,1,2006-02-16 02:30:53
12810,2005-08-19 00:44:10,1340,250,2005-08-22 22:30:10,2,2006-02-16 02:30:53
12811,2005-08-19 00:51:28,641,54,2005-08-24 01:57:28,2,2006-02-16 02:30:53
12812,2005-08-19 00:54:02,4024,450,2005-08-22 20:35:02,2,2006-02-16 02:30:53
12813,2005-08-19 00:54:22,3285,500,2005-08-19 21:17:22,2,2006-02-16 02:30:53
12814,2005-08-19 00:58:24,204,465,2005-08-21 05:46:24,1,2006-02-16 02:30:53
12815,2005-08-19 00:59:42,435,588,2005-08-25 21:43:42,2,2006-02-16 02:30:53
12816,2005-08-19 01:04:05,4051,342,2005-08-24 01:25:05,1,2006-02-16 02:30:53
12817,2005-08-19 01:04:35,1246,113,2005-08-25 21:14:35,1,2006-02-16 02:30:53
12818,2005-08-19 01:04:59,3069,528,2005-08-26 21:39:59,2,2006-02-16 02:30:53
12819,2005-08-19 01:05:05,1117,542,2005-08-22 05:50:05,1,2006-02-16 02:30:53
12820,2005-08-19 01:05:08,2936,127,2005-08-21 05:37:08,2,2006-02-16 02:30:53
12821,2005-08-19 01:07:02,3418,41,2005-08-23 01:22:02,2,2006-02-16 02:30:53
12822,2005-08-19 01:15:24,419,426,2005-08-20 06:38:24,1,2006-02-16 02:30:53
12823,2005-08-19 01:15:47,426,316,2005-08-22 05:32:47,2,2006-02-16 02:30:53
12824,2005-08-19 01:18:00,1875,247,2005-08-22 01:12:00,2,2006-02-16 02:30:53
12825,2005-08-19 01:23:58,4495,328,2005-08-20 00:19:58,2,2006-02-16 02:30:53
12826,2005-08-19 01:25:11,1277,439,2005-08-27 01:22:11,1,2006-02-16 02:30:53
12827,2005-08-19 01:27:23,880,253,2005-08-27 02:22:23,2,2006-02-16 02:30:53
12828,2005-08-19 01:37:47,4208,378,2005-08-24 22:31:47,2,2006-02-16 02:30:53
12829,2005-08-19 01:38:18,1129,326,2005-08-25 22:23:18,2,2006-02-16 02:30:53
12830,2005-08-19 01:40:25,4080,409,2005-08-20 23:49:25,2,2006-02-16 02:30:53
12831,2005-08-19 01:40:43,1916,183,2005-08-28 05:22:43,1,2006-02-16 02:30:53
12832,2005-08-19 01:41:44,2820,563,2005-08-24 23:15:44,2,2006-02-16 02:30:53
12833,2005-08-19 01:42:28,3723,59,2005-08-26 20:13:28,1,2006-02-16 02:30:53
12834,2005-08-19 01:47:30,757,133,2005-08-24 20:08:30,1,2006-02-16 02:30:53
12835,2005-08-19 01:47:45,1477,124,2005-08-26 00:58:45,2,2006-02-16 02:30:53
12836,2005-08-19 01:48:33,1380,196,2005-08-23 04:46:33,1,2006-02-16 02:30:53
12837,2005-08-19 01:51:09,2288,495,2005-08-22 07:14:09,2,2006-02-16 02:30:53
12838,2005-08-19 01:51:50,1207,308,2005-08-27 23:12:50,1,2006-02-16 02:30:53
12839,2005-08-19 01:53:43,1970,360,2005-08-28 02:27:43,2,2006-02-16 02:30:53
12840,2005-08-19 01:54:11,2098,182,2005-08-28 01:11:11,2,2006-02-16 02:30:53
12841,2005-08-19 01:55:55,4233,257,2005-08-24 02:56:55,1,2006-02-16 02:30:53
12842,2005-08-19 01:57:21,2540,119,2005-08-28 01:10:21,1,2006-02-16 02:30:53
12843,2005-08-19 01:58:54,3279,128,2005-08-20 00:20:54,2,2006-02-16 02:30:53
12844,2005-08-19 01:59:08,4146,584,2005-08-24 22:21:08,1,2006-02-16 02:30:53
12845,2005-08-19 02:02:37,1698,106,2005-08-22 01:08:37,1,2006-02-16 02:30:53
12846,2005-08-19 02:03:26,286,305,2005-08-25 07:39:26,2,2006-02-16 02:30:53
12847,2005-08-19 02:04:07,384,91,2005-08-23 20:13:07,2,2006-02-16 02:30:53
12848,2005-08-19 02:05:11,2833,539,2005-08-24 05:27:11,2,2006-02-16 02:30:53
12849,2005-08-19 02:05:37,3489,280,2005-08-23 07:00:37,1,2006-02-16 02:30:53
12850,2005-08-19 02:08:06,1816,440,2005-08-20 21:06:06,2,2006-02-16 02:30:53
12851,2005-08-19 02:12:12,3311,194,2005-08-25 23:51:12,1,2006-02-16 02:30:53
12852,2005-08-19 02:12:40,2446,260,2005-08-19 23:42:40,1,2006-02-16 02:30:53
12853,2005-08-19 02:15:32,3753,232,2005-08-27 21:26:32,2,2006-02-16 02:30:53
12854,2005-08-19 02:18:51,4577,362,2005-08-24 04:16:51,2,2006-02-16 02:30:53
12855,2005-08-19 02:18:58,2900,242,2005-08-19 20:50:58,1,2006-02-16 02:30:53
12856,2005-08-19 02:19:13,132,4,2005-08-23 07:49:13,2,2006-02-16 02:30:53
12857,2005-08-19 02:20:13,4307,443,2005-08-20 20:20:13,1,2006-02-16 02:30:53
12858,2005-08-19 02:22:16,3024,144,2005-08-26 07:25:16,2,2006-02-16 02:30:53
12859,2005-08-19 02:23:23,2289,139,2005-08-28 04:55:23,2,2006-02-16 02:30:53
12860,2005-08-19 02:24:41,778,548,2005-08-25 07:43:41,1,2006-02-16 02:30:53
12861,2005-08-19 02:30:24,3115,287,2005-08-22 08:23:24,1,2006-02-16 02:30:53
12862,2005-08-19 02:31:59,473,198,2005-08-26 08:16:59,2,2006-02-16 02:30:53
12863,2005-08-19 02:35:59,780,234,2005-08-21 21:13:59,1,2006-02-16 02:30:53
12864,2005-08-19 02:38:26,4481,465,2005-08-22 21:42:26,2,2006-02-16 02:30:53
12865,2005-08-19 02:38:50,3437,460,2005-08-21 02:33:50,1,2006-02-16 02:30:53
12866,2005-08-19 02:39:47,1766,229,2005-08-27 02:14:47,1,2006-02-16 02:30:53
12867,2005-08-19 02:40:11,4499,330,2005-08-20 04:01:11,1,2006-02-16 02:30:53
12868,2005-08-19 02:47:19,4054,551,2005-08-20 00:30:19,2,2006-02-16 02:30:53
12869,2005-08-19 02:50:36,3939,99,2005-08-26 21:38:36,2,2006-02-16 02:30:53
12870,2005-08-19 02:54:38,991,86,2005-08-27 00:45:38,1,2006-02-16 02:30:53
12871,2005-08-19 02:55:36,2625,217,2005-08-22 01:00:36,2,2006-02-16 02:30:53
12872,2005-08-19 02:57:37,1975,54,2005-08-22 23:23:37,1,2006-02-16 02:30:53
12873,2005-08-19 03:05:41,2140,138,2005-08-22 06:57:41,2,2006-02-16 02:30:53
12874,2005-08-19 03:07:57,848,254,2005-08-22 22:42:57,2,2006-02-16 02:30:53
12875,2005-08-19 03:10:21,1708,483,2005-08-26 01:00:21,2,2006-02-16 02:30:53
12876,2005-08-19 03:12:19,803,356,2005-08-20 02:24:19,2,2006-02-16 02:30:53
12877,2005-08-19 03:16:58,1016,40,2005-08-25 02:10:58,2,2006-02-16 02:30:53
12878,2005-08-19 03:17:08,1182,596,2005-08-23 03:44:08,1,2006-02-16 02:30:53
12879,2005-08-19 03:22:55,3556,210,2005-08-24 22:00:55,1,2006-02-16 02:30:53
12880,2005-08-19 03:27:17,3386,552,2005-08-28 06:16:17,2,2006-02-16 02:30:53
12881,2005-08-19 03:28:13,1432,121,2005-08-25 05:25:13,1,2006-02-16 02:30:53
12882,2005-08-19 03:33:46,911,153,2005-08-21 22:49:46,1,2006-02-16 02:30:53
12883,2005-08-19 03:33:47,964,555,2005-08-23 21:55:47,1,2006-02-16 02:30:53
12884,2005-08-19 03:34:04,2768,348,2005-08-28 01:00:04,2,2006-02-16 02:30:53
12885,2005-08-19 03:37:25,883,185,2005-08-20 22:10:25,1,2006-02-16 02:30:53
12886,2005-08-19 03:38:32,2157,174,2005-08-26 02:17:32,1,2006-02-16 02:30:53
12887,2005-08-19 03:38:54,1214,150,2005-08-27 08:45:54,1,2006-02-16 02:30:53
12888,2005-08-19 03:41:09,4398,146,2005-08-24 07:09:09,2,2006-02-16 02:30:53
12889,2005-08-19 03:41:31,4376,515,2005-08-27 00:46:31,2,2006-02-16 02:30:53
12890,2005-08-19 03:42:08,3831,150,2005-08-19 23:08:08,1,2006-02-16 02:30:53
12891,2006-02-14 15:16:03,2764,388,,2,2006-02-16 02:30:53
12892,2005-08-19 03:46:34,1044,121,2005-08-21 05:11:34,2,2006-02-16 02:30:53
12893,2005-08-19 03:46:43,168,498,2005-08-20 08:38:43,2,2006-02-16 02:30:53
12894,2005-08-19 03:49:28,4581,541,2005-08-25 01:51:28,2,2006-02-16 02:30:53
12895,2005-08-19 03:50:48,4372,396,2005-08-26 09:13:48,1,2006-02-16 02:30:53
12896,2005-08-19 03:52:44,148,220,2005-08-24 22:27:44,1,2006-02-16 02:30:53
12897,2006-02-14 15:16:03,1512,178,,2,2006-02-16 02:30:53
12898,2005-08-19 03:54:34,1555,586,2005-08-23 08:14:34,2,2006-02-16 02:30:53
12899,2005-08-19 04:03:34,830,105,2005-08-20 08:34:34,2,2006-02-16 02:30:53
12900,2005-08-19 04:03:49,849,408,2005-08-24 22:11:49,2,2006-02-16 02:30:53
12901,2006-02-14 15:16:03,2799,180,,2,2006-02-16 02:30:53
12902,2006-02-14 15:16:03,464,91,,2,2006-02-16 02:30:53
12903,2005-08-19 04:09:38,2340,302,2005-08-26 03:24:38,2,2006-02-16 02:30:53
12904,2005-08-19 04:10:50,459,257,2005-08-27 23:24:50,1,2006-02-16 02:30:53
12905,2005-08-19 04:13:37,1043,480,2005-08-26 23:52:37,1,2006-02-16 02:30:53
12906,2005-08-19 04:13:43,2060,401,2005-08-20 04:24:43,1,2006-02-16 02:30:53
12907,2005-08-19 04:16:13,2844,422,2005-08-27 02:43:13,1,2006-02-16 02:30:53
12908,2005-08-19 04:19:05,175,340,2005-08-25 09:50:05,1,2006-02-16 02:30:53
12909,2005-08-19 04:20:25,4300,210,2005-08-24 06:40:25,2,2006-02-16 02:30:53
12910,2005-08-19 04:23:13,3968,128,2005-08-20 22:27:13,1,2006-02-16 02:30:53
12911,2005-08-19 04:24:10,1770,367,2005-08-26 00:35:10,2,2006-02-16 02:30:53
12912,2005-08-19 04:24:35,1747,364,2005-08-27 07:13:35,2,2006-02-16 02:30:53
12913,2005-08-19 04:25:39,3719,356,2005-08-25 07:23:39,1,2006-02-16 02:30:53
12914,2005-08-19 04:25:59,4396,501,2005-08-23 08:04:59,2,2006-02-16 02:30:53
12915,2006-02-14 15:16:03,2651,516,,1,2006-02-16 02:30:53
12916,2005-08-19 04:27:05,2277,157,2005-08-21 02:33:05,2,2006-02-16 02:30:53
12917,2005-08-19 04:27:11,107,152,2005-08-20 03:04:11,2,2006-02-16 02:30:53
12918,2005-08-19 04:31:36,972,13,2005-08-25 05:50:36,1,2006-02-16 02:30:53
12919,2005-08-19 04:32:15,2121,263,2005-08-24 05:56:15,2,2006-02-16 02:30:53
12920,2005-08-19 04:32:32,2516,511,2005-08-27 00:44:32,2,2006-02-16 02:30:53
12921,2005-08-19 04:47:48,781,234,2005-08-25 00:07:48,2,2006-02-16 02:30:53
12922,2005-08-19 04:48:48,342,25,2005-08-23 23:32:48,1,2006-02-16 02:30:53
12923,2005-08-19 04:50:20,1390,531,2005-08-22 10:42:20,1,2006-02-16 02:30:53
12924,2005-08-19 04:51:47,3807,519,2005-08-26 07:50:47,1,2006-02-16 02:30:53
12925,2005-08-19 04:59:01,3361,57,2005-08-27 02:03:01,2,2006-02-16 02:30:53
12926,2005-08-19 05:00:16,23,336,2005-08-26 06:12:16,2,2006-02-16 02:30:53
12927,2005-08-19 05:02:46,1171,223,2005-08-23 01:08:46,1,2006-02-16 02:30:53
12928,2005-08-19 05:04:09,4531,353,2005-08-24 09:09:09,2,2006-02-16 02:30:53
12929,2005-08-19 05:05:23,1531,310,2005-08-25 04:37:23,1,2006-02-16 02:30:53
12930,2005-08-19 05:11:32,4410,414,2005-08-22 02:20:32,2,2006-02-16 02:30:53
12931,2005-08-19 05:11:47,3070,407,2005-08-21 00:59:47,1,2006-02-16 02:30:53
12932,2005-08-19 05:17:30,2295,416,2005-08-21 09:24:30,1,2006-02-16 02:30:53
12933,2005-08-19 05:18:20,4103,589,2005-08-27 00:13:20,1,2006-02-16 02:30:53
12934,2005-08-19 05:18:42,3242,591,2005-08-24 10:42:42,1,2006-02-16 02:30:53
12935,2005-08-19 05:20:25,193,279,2005-08-21 03:10:25,2,2006-02-16 02:30:53
12936,2005-08-19 05:25:06,654,387,2005-08-28 08:21:06,1,2006-02-16 02:30:53
12937,2005-08-19 05:25:30,3826,348,2005-08-22 10:40:30,2,2006-02-16 02:30:53
12938,2006-02-14 15:16:03,3987,28,,1,2006-02-16 02:30:53
12939,2005-08-19 05:38:25,3375,181,2005-08-23 23:52:25,1,2006-02-16 02:30:53
12940,2005-08-19 05:38:29,2222,340,2005-08-20 08:15:29,1,2006-02-16 02:30:53
12941,2005-08-19 05:39:26,2951,195,2005-08-22 09:50:26,2,2006-02-16 02:30:53
12942,2005-08-19 05:40:36,3938,103,2005-08-27 02:04:36,1,2006-02-16 02:30:53
12943,2005-08-19 05:46:26,3930,547,2005-08-22 03:26:26,2,2006-02-16 02:30:53
12944,2005-08-19 05:48:12,2956,148,2005-08-28 10:10:12,1,2006-02-16 02:30:53
12945,2005-08-19 05:51:46,3638,312,2005-08-23 11:22:46,2,2006-02-16 02:30:53
12946,2005-08-19 05:53:34,2066,444,2005-08-20 07:30:34,1,2006-02-16 02:30:53
12947,2005-08-19 05:54:21,935,499,2005-08-22 09:17:21,1,2006-02-16 02:30:53
12948,2005-08-19 05:55:14,4173,442,2005-08-22 01:05:14,2,2006-02-16 02:30:53
12949,2005-08-19 05:55:52,4209,279,2005-08-23 00:01:52,1,2006-02-16 02:30:53
12950,2005-08-19 05:55:58,1064,463,2005-08-23 08:05:58,1,2006-02-16 02:30:53
12951,2005-08-19 05:56:44,2143,70,2005-08-24 11:28:44,2,2006-02-16 02:30:53
12952,2005-08-19 06:00:52,2460,228,2005-08-20 02:17:52,1,2006-02-16 02:30:53
12953,2005-08-19 06:04:07,3954,429,2005-08-28 11:05:07,1,2006-02-16 02:30:53
12954,2005-08-19 06:04:34,3592,63,2005-08-28 02:12:34,2,2006-02-16 02:30:53
12955,2005-08-19 06:05:58,2040,410,2005-08-26 04:24:58,2,2006-02-16 02:30:53
12956,2005-08-19 06:06:26,3613,241,2005-08-28 08:37:26,2,2006-02-16 02:30:53
12957,2005-08-19 06:12:44,2219,512,2005-08-28 10:49:44,2,2006-02-16 02:30:53
12958,2005-08-19 06:19:21,4214,569,2005-08-20 02:21:21,1,2006-02-16 02:30:53
12959,2006-02-14 15:16:03,1540,284,,2,2006-02-16 02:30:53
12960,2005-08-19 06:21:52,3498,152,2005-08-25 04:16:52,1,2006-02-16 02:30:53
12961,2005-08-19 06:22:37,4529,386,2005-08-23 00:49:37,1,2006-02-16 02:30:53
12962,2005-08-19 06:22:48,575,171,2005-08-27 07:47:48,1,2006-02-16 02:30:53
12963,2005-08-19 06:26:04,1521,2,2005-08-23 11:37:04,2,2006-02-16 02:30:53
12964,2005-08-19 06:29:13,2854,142,2005-08-22 12:23:13,2,2006-02-16 02:30:53
12965,2005-08-19 06:33:00,4308,430,2005-08-22 02:02:00,1,2006-02-16 02:30:53
12966,2005-08-19 06:37:48,3196,69,2005-08-26 03:59:48,2,2006-02-16 02:30:53
12967,2005-08-19 06:37:51,3404,170,2005-08-25 06:58:51,2,2006-02-16 02:30:53
12968,2005-08-19 06:38:18,3108,166,2005-08-20 08:29:18,1,2006-02-16 02:30:53
12969,2005-08-19 06:38:59,191,224,2005-08-25 09:09:59,2,2006-02-16 02:30:53
12970,2006-02-14 15:16:03,3999,216,,1,2006-02-16 02:30:53
12971,2005-08-19 06:42:43,3504,492,2005-08-23 10:49:43,2,2006-02-16 02:30:53
12972,2005-08-19 06:43:28,1218,55,2005-08-27 11:30:28,1,2006-02-16 02:30:53
12973,2005-08-19 06:48:11,128,163,2005-08-22 07:18:11,2,2006-02-16 02:30:53
12974,2005-08-19 06:51:02,3599,218,2005-08-25 11:48:02,2,2006-02-16 02:30:53
12975,2005-08-19 06:51:19,3300,236,2005-08-25 04:22:19,1,2006-02-16 02:30:53
12976,2005-08-19 06:52:58,66,592,2005-08-26 11:23:58,2,2006-02-16 02:30:53
12977,2005-08-19 06:55:33,2004,388,2005-08-27 07:38:33,2,2006-02-16 02:30:53
12978,2005-08-19 06:57:27,3252,167,2005-08-20 09:10:27,2,2006-02-16 02:30:53
12979,2005-08-19 07:00:35,1227,267,2005-08-21 06:12:35,2,2006-02-16 02:30:53
12980,2005-08-19 07:03:14,1854,144,2005-08-26 05:07:14,1,2006-02-16 02:30:53
12981,2005-08-19 07:04:00,3925,481,2005-08-21 09:17:00,1,2006-02-16 02:30:53
12982,2005-08-19 07:06:34,1258,44,2005-08-21 06:53:34,1,2006-02-16 02:30:53
12983,2005-08-19 07:06:51,406,148,2005-08-28 10:35:51,2,2006-02-16 02:30:53
12984,2005-08-19 07:06:51,4211,537,2005-08-22 04:04:51,1,2006-02-16 02:30:53
12985,2005-08-19 07:08:05,4133,83,2005-08-24 02:25:05,1,2006-02-16 02:30:53
12986,2005-08-19 07:09:36,1145,210,2005-08-22 05:01:36,1,2006-02-16 02:30:53
12987,2005-08-19 07:11:44,3665,134,2005-08-20 04:17:44,1,2006-02-16 02:30:53
12988,2006-02-14 15:16:03,81,236,,2,2006-02-16 02:30:53
12989,2005-08-19 07:19:04,2929,306,2005-08-21 10:58:04,1,2006-02-16 02:30:53
12990,2005-08-19 07:20:39,1825,360,2005-08-21 12:31:39,2,2006-02-16 02:30:53
12991,2005-08-19 07:21:24,2227,126,2005-08-21 04:31:24,2,2006-02-16 02:30:53
12992,2005-08-19 07:23:06,3022,597,2005-08-23 06:11:06,2,2006-02-16 02:30:53
12993,2005-08-19 07:24:03,4225,484,2005-08-26 07:15:03,2,2006-02-16 02:30:53
12994,2005-08-19 07:26:10,3809,506,2005-08-20 07:02:10,2,2006-02-16 02:30:53
12995,2005-08-19 07:26:30,2069,566,2005-08-25 12:47:30,2,2006-02-16 02:30:53
12996,2005-08-19 07:31:32,4445,380,2005-08-25 11:59:32,1,2006-02-16 02:30:53
12997,2005-08-19 07:31:46,1661,311,2005-08-24 09:20:46,2,2006-02-16 02:30:53
12998,2005-08-19 07:32:16,2301,354,2005-08-24 01:56:16,2,2006-02-16 02:30:53
12999,2005-08-19 07:34:53,661,24,2005-08-26 03:57:53,1,2006-02-16 02:30:53
13000,2005-08-19 07:36:42,2341,141,2005-08-22 08:50:42,1,2006-02-16 02:30:53
13001,2005-08-19 07:36:44,2505,254,2005-08-22 13:06:44,1,2006-02-16 02:30:53
13002,2005-08-19 07:37:58,3892,477,2005-08-26 11:32:58,2,2006-02-16 02:30:53
13003,2005-08-19 07:39:29,3431,451,2005-08-23 05:48:29,2,2006-02-16 02:30:53
13004,2005-08-19 07:40:08,771,442,2005-08-20 11:49:08,1,2006-02-16 02:30:53
13005,2005-08-19 07:45:42,3417,104,2005-08-20 12:45:42,2,2006-02-16 02:30:53
13006,2005-08-19 07:47:16,3157,134,2005-08-21 06:17:16,1,2006-02-16 02:30:53
13007,2005-08-19 07:47:43,4280,430,2005-08-26 02:48:43,2,2006-02-16 02:30:53
13008,2006-02-14 15:16:03,1838,181,,1,2006-02-16 02:30:53
13009,2005-08-19 07:50:35,677,376,2005-08-21 06:04:35,1,2006-02-16 02:30:53
13010,2005-08-19 07:52:21,825,413,2005-08-27 12:51:21,1,2006-02-16 02:30:53
13011,2005-08-19 07:53:58,1998,529,2005-08-24 12:00:58,1,2006-02-16 02:30:53
13012,2005-08-19 07:54:59,1690,145,2005-08-26 09:50:59,2,2006-02-16 02:30:53
13013,2005-08-19 07:55:51,841,293,2005-08-26 05:14:51,1,2006-02-16 02:30:53
13014,2005-08-19 07:56:08,3400,344,2005-08-21 10:20:08,2,2006-02-16 02:30:53
13015,2005-08-19 07:56:51,3461,126,2005-08-28 07:05:51,2,2006-02-16 02:30:53
13016,2005-08-19 07:57:14,3095,175,2005-08-23 03:29:14,1,2006-02-16 02:30:53
13017,2005-08-19 08:02:24,2160,104,2005-08-26 07:32:24,1,2006-02-16 02:30:53
13018,2005-08-19 08:04:50,2122,168,2005-08-26 11:46:50,1,2006-02-16 02:30:53
13019,2005-08-19 08:07:43,2827,597,2005-08-20 12:09:43,2,2006-02-16 02:30:53
13020,2005-08-19 08:07:50,4501,92,2005-08-28 11:42:50,1,2006-02-16 02:30:53
13021,2005-08-19 08:08:04,1242,309,2005-08-26 12:04:04,2,2006-02-16 02:30:53
13022,2006-02-14 15:16:03,2266,336,,2,2006-02-16 02:30:53
13023,2005-08-19 08:13:54,1566,69,2005-08-27 13:18:54,1,2006-02-16 02:30:53
13024,2005-08-19 08:19:21,2917,401,2005-08-27 05:18:21,1,2006-02-16 02:30:53
13025,2006-02-14 15:16:03,4066,269,,1,2006-02-16 02:30:53
13026,2005-08-19 08:22:45,3026,79,2005-08-21 09:31:45,1,2006-02-16 02:30:53
13027,2005-08-19 08:25:16,3756,128,2005-08-25 13:42:16,1,2006-02-16 02:30:53
13028,2005-08-19 08:27:23,2165,371,2005-08-24 03:46:23,1,2006-02-16 02:30:53
13029,2005-08-19 08:28:04,3283,293,2005-08-22 12:25:04,2,2006-02-16 02:30:53
13030,2005-08-19 08:28:11,2614,240,2005-08-24 07:20:11,1,2006-02-16 02:30:53
13031,2005-08-19 08:30:04,1525,567,2005-08-23 09:35:04,2,2006-02-16 02:30:53
13032,2005-08-19 08:31:50,3699,82,2005-08-23 04:00:50,2,2006-02-16 02:30:53
13033,2005-08-19 08:34:39,1682,344,2005-08-28 10:13:39,1,2006-02-16 02:30:53
13034,2005-08-19 08:41:29,990,387,2005-08-20 07:36:29,2,2006-02-16 02:30:53
13035,2005-08-19 08:46:45,4082,135,2005-08-22 11:42:45,1,2006-02-16 02:30:53
13036,2005-08-19 08:48:37,1469,20,2005-08-22 04:13:37,2,2006-02-16 02:30:53
13037,2005-08-19 08:53:57,65,275,2005-08-28 08:56:57,2,2006-02-16 02:30:53
13038,2005-08-19 08:55:16,2226,532,2005-08-25 12:23:16,2,2006-02-16 02:30:53
13039,2005-08-19 08:55:19,1952,370,2005-08-20 07:39:19,2,2006-02-16 02:30:53
13040,2005-08-19 09:04:24,4113,425,2005-08-23 12:36:24,2,2006-02-16 02:30:53
13041,2005-08-19 09:05:38,1576,462,2005-08-27 06:34:38,1,2006-02-16 02:30:53
13042,2005-08-19 09:06:08,1047,414,2005-08-22 13:46:08,2,2006-02-16 02:30:53
13043,2005-08-19 09:07:13,24,127,2005-08-27 07:49:13,1,2006-02-16 02:30:53
13044,2005-08-19 09:14:31,809,142,2005-08-20 11:16:31,1,2006-02-16 02:30:53
13045,2005-08-19 09:17:35,389,254,2005-08-23 12:04:35,1,2006-02-16 02:30:53
13046,2005-08-19 09:21:10,965,37,2005-08-26 13:00:10,2,2006-02-16 02:30:53
13047,2005-08-19 09:24:49,2704,394,2005-08-24 11:06:49,2,2006-02-16 02:30:53
13048,2005-08-19 09:25:06,1029,486,2005-08-28 11:18:06,2,2006-02-16 02:30:53
13049,2005-08-19 09:25:40,4122,53,2005-08-27 10:19:40,2,2006-02-16 02:30:53
13050,2005-08-19 09:31:23,3682,131,2005-08-26 06:56:23,2,2006-02-16 02:30:53
13051,2005-08-19 09:31:33,4064,90,2005-08-28 06:15:33,1,2006-02-16 02:30:53
13052,2005-08-19 09:31:42,3036,502,2005-08-28 15:11:42,2,2006-02-16 02:30:53
13053,2005-08-19 09:31:48,2044,140,2005-08-28 07:51:48,2,2006-02-16 02:30:53
13054,2005-08-19 09:34:02,2983,325,2005-08-23 05:25:02,2,2006-02-16 02:30:53
13055,2005-08-19 09:36:28,3580,485,2005-08-24 05:53:28,2,2006-02-16 02:30:53
13056,2006-02-14 15:16:03,3751,115,,2,2006-02-16 02:30:53
13057,2005-08-19 09:40:05,876,105,2005-08-28 13:22:05,2,2006-02-16 02:30:53
13058,2005-08-19 09:40:53,2437,24,2005-08-26 05:48:53,2,2006-02-16 02:30:53
13059,2005-08-19 09:42:01,3810,341,2005-08-21 12:07:01,1,2006-02-16 02:30:53
13060,2005-08-19 09:43:25,507,22,2005-08-28 15:22:25,1,2006-02-16 02:30:53
13061,2005-08-19 09:43:39,730,576,2005-08-24 10:03:39,1,2006-02-16 02:30:53
13062,2005-08-19 09:44:17,1790,385,2005-08-27 11:42:17,1,2006-02-16 02:30:53
13063,2005-08-19 09:45:41,1192,5,2005-08-24 09:11:41,2,2006-02-16 02:30:53
13064,2005-08-19 09:46:53,4131,588,2005-08-21 08:29:53,1,2006-02-16 02:30:53
13065,2005-08-19 09:48:52,1887,518,2005-08-22 07:12:52,1,2006-02-16 02:30:53
13066,2005-08-19 09:50:39,3730,336,2005-08-22 14:01:39,1,2006-02-16 02:30:53
13067,2005-08-19 09:51:17,3825,172,2005-08-25 09:58:17,2,2006-02-16 02:30:53
13068,2005-08-19 09:55:16,3019,1,2005-08-20 14:44:16,2,2006-02-16 02:30:53
13069,2005-08-19 09:55:20,368,299,2005-08-24 04:10:20,2,2006-02-16 02:30:53
13070,2005-08-19 09:56:23,2214,235,2005-08-24 09:08:23,2,2006-02-16 02:30:53
13071,2005-08-19 10:01:07,527,578,2005-08-26 14:26:07,1,2006-02-16 02:30:53
13072,2005-08-19 10:03:30,2313,447,2005-08-22 14:27:30,2,2006-02-16 02:30:53
13073,2005-08-19 10:05:38,855,506,2005-08-26 07:37:38,2,2006-02-16 02:30:53
13074,2005-08-19 10:06:53,3266,341,2005-08-28 09:56:53,2,2006-02-16 02:30:53
13075,2005-08-19 10:10:10,4125,224,2005-08-21 08:44:10,2,2006-02-16 02:30:53
13076,2005-08-19 10:10:26,1226,201,2005-08-22 05:41:26,1,2006-02-16 02:30:53
13077,2005-08-19 10:15:19,433,241,2005-08-21 06:51:19,2,2006-02-16 02:30:53
13078,2005-08-19 10:16:43,4104,479,2005-08-27 11:35:43,2,2006-02-16 02:30:53
13079,2006-02-14 15:16:03,733,107,,1,2006-02-16 02:30:53
13080,2005-08-19 10:18:00,4222,452,2005-08-22 06:37:00,2,2006-02-16 02:30:53
13081,2005-08-19 10:19:06,3077,170,2005-08-20 05:49:06,1,2006-02-16 02:30:53
13082,2005-08-19 10:19:19,2117,387,2005-08-28 05:02:19,1,2006-02-16 02:30:53
13083,2005-08-19 10:26:45,3469,455,2005-08-23 05:31:45,2,2006-02-16 02:30:53
13084,2005-08-19 10:27:25,3792,204,2005-08-26 07:32:25,2,2006-02-16 02:30:53
13085,2005-08-19 10:28:22,360,215,2005-08-22 07:37:22,2,2006-02-16 02:30:53
13086,2005-08-19 10:32:28,3712,350,2005-08-26 07:57:28,2,2006-02-16 02:30:53
13087,2005-08-19 10:33:52,2693,171,2005-08-27 09:15:52,2,2006-02-16 02:30:53
13088,2005-08-19 10:36:11,4281,457,2005-08-21 09:12:11,1,2006-02-16 02:30:53
13089,2005-08-19 10:38:56,1783,63,2005-08-24 12:41:56,1,2006-02-16 02:30:53
13090,2005-08-19 10:39:54,1447,52,2005-08-28 10:31:54,1,2006-02-16 02:30:53
13091,2005-08-19 10:40:10,1815,127,2005-08-23 09:03:10,1,2006-02-16 02:30:53
13092,2005-08-19 10:41:09,4359,480,2005-08-25 05:11:09,2,2006-02-16 02:30:53
13093,2005-08-19 10:46:16,1667,160,2005-08-26 08:05:16,1,2006-02-16 02:30:53
13094,2005-08-19 10:47:58,3178,494,2005-08-21 06:20:58,1,2006-02-16 02:30:53
13095,2005-08-19 10:48:10,520,508,2005-08-28 06:15:10,1,2006-02-16 02:30:53
13096,2005-08-19 10:49:03,420,13,2005-08-21 05:33:03,1,2006-02-16 02:30:53
13097,2005-08-19 10:50:43,4194,157,2005-08-24 11:10:43,2,2006-02-16 02:30:53
13098,2005-08-19 10:51:59,3770,51,2005-08-24 11:27:59,1,2006-02-16 02:30:53
13099,2005-08-19 10:55:19,969,436,2005-08-27 10:54:19,1,2006-02-16 02:30:53
13100,2005-08-19 10:55:45,916,451,2005-08-25 12:28:45,1,2006-02-16 02:30:53
13101,2005-08-19 11:01:54,1804,39,2005-08-27 16:06:54,2,2006-02-16 02:30:53
13102,2005-08-19 11:02:03,2885,285,2005-08-28 13:05:03,2,2006-02-16 02:30:53
13103,2005-08-19 11:05:51,1751,274,2005-08-26 09:16:51,2,2006-02-16 02:30:53
13104,2005-08-19 11:06:06,310,591,2005-08-21 13:50:06,2,2006-02-16 02:30:53
13105,2005-08-19 11:06:16,729,279,2005-08-27 15:21:16,1,2006-02-16 02:30:53
13106,2006-02-14 15:16:03,3212,440,,1,2006-02-16 02:30:53
13107,2005-08-19 11:13:58,3870,356,2005-08-20 15:03:58,2,2006-02-16 02:30:53
13108,2006-02-14 15:16:03,3630,73,,1,2006-02-16 02:30:53
13109,2005-08-19 11:23:20,46,259,2005-08-25 17:05:20,1,2006-02-16 02:30:53
13110,2005-08-19 11:24:37,62,447,2005-08-21 05:48:37,1,2006-02-16 02:30:53
13111,2005-08-19 11:25:10,580,26,2005-08-21 05:52:10,2,2006-02-16 02:30:53
13112,2005-08-19 11:27:10,2074,259,2005-08-22 05:32:10,1,2006-02-16 02:30:53
13113,2005-08-19 11:27:20,2393,573,2005-08-23 12:40:20,1,2006-02-16 02:30:53
13114,2005-08-19 11:27:32,4342,550,2005-08-28 11:21:32,2,2006-02-16 02:30:53
13115,2005-08-19 11:27:43,1961,84,2005-08-20 10:58:43,1,2006-02-16 02:30:53
13116,2005-08-19 11:31:41,1544,150,2005-08-27 16:05:41,1,2006-02-16 02:30:53
13117,2005-08-19 11:33:20,3430,385,2005-08-20 11:55:20,2,2006-02-16 02:30:53
13118,2005-08-19 11:39:58,470,181,2005-08-25 14:44:58,1,2006-02-16 02:30:53
13119,2005-08-19 11:44:59,1401,240,2005-08-20 12:30:59,2,2006-02-16 02:30:53
13120,2005-08-19 11:47:38,2273,314,2005-08-26 08:20:38,2,2006-02-16 02:30:53
13121,2005-08-19 11:51:39,3517,251,2005-08-22 11:50:39,2,2006-02-16 02:30:53
13122,2005-08-19 11:53:49,3319,277,2005-08-26 16:01:49,2,2006-02-16 02:30:53
13123,2005-08-19 11:55:13,2804,220,2005-08-21 05:55:13,2,2006-02-16 02:30:53
13124,2005-08-19 11:55:59,2105,78,2005-08-26 06:01:59,2,2006-02-16 02:30:53
13125,2005-08-19 11:57:49,3722,192,2005-08-26 07:53:49,1,2006-02-16 02:30:53
13126,2005-08-19 12:00:28,1392,253,2005-08-28 17:27:28,1,2006-02-16 02:30:53
13127,2005-08-19 12:04:03,2582,178,2005-08-27 13:56:03,1,2006-02-16 02:30:53
13128,2005-08-19 12:04:16,485,206,2005-08-26 16:06:16,2,2006-02-16 02:30:53
13129,2005-08-19 12:05:04,4455,274,2005-08-26 10:24:04,1,2006-02-16 02:30:53
13130,2005-08-19 12:06:42,2006,254,2005-08-23 12:08:42,1,2006-02-16 02:30:53
13131,2005-08-19 12:08:13,1466,480,2005-08-27 13:43:13,2,2006-02-16 02:30:53
13132,2005-08-19 12:10:57,1748,529,2005-08-27 12:22:57,2,2006-02-16 02:30:53
13133,2005-08-19 12:11:03,1635,523,2005-08-28 12:36:03,2,2006-02-16 02:30:53
13134,2005-08-19 12:14:14,1354,184,2005-08-20 11:52:14,1,2006-02-16 02:30:53
13135,2005-08-19 12:22:52,1585,361,2005-08-21 14:04:52,2,2006-02-16 02:30:53
13136,2005-08-19 12:24:23,2532,50,2005-08-28 08:37:23,2,2006-02-16 02:30:53
13137,2005-08-19 12:26:32,4431,20,2005-08-22 13:26:32,1,2006-02-16 02:30:53
13138,2005-08-19 12:30:01,3138,214,2005-08-21 06:35:01,2,2006-02-16 02:30:53
13139,2005-08-19 12:32:10,2099,554,2005-08-24 12:12:10,1,2006-02-16 02:30:53
13140,2005-08-19 12:35:56,4210,323,2005-08-27 18:24:56,2,2006-02-16 02:30:53
13141,2005-08-19 12:41:41,4545,376,2005-08-21 08:17:41,2,2006-02-16 02:30:53
13142,2005-08-19 12:42:28,1404,269,2005-08-26 14:52:28,1,2006-02-16 02:30:53
13143,2005-08-19 12:44:38,1655,371,2005-08-25 10:59:38,2,2006-02-16 02:30:53
13144,2005-08-19 12:45:55,3766,456,2005-08-27 10:37:55,2,2006-02-16 02:30:53
13145,2005-08-19 12:53:53,1383,72,2005-08-23 08:06:53,1,2006-02-16 02:30:53
13146,2005-08-19 12:54:42,1463,116,2005-08-26 07:31:42,1,2006-02-16 02:30:53
13147,2005-08-19 12:55:09,3490,37,2005-08-22 18:10:09,1,2006-02-16 02:30:53
13148,2005-08-19 12:55:30,1762,137,2005-08-21 11:01:30,1,2006-02-16 02:30:53
13149,2005-08-19 13:07:12,1436,40,2005-08-28 18:12:12,1,2006-02-16 02:30:53
13150,2005-08-19 13:08:19,1514,457,2005-08-25 18:00:19,1,2006-02-16 02:30:53
13151,2005-08-19 13:08:23,3045,16,2005-08-20 12:38:23,2,2006-02-16 02:30:53
13152,2005-08-19 13:09:32,3571,597,2005-08-25 14:47:32,1,2006-02-16 02:30:53
13153,2005-08-19 13:09:47,3896,431,2005-08-23 17:35:47,2,2006-02-16 02:30:53
13154,2005-08-19 13:09:54,2465,255,2005-08-26 16:40:54,1,2006-02-16 02:30:53
13155,2005-08-19 13:10:23,290,442,2005-08-25 19:07:23,2,2006-02-16 02:30:53
13156,2005-08-19 13:10:42,770,512,2005-08-25 15:08:42,2,2006-02-16 02:30:53
13157,2005-08-19 13:12:28,4391,592,2005-08-20 10:41:28,1,2006-02-16 02:30:53
13158,2005-08-19 13:18:10,944,327,2005-08-25 09:27:10,1,2006-02-16 02:30:53
13159,2005-08-19 13:19:59,2300,497,2005-08-21 09:22:59,2,2006-02-16 02:30:53
13160,2005-08-19 13:21:04,410,484,2005-08-22 18:49:04,1,2006-02-16 02:30:53
13161,2006-02-14 15:16:03,986,175,,1,2006-02-16 02:30:53
13162,2005-08-19 13:28:26,1845,478,2005-08-24 17:37:26,1,2006-02-16 02:30:53
13163,2005-08-19 13:29:46,3068,57,2005-08-22 07:48:46,2,2006-02-16 02:30:53
13164,2005-08-19 13:30:55,1104,145,2005-08-26 10:12:55,2,2006-02-16 02:30:53
13165,2005-08-19 13:34:10,138,289,2005-08-21 18:33:10,2,2006-02-16 02:30:53
13166,2005-08-19 13:36:28,4386,504,2005-08-22 07:57:28,1,2006-02-16 02:30:53
13167,2005-08-19 13:36:41,557,120,2005-08-23 15:29:41,2,2006-02-16 02:30:53
13168,2005-08-19 13:37:28,2210,186,2005-08-27 17:54:28,2,2006-02-16 02:30:53
13169,2005-08-19 13:43:35,1709,141,2005-08-26 09:31:35,1,2006-02-16 02:30:53
13170,2005-08-19 13:45:48,1072,176,2005-08-27 11:00:48,2,2006-02-16 02:30:53
13171,2005-08-19 13:48:54,1765,122,2005-08-27 18:57:54,1,2006-02-16 02:30:53
13172,2005-08-19 13:49:07,1301,298,2005-08-20 19:39:07,2,2006-02-16 02:30:53
13173,2005-08-19 13:50:36,1304,29,2005-08-26 12:34:36,2,2006-02-16 02:30:53
13174,2005-08-19 13:52:50,2303,482,2005-08-22 14:43:50,2,2006-02-16 02:30:53
13175,2005-08-19 13:54:53,3187,239,2005-08-20 16:25:53,2,2006-02-16 02:30:53
13176,2005-08-19 13:56:54,2269,1,2005-08-23 08:50:54,2,2006-02-16 02:30:53
13177,2005-08-19 13:56:58,3172,126,2005-08-23 13:13:58,2,2006-02-16 02:30:53
13178,2006-02-14 15:16:03,693,394,,1,2006-02-16 02:30:53
13179,2005-08-19 13:59:53,1624,104,2005-08-25 12:10:53,1,2006-02-16 02:30:53
13180,2005-08-19 14:00:38,3443,322,2005-08-20 09:56:38,1,2006-02-16 02:30:53
13181,2005-08-19 14:00:56,1256,128,2005-08-24 13:52:56,2,2006-02-16 02:30:53
13182,2006-02-14 15:16:03,364,496,,2,2006-02-16 02:30:53
13183,2005-08-19 14:09:26,2404,301,2005-08-28 08:44:26,2,2006-02-16 02:30:53
13184,2005-08-19 14:16:18,4395,393,2005-08-20 08:44:18,1,2006-02-16 02:30:53
13185,2005-08-19 14:22:30,241,174,2005-08-20 10:13:30,2,2006-02-16 02:30:53
13186,2005-08-19 14:23:19,2802,176,2005-08-28 11:26:19,1,2006-02-16 02:30:53
13187,2005-08-19 14:24:48,1944,543,2005-08-20 19:37:48,1,2006-02-16 02:30:53
13188,2005-08-19 14:27:03,583,472,2005-08-28 09:15:03,2,2006-02-16 02:30:53
13189,2005-08-19 14:27:16,3444,368,2005-08-28 10:34:16,1,2006-02-16 02:30:53
13190,2005-08-19 14:27:59,4316,290,2005-08-26 13:45:59,1,2006-02-16 02:30:53
13191,2005-08-19 14:28:48,2753,371,2005-08-23 12:53:48,2,2006-02-16 02:30:53
13192,2005-08-19 14:30:06,966,532,2005-08-27 15:20:06,1,2006-02-16 02:30:53
13193,2005-08-19 14:33:45,523,118,2005-08-28 08:46:45,2,2006-02-16 02:30:53
13194,2005-08-19 14:34:12,2473,58,2005-08-26 10:18:12,2,2006-02-16 02:30:53
13195,2005-08-19 14:39:14,2537,565,2005-08-24 10:30:14,2,2006-02-16 02:30:53
13196,2005-08-19 14:40:32,458,202,2005-08-26 18:15:32,2,2006-02-16 02:30:53
13197,2005-08-19 14:44:03,3190,358,2005-08-22 10:11:03,1,2006-02-16 02:30:53
13198,2005-08-19 14:47:18,4273,169,2005-08-21 18:09:18,2,2006-02-16 02:30:53
13199,2005-08-19 14:53:22,4291,339,2005-08-27 19:03:22,2,2006-02-16 02:30:53
13200,2005-08-19 14:55:58,2746,577,2005-08-27 11:35:58,2,2006-02-16 02:30:53
13201,2005-08-19 14:56:05,111,508,2005-08-25 14:37:05,1,2006-02-16 02:30:53
13202,2005-08-19 14:58:30,3546,381,2005-08-27 17:10:30,1,2006-02-16 02:30:53
13203,2005-08-19 15:00:58,804,257,2005-08-27 15:38:58,2,2006-02-16 02:30:53
13204,2005-08-19 15:02:48,4524,152,2005-08-24 18:07:48,1,2006-02-16 02:30:53
13205,2005-08-19 15:05:26,2616,495,2005-08-25 10:41:26,2,2006-02-16 02:30:53
13206,2005-08-19 15:05:34,2477,504,2005-08-21 20:37:34,2,2006-02-16 02:30:53
13207,2005-08-19 15:14:38,674,58,2005-08-27 16:09:38,1,2006-02-16 02:30:53
13208,2005-08-19 15:18:55,609,435,2005-08-24 11:59:55,1,2006-02-16 02:30:53
13209,2006-02-14 15:16:03,1574,5,,2,2006-02-16 02:30:53
13210,2005-08-19 15:23:38,2789,487,2005-08-21 11:57:38,1,2006-02-16 02:30:53
13211,2005-08-19 15:23:41,1968,289,2005-08-22 16:58:41,1,2006-02-16 02:30:53
13212,2005-08-19 15:24:07,3691,158,2005-08-24 21:03:07,1,2006-02-16 02:30:53
13213,2005-08-19 15:25:48,1546,13,2005-08-22 09:32:48,1,2006-02-16 02:30:53
13214,2005-08-19 15:31:06,2675,157,2005-08-20 19:58:06,2,2006-02-16 02:30:53
13215,2005-08-19 15:35:38,3740,460,2005-08-27 12:16:38,1,2006-02-16 02:30:53
13216,2005-08-19 15:36:05,4335,422,2005-08-25 19:03:05,2,2006-02-16 02:30:53
13217,2005-08-19 15:38:39,616,565,2005-08-21 14:33:39,1,2006-02-16 02:30:53
13218,2005-08-19 15:39:39,4148,257,2005-08-22 17:28:39,1,2006-02-16 02:30:53
13219,2005-08-19 15:40:28,2075,288,2005-08-22 21:20:28,2,2006-02-16 02:30:53
13220,2005-08-19 15:42:32,1017,448,2005-08-25 13:37:32,1,2006-02-16 02:30:53
13221,2005-08-19 15:45:47,120,468,2005-08-26 21:10:47,1,2006-02-16 02:30:53
13222,2005-08-19 15:47:58,1656,91,2005-08-26 12:43:58,1,2006-02-16 02:30:53
13223,2005-08-19 15:52:04,332,461,2005-08-22 16:27:04,1,2006-02-16 02:30:53
13224,2005-08-19 15:52:13,3086,526,2005-08-28 20:53:13,2,2006-02-16 02:30:53
13225,2005-08-19 15:54:33,1420,562,2005-08-25 16:40:33,1,2006-02-16 02:30:53
13226,2005-08-19 16:05:36,2850,46,2005-08-21 10:07:36,2,2006-02-16 02:30:53
13227,2005-08-19 16:05:38,2759,288,2005-08-20 21:39:38,1,2006-02-16 02:30:53
13228,2005-08-19 16:08:16,2497,571,2005-08-20 18:55:16,1,2006-02-16 02:30:53
13229,2005-08-19 16:08:33,634,283,2005-08-22 19:54:33,2,2006-02-16 02:30:53
13230,2005-08-19 16:12:07,3645,151,2005-08-21 12:19:07,1,2006-02-16 02:30:53
13231,2005-08-19 16:12:49,2126,280,2005-08-27 17:14:49,2,2006-02-16 02:30:53
13232,2005-08-19 16:13:32,2370,206,2005-08-28 14:42:32,2,2006-02-16 02:30:53
13233,2005-08-19 16:14:41,1057,279,2005-08-24 21:13:41,1,2006-02-16 02:30:53
13234,2005-08-19 16:17:15,976,559,2005-08-27 12:36:15,1,2006-02-16 02:30:53
13235,2005-08-19 16:17:53,3902,367,2005-08-27 14:57:53,1,2006-02-16 02:30:53
13236,2005-08-19 16:18:24,4574,267,2005-08-27 17:48:24,2,2006-02-16 02:30:53
13237,2005-08-19 16:18:36,1272,169,2005-08-25 15:22:36,2,2006-02-16 02:30:53
13238,2005-08-19 16:20:56,985,348,2005-08-23 15:51:56,2,2006-02-16 02:30:53
13239,2005-08-19 16:22:13,3296,541,2005-08-23 19:26:13,1,2006-02-16 02:30:53
13240,2005-08-19 16:22:14,1411,179,2005-08-20 13:24:14,1,2006-02-16 02:30:53
13241,2005-08-19 16:25:00,3106,33,2005-08-26 12:27:00,2,2006-02-16 02:30:53
13242,2005-08-19 16:28:47,230,414,2005-08-24 22:13:47,2,2006-02-16 02:30:53
13243,2005-08-19 16:33:16,355,251,2005-08-25 13:19:16,2,2006-02-16 02:30:53
13244,2005-08-19 16:43:04,3246,298,2005-08-22 15:21:04,2,2006-02-16 02:30:53
13245,2005-08-19 16:43:41,1001,261,2005-08-20 21:17:41,1,2006-02-16 02:30:53
13246,2006-02-14 15:16:03,1849,411,,2,2006-02-16 02:30:53
13247,2005-08-19 16:45:59,1271,24,2005-08-25 15:25:59,1,2006-02-16 02:30:53
13248,2005-08-19 16:47:41,2864,559,2005-08-28 18:11:41,2,2006-02-16 02:30:53
13249,2005-08-19 16:47:41,3084,377,2005-08-20 13:30:41,1,2006-02-16 02:30:53
13250,2005-08-19 16:47:55,2524,448,2005-08-26 16:54:55,2,2006-02-16 02:30:53
13251,2005-08-19 16:48:37,4216,111,2005-08-20 16:33:37,1,2006-02-16 02:30:53
13252,2005-08-19 16:50:50,775,451,2005-08-22 22:09:50,2,2006-02-16 02:30:53
13253,2005-08-19 16:53:56,472,399,2005-08-20 11:38:56,2,2006-02-16 02:30:53
13254,2005-08-19 16:54:01,3412,532,2005-08-27 19:50:01,2,2006-02-16 02:30:53
13255,2005-08-19 16:54:12,1101,150,2005-08-28 17:00:12,1,2006-02-16 02:30:53
13256,2005-08-19 16:54:12,2719,289,2005-08-28 16:54:12,1,2006-02-16 02:30:53
13257,2005-08-19 17:01:20,164,300,2005-08-24 17:26:20,1,2006-02-16 02:30:53
13258,2005-08-19 17:05:37,2246,349,2005-08-24 17:36:37,2,2006-02-16 02:30:53
13259,2005-08-19 17:08:53,2518,458,2005-08-23 14:14:53,1,2006-02-16 02:30:53
13260,2005-08-19 17:09:22,578,251,2005-08-24 21:31:22,2,2006-02-16 02:30:53
13261,2006-02-14 15:16:03,3538,417,,1,2006-02-16 02:30:53
13262,2005-08-19 17:20:15,4483,184,2005-08-26 18:28:15,2,2006-02-16 02:30:53
13263,2005-08-19 17:26:55,214,206,2005-08-28 20:07:55,2,2006-02-16 02:30:53
13264,2005-08-19 17:27:10,1881,109,2005-08-27 16:00:10,1,2006-02-16 02:30:53
13265,2005-08-19 17:29:00,3933,314,2005-08-20 12:59:00,2,2006-02-16 02:30:53
13266,2005-08-19 17:31:20,1326,571,2005-08-21 11:41:20,2,2006-02-16 02:30:53
13267,2005-08-19 17:31:36,550,335,2005-08-21 13:47:36,1,2006-02-16 02:30:53
13268,2005-08-19 17:33:50,1166,255,2005-08-25 17:15:50,2,2006-02-16 02:30:53
13269,2005-08-19 17:34:00,2382,461,2005-08-20 15:17:00,2,2006-02-16 02:30:53
13270,2005-08-19 17:41:16,405,159,2005-08-23 20:22:16,2,2006-02-16 02:30:53
13271,2005-08-19 17:42:06,3872,242,2005-08-27 18:39:06,2,2006-02-16 02:30:53
13272,2005-08-19 17:49:13,2531,145,2005-08-23 15:49:13,2,2006-02-16 02:30:53
13273,2005-08-19 17:49:13,4181,433,2005-08-21 14:15:13,1,2006-02-16 02:30:53
13274,2005-08-19 17:50:03,704,272,2005-08-20 14:39:03,2,2006-02-16 02:30:53
13275,2005-08-19 17:53:38,710,377,2005-08-23 16:29:38,2,2006-02-16 02:30:53
13276,2005-08-19 17:53:42,625,516,2005-08-28 20:49:42,2,2006-02-16 02:30:53
13277,2005-08-19 17:57:35,3820,316,2005-08-25 15:45:35,2,2006-02-16 02:30:53
13278,2005-08-19 17:57:53,2691,282,2005-08-22 23:16:53,1,2006-02-16 02:30:53
13279,2005-08-19 18:02:18,2472,343,2005-08-24 22:15:18,2,2006-02-16 02:30:53
13280,2005-08-19 18:02:51,218,368,2005-08-21 23:17:51,2,2006-02-16 02:30:53
13281,2005-08-19 18:07:47,113,220,2005-08-20 21:51:47,2,2006-02-16 02:30:53
13282,2005-08-19 18:08:18,4373,59,2005-08-24 14:08:18,1,2006-02-16 02:30:53
13283,2005-08-19 18:10:19,2602,180,2005-08-23 16:09:19,2,2006-02-16 02:30:53
13284,2005-08-19 18:12:31,2128,338,2005-08-25 21:26:31,2,2006-02-16 02:30:53
13285,2005-08-19 18:18:44,2139,182,2005-08-20 12:33:44,1,2006-02-16 02:30:53
13286,2005-08-19 18:28:07,2685,245,2005-08-22 17:23:07,2,2006-02-16 02:30:53
13287,2005-08-19 18:28:24,2716,569,2005-08-26 20:13:24,2,2006-02-16 02:30:53
13288,2005-08-19 18:30:10,3558,162,2005-08-20 19:20:10,2,2006-02-16 02:30:53
13289,2005-08-19 18:31:30,3527,497,2005-08-20 13:43:30,1,2006-02-16 02:30:53
13290,2005-08-19 18:31:50,4174,23,2005-08-25 15:49:50,2,2006-02-16 02:30:53
13291,2005-08-19 18:32:11,1631,243,2005-08-20 18:22:11,2,2006-02-16 02:30:53
13292,2005-08-19 18:35:32,1336,171,2005-08-22 00:27:32,1,2006-02-16 02:30:53
13293,2005-08-19 18:35:52,380,399,2005-08-23 17:18:52,2,2006-02-16 02:30:53
13294,2005-08-19 18:36:35,156,534,2005-08-20 13:57:35,1,2006-02-16 02:30:53
13295,2006-02-14 15:16:03,2408,229,,1,2006-02-16 02:30:53
13296,2005-08-19 18:43:53,1728,300,2005-08-21 23:30:53,2,2006-02-16 02:30:53
13297,2005-08-19 18:45:49,3818,359,2005-08-22 14:58:49,2,2006-02-16 02:30:53
13298,2006-02-14 15:16:03,2133,361,,2,2006-02-16 02:30:53
13299,2005-08-19 18:46:33,4385,373,2005-08-22 20:45:33,1,2006-02-16 02:30:53
13300,2005-08-19 18:46:56,842,531,2005-08-28 20:23:56,2,2006-02-16 02:30:53
13301,2005-08-19 18:53:15,2261,494,2005-08-26 21:37:15,1,2006-02-16 02:30:53
13302,2005-08-19 18:54:26,4041,51,2005-08-21 23:01:26,1,2006-02-16 02:30:53
13303,2005-08-19 18:55:21,34,184,2005-08-23 18:49:21,2,2006-02-16 02:30:53
13304,2005-08-19 18:56:32,2979,405,2005-08-23 20:04:32,2,2006-02-16 02:30:53
13305,2005-08-19 18:57:05,2386,337,2005-08-28 22:28:05,1,2006-02-16 02:30:53
13306,2005-08-19 18:57:29,2742,229,2005-08-20 20:09:29,2,2006-02-16 02:30:53
13307,2005-08-19 18:58:44,2242,547,2005-08-22 00:15:44,1,2006-02-16 02:30:53
13308,2005-08-19 18:59:42,3189,414,2005-08-28 13:21:42,2,2006-02-16 02:30:53
13309,2005-08-19 19:04:00,2108,91,2005-08-28 23:08:00,2,2006-02-16 02:30:53
13310,2005-08-19 19:05:16,2563,311,2005-08-23 22:47:16,1,2006-02-16 02:30:53
13311,2005-08-19 19:07:09,3890,520,2005-08-20 23:07:09,1,2006-02-16 02:30:53
13312,2005-08-19 19:09:14,2891,418,2005-08-23 00:50:14,2,2006-02-16 02:30:53
13313,2005-08-19 19:11:41,3709,580,2005-08-21 23:53:41,2,2006-02-16 02:30:53
13314,2005-08-19 19:12:43,2899,347,2005-08-27 00:20:43,2,2006-02-16 02:30:53
13315,2005-08-19 19:16:18,3151,54,2005-08-21 20:58:18,1,2006-02-16 02:30:53
13316,2005-08-19 19:23:30,4450,10,2005-08-22 23:37:30,1,2006-02-16 02:30:53
13317,2005-08-19 19:25:42,3349,20,2005-08-20 20:57:42,2,2006-02-16 02:30:53
13318,2005-08-19 19:33:57,1389,413,2005-08-21 17:52:57,2,2006-02-16 02:30:53
13319,2005-08-19 19:35:13,2496,438,2005-08-27 17:59:13,1,2006-02-16 02:30:53
13320,2005-08-19 19:35:33,4522,172,2005-08-24 20:09:33,2,2006-02-16 02:30:53
13321,2005-08-19 19:40:37,4183,280,2005-08-21 19:09:37,2,2006-02-16 02:30:53
13322,2005-08-19 19:43:08,2149,559,2005-08-24 16:30:08,2,2006-02-16 02:30:53
13323,2005-08-19 19:48:07,1055,133,2005-08-23 15:28:07,1,2006-02-16 02:30:53
13324,2005-08-19 19:51:00,4349,564,2005-08-20 20:26:00,1,2006-02-16 02:30:53
13325,2005-08-19 19:52:02,2388,334,2005-08-22 21:14:02,1,2006-02-16 02:30:53
13326,2005-08-19 19:52:52,429,576,2005-08-20 18:56:52,1,2006-02-16 02:30:53
13327,2005-08-19 19:55:45,1808,72,2005-08-22 15:05:45,2,2006-02-16 02:30:53
13328,2005-08-19 19:56:01,605,462,2005-08-20 22:16:01,2,2006-02-16 02:30:53
13329,2005-08-19 19:56:55,3136,373,2005-08-25 01:19:55,2,2006-02-16 02:30:53
13330,2005-08-19 19:59:21,4276,297,2005-08-20 15:34:21,2,2006-02-16 02:30:53
13331,2005-08-19 20:00:25,3867,23,2005-08-21 17:03:25,1,2006-02-16 02:30:53
13332,2005-08-19 20:00:51,3144,503,2005-08-25 14:30:51,1,2006-02-16 02:30:53
13333,2006-02-14 15:16:03,1092,64,,2,2006-02-16 02:30:53
13334,2005-08-19 20:02:33,461,379,2005-08-22 00:45:33,1,2006-02-16 02:30:53
13335,2005-08-19 20:03:18,1861,74,2005-08-24 20:09:18,2,2006-02-16 02:30:53
13336,2005-08-19 20:03:22,1011,289,2005-08-24 23:42:22,1,2006-02-16 02:30:53
13337,2005-08-19 20:06:57,3584,374,2005-08-20 16:31:57,1,2006-02-16 02:30:53
13338,2005-08-19 20:09:59,3739,86,2005-08-23 22:59:59,2,2006-02-16 02:30:53
13339,2005-08-19 20:18:36,1428,15,2005-08-28 21:34:36,1,2006-02-16 02:30:53
13340,2005-08-19 20:18:39,4358,45,2005-08-28 21:06:39,2,2006-02-16 02:30:53
13341,2005-08-19 20:18:53,1749,460,2005-08-27 14:36:53,1,2006-02-16 02:30:53
13342,2005-08-19 20:21:36,3476,172,2005-08-21 16:26:36,1,2006-02-16 02:30:53
13343,2005-08-19 20:22:08,1032,591,2005-08-27 17:21:08,1,2006-02-16 02:30:53
13344,2005-08-19 20:22:44,4392,514,2005-08-25 18:39:44,1,2006-02-16 02:30:53
13345,2005-08-19 20:25:24,47,55,2005-08-27 20:38:24,1,2006-02-16 02:30:53
13346,2005-08-19 20:28:21,4541,131,2005-08-28 00:28:21,2,2006-02-16 02:30:53
13347,2005-08-19 20:28:48,4038,562,2005-08-28 19:33:48,2,2006-02-16 02:30:53
13348,2005-08-19 20:31:48,275,456,2005-08-21 21:01:48,1,2006-02-16 02:30:53
13349,2005-08-19 20:43:16,4262,234,2005-08-20 16:21:16,1,2006-02-16 02:30:53
13350,2005-08-19 20:44:00,3523,214,2005-08-27 01:23:00,2,2006-02-16 02:30:53
13351,2006-02-14 15:16:03,4130,42,,2,2006-02-16 02:30:53
13352,2005-08-19 20:51:40,2689,80,2005-08-24 01:22:40,1,2006-02-16 02:30:53
13353,2005-08-19 20:53:43,2790,131,2005-08-25 01:25:43,1,2006-02-16 02:30:53
13354,2005-08-19 20:55:23,1356,213,2005-08-27 20:09:23,2,2006-02-16 02:30:53
13355,2005-08-19 20:59:19,585,396,2005-08-23 21:44:19,1,2006-02-16 02:30:53
13356,2005-08-19 21:02:21,2713,324,2005-08-24 00:31:21,1,2006-02-16 02:30:53
13357,2005-08-19 21:02:59,3295,393,2005-08-25 23:46:59,2,2006-02-16 02:30:53
13358,2005-08-19 21:04:20,1510,439,2005-08-24 20:49:20,2,2006-02-16 02:30:53
13359,2005-08-19 21:04:49,4175,434,2005-08-27 01:46:49,1,2006-02-16 02:30:53
13360,2005-08-19 21:05:11,3396,327,2005-08-24 16:05:11,2,2006-02-16 02:30:53
13361,2005-08-19 21:07:22,4289,107,2005-08-21 21:26:22,2,2006-02-16 02:30:53
13362,2005-08-19 21:07:54,869,565,2005-08-20 17:29:54,2,2006-02-16 02:30:53
13363,2005-08-19 21:07:59,588,288,2005-08-21 17:08:59,1,2006-02-16 02:30:53
13364,2005-08-19 21:09:30,2773,236,2005-08-25 18:37:30,1,2006-02-16 02:30:53
13365,2005-08-19 21:12:37,4136,307,2005-08-25 19:56:37,2,2006-02-16 02:30:53
13366,2005-08-19 21:14:45,602,259,2005-08-21 03:06:45,1,2006-02-16 02:30:53
13367,2005-08-19 21:19:27,4569,290,2005-08-24 15:22:27,2,2006-02-16 02:30:53
13368,2005-08-19 21:19:35,1073,342,2005-08-21 16:12:35,2,2006-02-16 02:30:53
13369,2005-08-19 21:19:47,2728,116,2005-08-24 23:25:47,1,2006-02-16 02:30:53
13370,2005-08-19 21:20:11,239,101,2005-08-25 22:51:11,1,2006-02-16 02:30:53
13371,2005-08-19 21:21:47,3401,34,2005-08-26 16:17:47,2,2006-02-16 02:30:53
13372,2005-08-19 21:23:19,3366,150,2005-08-24 22:12:19,1,2006-02-16 02:30:53
13373,2005-08-19 21:23:31,4045,7,2005-08-25 22:38:31,1,2006-02-16 02:30:53
13374,2006-02-14 15:16:03,2721,227,,1,2006-02-16 02:30:53
13375,2005-08-19 21:31:31,949,120,2005-08-29 00:17:31,1,2006-02-16 02:30:53
13376,2005-08-19 21:31:45,898,40,2005-08-22 01:14:45,2,2006-02-16 02:30:53
13377,2005-08-19 21:32:23,1316,572,2005-08-25 22:24:23,1,2006-02-16 02:30:53
13378,2005-08-19 21:33:35,2708,368,2005-08-20 22:47:35,1,2006-02-16 02:30:53
13379,2005-08-19 21:33:39,1623,227,2005-08-22 21:00:39,1,2006-02-16 02:30:53
13380,2005-08-19 21:36:58,4250,451,2005-08-22 23:55:58,1,2006-02-16 02:30:53
13381,2005-08-19 21:37:57,2823,21,2005-08-21 18:07:57,2,2006-02-16 02:30:53
13382,2005-08-19 21:38:41,3720,436,2005-08-28 15:49:41,1,2006-02-16 02:30:53
13383,2005-08-19 21:38:44,3193,434,2005-08-28 23:22:44,2,2006-02-16 02:30:53
13384,2005-08-19 21:38:51,1462,440,2005-08-23 17:55:51,1,2006-02-16 02:30:53
13385,2005-08-19 21:39:35,4323,252,2005-08-22 22:38:35,2,2006-02-16 02:30:53
13386,2005-08-19 21:43:58,4476,324,2005-08-24 20:29:58,2,2006-02-16 02:30:53
13387,2005-08-19 21:46:10,123,504,2005-08-24 01:16:10,1,2006-02-16 02:30:53
13388,2005-08-19 21:46:49,942,317,2005-08-27 16:18:49,1,2006-02-16 02:30:53
13389,2005-08-19 21:52:51,3352,257,2005-08-25 02:38:51,1,2006-02-16 02:30:53
13390,2006-02-14 15:16:03,2855,135,,1,2006-02-16 02:30:53
13391,2005-08-19 22:01:42,4220,16,2005-08-24 22:20:42,2,2006-02-16 02:30:53
13392,2005-08-19 22:03:22,692,409,2005-08-28 19:27:22,1,2006-02-16 02:30:53
13393,2005-08-19 22:03:46,958,15,2005-08-28 19:19:46,2,2006-02-16 02:30:53
13394,2005-08-19 22:05:19,2597,45,2005-08-21 23:53:19,1,2006-02-16 02:30:53
13395,2005-08-19 22:05:40,53,80,2005-08-22 01:31:40,2,2006-02-16 02:30:53
13396,2005-08-19 22:06:09,4169,517,2005-08-23 23:26:09,2,2006-02-16 02:30:53
13397,2005-08-19 22:06:35,3863,379,2005-08-29 01:11:35,2,2006-02-16 02:30:53
13398,2005-08-19 22:08:48,3376,405,2005-08-23 03:24:48,1,2006-02-16 02:30:53
13399,2005-08-19 22:09:28,2309,21,2005-08-25 20:25:28,2,2006-02-16 02:30:53
13400,2005-08-19 22:11:44,2173,179,2005-08-20 23:27:44,2,2006-02-16 02:30:53
13401,2005-08-19 22:16:16,488,139,2005-08-25 19:01:16,2,2006-02-16 02:30:53
13402,2005-08-19 22:16:53,3264,372,2005-08-22 22:28:53,1,2006-02-16 02:30:53
13403,2005-08-19 22:18:07,3241,3,2005-08-27 19:23:07,1,2006-02-16 02:30:53
13404,2005-08-19 22:18:42,416,414,2005-08-23 16:29:42,2,2006-02-16 02:30:53
13405,2005-08-19 22:20:49,1554,181,2005-08-28 21:21:49,1,2006-02-16 02:30:53
13406,2005-08-19 22:22:01,3031,113,2005-08-22 18:16:01,1,2006-02-16 02:30:53
13407,2005-08-19 22:26:26,2512,131,2005-08-22 16:34:26,1,2006-02-16 02:30:53
13408,2005-08-19 22:34:51,2795,575,2005-08-21 03:30:51,1,2006-02-16 02:30:53
13409,2005-08-19 22:36:26,873,214,2005-08-22 01:52:26,2,2006-02-16 02:30:53
13410,2005-08-19 22:41:44,1421,104,2005-08-26 18:05:44,2,2006-02-16 02:30:53
13411,2005-08-19 22:43:38,4425,21,2005-08-26 18:29:38,2,2006-02-16 02:30:53
13412,2005-08-19 22:46:35,2806,404,2005-08-26 18:06:35,1,2006-02-16 02:30:53
13413,2005-08-19 22:46:46,1501,390,2005-08-24 22:52:46,1,2006-02-16 02:30:53
13414,2005-08-19 22:47:34,4126,438,2005-08-21 02:50:34,1,2006-02-16 02:30:53
13415,2005-08-19 22:48:09,1105,181,2005-08-25 02:09:09,1,2006-02-16 02:30:53
13416,2005-08-19 22:48:48,1075,204,2005-08-21 22:09:48,2,2006-02-16 02:30:53
13417,2005-08-19 22:51:39,92,468,2005-08-23 03:34:39,1,2006-02-16 02:30:53
13418,2005-08-19 22:53:56,2113,246,2005-08-28 02:05:56,2,2006-02-16 02:30:53
13419,2006-02-14 15:16:03,3507,537,,1,2006-02-16 02:30:53
13420,2005-08-19 22:57:25,1796,102,2005-08-28 22:46:25,1,2006-02-16 02:30:53
13421,2006-02-14 15:16:03,9,366,,1,2006-02-16 02:30:53
13422,2005-08-19 23:07:24,3835,404,2005-08-28 04:12:24,2,2006-02-16 02:30:53
13423,2005-08-19 23:07:42,546,311,2005-08-26 20:45:42,1,2006-02-16 02:30:53
13424,2005-08-19 23:10:09,4340,216,2005-08-23 02:25:09,1,2006-02-16 02:30:53
13425,2005-08-19 23:11:44,2274,340,2005-08-25 21:19:44,2,2006-02-16 02:30:53
13426,2005-08-19 23:15:00,3409,213,2005-08-21 01:53:00,2,2006-02-16 02:30:53
13427,2005-08-19 23:19:02,3120,239,2005-08-21 18:30:02,1,2006-02-16 02:30:53
13428,2006-02-14 15:16:03,106,44,,2,2006-02-16 02:30:53
13429,2005-08-19 23:25:37,3677,23,2005-08-28 01:04:37,2,2006-02-16 02:30:53
13430,2005-08-19 23:25:43,2852,381,2005-08-22 18:41:43,1,2006-02-16 02:30:53
13431,2005-08-19 23:28:15,1700,229,2005-08-25 04:44:15,1,2006-02-16 02:30:53
13432,2005-08-19 23:29:06,2216,78,2005-08-23 00:57:06,1,2006-02-16 02:30:53
13433,2005-08-19 23:30:53,1647,171,2005-08-22 05:18:53,2,2006-02-16 02:30:53
13434,2005-08-19 23:34:26,2073,221,2005-08-23 18:33:26,1,2006-02-16 02:30:53
13435,2005-08-19 23:35:44,3919,30,2005-08-24 18:14:44,2,2006-02-16 02:30:53
13436,2005-08-19 23:36:25,2499,29,2005-08-23 18:38:25,1,2006-02-16 02:30:53
13437,2005-08-19 23:37:52,2292,67,2005-08-28 22:17:52,1,2006-02-16 02:30:53
13438,2005-08-19 23:38:02,1750,520,2005-08-26 21:36:02,1,2006-02-16 02:30:53
13439,2005-08-19 23:42:16,3535,551,2005-08-26 21:24:16,2,2006-02-16 02:30:53
13440,2005-08-19 23:42:52,2842,260,2005-08-25 19:19:52,1,2006-02-16 02:30:53
13441,2005-08-19 23:48:23,3188,125,2005-08-28 23:47:23,1,2006-02-16 02:30:53
13442,2005-08-19 23:50:45,2432,356,2005-08-27 22:01:45,2,2006-02-16 02:30:53
13443,2005-08-19 23:53:42,3161,236,2005-08-28 05:37:42,1,2006-02-16 02:30:53
13444,2005-08-20 00:00:24,2564,37,2005-08-21 05:59:24,2,2006-02-16 02:30:53
13445,2005-08-20 00:05:33,1630,495,2005-08-21 21:20:33,1,2006-02-16 02:30:53
13446,2005-08-20 00:06:13,3226,488,2005-08-22 19:56:13,1,2006-02-16 02:30:53
13447,2005-08-20 00:09:36,285,542,2005-08-25 01:22:36,1,2006-02-16 02:30:53
13448,2005-08-20 00:12:43,2870,327,2005-08-25 02:33:43,1,2006-02-16 02:30:53
13449,2005-08-20 00:17:01,1297,400,2005-08-23 20:42:01,2,2006-02-16 02:30:53
13450,2005-08-20 00:18:15,135,61,2005-08-24 19:36:15,1,2006-02-16 02:30:53
13451,2005-08-20 00:18:25,3837,6,2005-08-29 01:08:25,1,2006-02-16 02:30:53
13452,2005-08-20 00:20:07,2449,430,2005-08-25 05:43:07,1,2006-02-16 02:30:53
13453,2005-08-20 00:30:51,2203,164,2005-08-28 18:43:51,2,2006-02-16 02:30:53
13454,2005-08-20 00:30:52,1553,430,2005-08-27 19:45:52,2,2006-02-16 02:30:53
13455,2005-08-20 00:32:17,1315,133,2005-08-26 19:33:17,1,2006-02-16 02:30:53
13456,2005-08-20 00:33:19,1644,13,2005-08-22 01:47:19,1,2006-02-16 02:30:53
13457,2005-08-20 00:33:22,1220,256,2005-08-26 21:37:22,2,2006-02-16 02:30:53
13458,2005-08-20 00:35:30,4223,228,2005-08-21 20:51:30,1,2006-02-16 02:30:53
13459,2005-08-20 00:45:40,3666,114,2005-08-29 02:53:40,2,2006-02-16 02:30:53
13460,2005-08-20 00:48:24,244,410,2005-08-28 04:13:24,2,2006-02-16 02:30:53
13461,2005-08-20 00:49:04,2621,421,2005-08-28 02:49:04,2,2006-02-16 02:30:53
13462,2005-08-20 00:49:19,3865,489,2005-08-26 06:21:19,2,2006-02-16 02:30:53
13463,2005-08-20 00:50:54,510,21,2005-08-28 23:00:54,1,2006-02-16 02:30:53
13464,2006-02-14 15:16:03,4292,576,,1,2006-02-16 02:30:53
13465,2005-08-20 00:54:14,1305,575,2005-08-21 20:55:14,2,2006-02-16 02:30:53
13466,2005-08-20 00:55:16,3088,262,2005-08-22 22:48:16,1,2006-02-16 02:30:53
13467,2005-08-20 00:56:44,696,373,2005-08-20 20:16:44,1,2006-02-16 02:30:53
13468,2005-08-20 00:56:44,1851,266,2005-08-29 06:26:44,1,2006-02-16 02:30:53
13469,2005-08-20 00:59:36,1410,235,2005-08-24 22:41:36,1,2006-02-16 02:30:53
13470,2005-08-20 01:01:16,3097,141,2005-08-21 03:19:16,1,2006-02-16 02:30:53
13471,2005-08-20 01:02:26,1391,296,2005-08-25 06:37:26,2,2006-02-16 02:30:53
13472,2005-08-20 01:03:31,3074,137,2005-08-28 02:54:31,1,2006-02-16 02:30:53
13473,2005-08-20 01:03:50,381,390,2005-08-22 02:33:50,2,2006-02-16 02:30:53
13474,2005-08-20 01:04:32,1209,116,2005-08-21 20:26:32,2,2006-02-16 02:30:53
13475,2005-08-20 01:05:05,3214,68,2005-08-20 20:22:05,2,2006-02-16 02:30:53
13476,2005-08-20 01:06:04,2866,7,2005-08-24 23:56:04,1,2006-02-16 02:30:53
13477,2005-08-20 01:07:00,1442,222,2005-08-26 02:47:00,1,2006-02-16 02:30:53
13478,2005-08-20 01:07:14,2190,466,2005-08-22 03:41:14,1,2006-02-16 02:30:53
13479,2005-08-20 01:09:11,1262,87,2005-08-26 05:35:11,2,2006-02-16 02:30:53
13480,2005-08-20 01:10:27,206,16,2005-08-27 22:18:27,2,2006-02-16 02:30:53
13481,2005-08-20 01:11:12,2678,157,2005-08-26 23:07:12,2,2006-02-16 02:30:53
13482,2005-08-20 01:14:30,1627,183,2005-08-24 04:57:30,1,2006-02-16 02:30:53
13483,2005-08-20 01:16:38,2550,441,2005-08-21 20:43:38,2,2006-02-16 02:30:53
13484,2005-08-20 01:16:52,1533,152,2005-08-22 23:47:52,2,2006-02-16 02:30:53
13485,2005-08-20 01:20:14,3802,379,2005-08-22 01:28:14,2,2006-02-16 02:30:53
13486,2006-02-14 15:16:03,4460,274,,1,2006-02-16 02:30:53
13487,2005-08-20 01:27:05,2609,458,2005-08-24 00:41:05,2,2006-02-16 02:30:53
13488,2005-08-20 01:28:42,867,444,2005-08-25 06:17:42,2,2006-02-16 02:30:53
13489,2005-08-20 01:29:06,2934,443,2005-08-27 21:11:06,1,2006-02-16 02:30:53
13490,2005-08-20 01:29:29,238,18,2005-08-21 22:36:29,2,2006-02-16 02:30:53
13491,2005-08-20 01:30:56,2503,258,2005-08-28 23:26:56,2,2006-02-16 02:30:53
13492,2005-08-20 01:32:04,1155,462,2005-08-29 02:14:04,2,2006-02-16 02:30:53
13493,2005-08-20 01:33:36,2927,37,2005-08-24 06:32:36,1,2006-02-16 02:30:53
13494,2005-08-20 01:36:34,1632,414,2005-08-21 06:52:34,1,2006-02-16 02:30:53
13495,2005-08-20 01:40:25,3881,92,2005-08-23 06:32:25,2,2006-02-16 02:30:53
13496,2005-08-20 01:42:29,3040,454,2005-08-29 06:47:29,2,2006-02-16 02:30:53
13497,2005-08-20 01:46:38,1296,481,2005-08-26 05:37:38,2,2006-02-16 02:30:53
13498,2005-08-20 01:51:23,1603,578,2005-08-24 05:32:23,1,2006-02-16 02:30:53
13499,2005-08-20 01:52:30,1893,300,2005-08-28 04:57:30,1,2006-02-16 02:30:53
13500,2005-08-20 01:54:39,1353,577,2005-08-25 21:23:39,1,2006-02-16 02:30:53
13501,2005-08-20 01:56:20,4369,390,2005-08-22 23:07:20,2,2006-02-16 02:30:53
13502,2005-08-20 01:58:15,1324,309,2005-08-21 20:21:15,1,2006-02-16 02:30:53
13503,2005-08-20 02:00:33,453,15,2005-08-28 21:03:33,1,2006-02-16 02:30:53
13504,2005-08-20 02:01:48,4322,293,2005-08-25 21:52:48,2,2006-02-16 02:30:53
13505,2005-08-20 02:05:57,914,536,2005-08-23 05:52:57,1,2006-02-16 02:30:53
13506,2005-08-20 02:07:06,1334,261,2005-08-26 08:06:06,1,2006-02-16 02:30:53
13507,2005-08-20 02:10:27,3324,478,2005-08-23 04:03:27,2,2006-02-16 02:30:53
13508,2005-08-20 02:12:54,4120,408,2005-08-28 21:47:54,2,2006-02-16 02:30:53
13509,2005-08-20 02:14:16,3698,128,2005-08-22 06:36:16,2,2006-02-16 02:30:53
13510,2005-08-20 02:18:30,691,107,2005-08-27 01:33:30,1,2006-02-16 02:30:53
13511,2005-08-20 02:21:40,2973,23,2005-08-21 03:26:40,1,2006-02-16 02:30:53
13512,2005-08-20 02:27:13,4508,62,2005-08-28 04:40:13,2,2006-02-16 02:30:53
13513,2005-08-20 02:27:53,1653,454,2005-08-22 06:10:53,1,2006-02-16 02:30:53
13514,2005-08-20 02:28:09,3407,96,2005-08-25 00:41:09,1,2006-02-16 02:30:53
13515,2005-08-20 02:29:47,3438,194,2005-08-23 08:12:47,2,2006-02-16 02:30:53
13516,2005-08-20 02:32:45,4286,95,2005-08-27 04:38:45,1,2006-02-16 02:30:53
13517,2005-08-20 02:33:17,533,186,2005-08-23 22:40:17,2,2006-02-16 02:30:53
13518,2005-08-20 02:36:17,352,528,2005-08-24 08:06:17,1,2006-02-16 02:30:53
13519,2005-08-20 02:37:07,182,12,2005-08-23 01:26:07,2,2006-02-16 02:30:53
13520,2005-08-20 02:41:46,3326,74,2005-08-22 01:53:46,1,2006-02-16 02:30:53
13521,2005-08-20 02:42:28,2586,384,2005-08-22 06:12:28,1,2006-02-16 02:30:53
13522,2005-08-20 02:44:06,2940,343,2005-08-28 05:30:06,1,2006-02-16 02:30:53
13523,2005-08-20 02:47:03,163,572,2005-08-28 07:43:03,1,2006-02-16 02:30:53
13524,2005-08-20 02:48:43,4557,593,2005-08-27 03:14:43,2,2006-02-16 02:30:53
13525,2005-08-20 02:50:44,3514,111,2005-08-26 22:58:44,2,2006-02-16 02:30:53
13526,2005-08-20 02:58:42,1966,277,2005-08-27 22:36:42,2,2006-02-16 02:30:53
13527,2005-08-20 03:00:47,4424,521,2005-08-25 01:03:47,1,2006-02-16 02:30:53
13528,2005-08-20 03:03:31,1847,202,2005-08-26 03:09:31,1,2006-02-16 02:30:53
13529,2005-08-20 03:07:47,1979,193,2005-08-21 21:50:47,1,2006-02-16 02:30:53
13530,2005-08-20 03:12:43,597,156,2005-08-23 09:01:43,2,2006-02-16 02:30:53
13531,2005-08-20 03:26:10,2778,156,2005-08-25 03:41:10,1,2006-02-16 02:30:53
13532,2005-08-20 03:29:28,1433,168,2005-08-23 22:53:28,2,2006-02-16 02:30:53
13533,2005-08-20 03:30:00,1801,436,2005-08-27 05:53:00,1,2006-02-16 02:30:53
13534,2006-02-14 15:16:03,2476,75,,1,2006-02-16 02:30:53
13535,2005-08-20 03:30:25,1563,86,2005-08-28 04:35:25,1,2006-02-16 02:30:53
13536,2005-08-20 03:35:16,667,183,2005-08-25 04:06:16,2,2006-02-16 02:30:53
13537,2005-08-20 03:39:15,2521,418,2005-08-23 22:03:15,2,2006-02-16 02:30:53
13538,2006-02-14 15:16:03,581,279,,1,2006-02-16 02:30:53
13539,2005-08-20 03:40:27,3110,518,2005-08-27 07:15:27,1,2006-02-16 02:30:53
13540,2005-08-20 03:41:23,3785,557,2005-08-27 09:09:23,2,2006-02-16 02:30:53
13541,2005-08-20 03:41:41,1363,15,2005-08-24 23:14:41,1,2006-02-16 02:30:53
13542,2005-08-20 03:41:57,4543,147,2005-08-29 03:21:57,2,2006-02-16 02:30:53
13543,2005-08-20 03:43:13,2142,163,2005-08-29 07:14:13,2,2006-02-16 02:30:53
13544,2005-08-20 03:44:26,58,538,2005-08-27 22:11:26,1,2006-02-16 02:30:53
13545,2005-08-20 03:50:15,615,417,2005-08-27 22:24:15,1,2006-02-16 02:30:53
13546,2005-08-20 03:50:24,2492,390,2005-08-28 03:04:24,2,2006-02-16 02:30:53
13547,2005-08-20 03:53:16,3122,456,2005-08-25 04:02:16,1,2006-02-16 02:30:53
13548,2005-08-20 03:53:20,4389,319,2005-08-27 21:54:20,1,2006-02-16 02:30:53
13549,2005-08-20 03:58:41,508,274,2005-08-28 22:49:41,1,2006-02-16 02:30:53
13550,2005-08-20 03:58:51,208,206,2005-08-28 00:45:51,2,2006-02-16 02:30:53
13551,2005-08-20 04:00:30,1049,503,2005-08-21 06:26:30,2,2006-02-16 02:30:53
13552,2005-08-20 04:03:51,758,578,2005-08-23 02:48:51,2,2006-02-16 02:30:53
13553,2005-08-20 04:07:21,4407,314,2005-08-28 09:55:21,1,2006-02-16 02:30:53
13554,2005-08-20 04:08:39,2648,569,2005-08-28 07:11:39,2,2006-02-16 02:30:53
13555,2005-08-20 04:09:50,3176,93,2005-08-29 05:20:50,1,2006-02-16 02:30:53
13556,2005-08-20 04:10:26,3914,266,2005-08-26 06:45:26,2,2006-02-16 02:30:53
13557,2005-08-20 04:12:41,2290,23,2005-08-21 02:33:41,2,2006-02-16 02:30:53
13558,2005-08-20 04:13:17,1551,564,2005-08-24 06:38:17,1,2006-02-16 02:30:53
13559,2005-08-20 04:16:07,2413,444,2005-08-24 23:23:07,1,2006-02-16 02:30:53
13560,2005-08-20 04:17:16,820,56,2005-08-28 08:38:16,1,2006-02-16 02:30:53
13561,2006-02-14 15:16:03,3202,530,,1,2006-02-16 02:30:53
13562,2005-08-20 04:31:45,4547,36,2005-08-25 09:59:45,1,2006-02-16 02:30:53
13563,2005-08-20 04:33:31,599,366,2005-08-24 07:08:31,2,2006-02-16 02:30:53
13564,2005-08-20 04:34:46,678,36,2005-08-28 23:18:46,2,2006-02-16 02:30:53
13565,2005-08-20 04:38:52,3378,214,2005-08-27 07:17:52,1,2006-02-16 02:30:53
13566,2005-08-20 04:45:32,4397,558,2005-08-28 02:12:32,2,2006-02-16 02:30:53
13567,2005-08-20 04:49:21,543,242,2005-08-26 10:27:21,1,2006-02-16 02:30:53
13568,2005-08-20 05:02:46,1243,151,2005-08-27 03:12:46,2,2006-02-16 02:30:53
13569,2005-08-20 05:02:59,1934,496,2005-08-28 00:51:59,1,2006-02-16 02:30:53
13570,2005-08-20 05:04:57,2808,188,2005-08-24 06:19:57,2,2006-02-16 02:30:53
13571,2005-08-20 05:05:14,1251,458,2005-08-25 03:59:14,2,2006-02-16 02:30:53
13572,2005-08-20 05:07:27,660,11,2005-08-23 23:33:27,1,2006-02-16 02:30:53
13573,2005-08-20 05:10:14,3032,59,2005-08-22 00:59:14,1,2006-02-16 02:30:53
13574,2005-08-20 05:10:39,2383,552,2005-08-21 02:21:39,2,2006-02-16 02:30:53
13575,2005-08-20 05:15:20,2729,339,2005-08-28 07:36:20,2,2006-02-16 02:30:53
13576,2005-08-20 05:19:56,2669,223,2005-08-22 09:08:56,2,2006-02-16 02:30:53
13577,2006-02-14 15:16:03,3844,448,,2,2006-02-16 02:30:53
13578,2006-02-14 15:16:03,4301,352,,2,2006-02-16 02:30:53
13579,2005-08-20 05:22:06,4237,333,2005-08-28 02:33:06,2,2006-02-16 02:30:53
13580,2005-08-20 05:23:34,4419,526,2005-08-23 02:45:34,1,2006-02-16 02:30:53
13581,2005-08-20 05:26:15,1753,119,2005-08-21 11:07:15,2,2006-02-16 02:30:53
13582,2005-08-20 05:28:11,211,166,2005-08-23 02:06:11,2,2006-02-16 02:30:53
13583,2005-08-20 05:29:45,176,74,2005-08-26 06:49:45,1,2006-02-16 02:30:53
13584,2006-02-14 15:16:03,3966,548,,2,2006-02-16 02:30:53
13585,2005-08-20 05:32:23,3314,470,2005-08-27 23:36:23,1,2006-02-16 02:30:53
13586,2005-08-20 05:40:33,4544,445,2005-08-25 01:32:33,2,2006-02-16 02:30:53
13587,2006-02-14 15:16:03,2455,431,,2,2006-02-16 02:30:53
13588,2005-08-20 05:47:11,702,279,2005-08-28 02:45:11,2,2006-02-16 02:30:53
13589,2005-08-20 05:47:25,3216,574,2005-08-23 01:29:25,2,2006-02-16 02:30:53
13590,2005-08-20 05:48:59,4417,264,2005-08-25 00:44:59,2,2006-02-16 02:30:53
13591,2005-08-20 05:50:05,3089,390,2005-08-27 08:43:05,2,2006-02-16 02:30:53
13592,2005-08-20 05:50:35,1509,470,2005-08-23 04:52:35,1,2006-02-16 02:30:53
13593,2005-08-20 05:50:52,261,585,2005-08-27 05:28:52,2,2006-02-16 02:30:53
13594,2005-08-20 05:53:31,3424,7,2005-08-23 09:01:31,1,2006-02-16 02:30:53
13595,2005-08-20 05:54:27,673,545,2005-08-29 01:25:27,1,2006-02-16 02:30:53
13596,2005-08-20 05:58:58,482,513,2005-08-27 08:35:58,1,2006-02-16 02:30:53
13597,2005-08-20 05:59:05,3697,72,2005-08-24 05:38:05,2,2006-02-16 02:30:53
13598,2005-08-20 05:59:17,2803,259,2005-08-29 01:02:17,1,2006-02-16 02:30:53
13599,2005-08-20 06:00:03,3333,150,2005-08-29 07:56:03,1,2006-02-16 02:30:53
13600,2005-08-20 06:00:25,431,528,2005-08-28 02:39:25,1,2006-02-16 02:30:53
13601,2005-08-20 06:01:15,2166,189,2005-08-29 06:14:15,2,2006-02-16 02:30:53
13602,2005-08-20 06:02:02,2805,348,2005-08-27 04:51:02,1,2006-02-16 02:30:53
13603,2005-08-20 06:02:48,937,362,2005-08-29 09:39:48,1,2006-02-16 02:30:53
13604,2005-08-20 06:03:33,4352,353,2005-08-21 07:06:33,1,2006-02-16 02:30:53
13605,2005-08-20 06:06:17,4446,522,2005-08-26 00:53:17,2,2006-02-16 02:30:53
13606,2005-08-20 06:07:01,83,146,2005-08-27 04:59:01,2,2006-02-16 02:30:53
13607,2005-08-20 06:08:42,2692,491,2005-08-21 01:59:42,2,2006-02-16 02:30:53
13608,2005-08-20 06:10:44,4110,193,2005-08-24 07:08:44,1,2006-02-16 02:30:53
13609,2005-08-20 06:11:51,299,328,2005-08-23 04:13:51,2,2006-02-16 02:30:53
13610,2005-08-20 06:14:12,2526,3,2005-08-26 00:44:12,2,2006-02-16 02:30:53
13611,2005-08-20 06:20:42,1460,112,2005-08-28 10:07:42,1,2006-02-16 02:30:53
13612,2005-08-20 06:22:08,675,505,2005-08-28 02:22:08,1,2006-02-16 02:30:53
13613,2005-08-20 06:23:53,2415,201,2005-08-29 11:40:53,2,2006-02-16 02:30:53
13614,2005-08-20 06:28:37,3736,381,2005-08-22 07:54:37,2,2006-02-16 02:30:53
13615,2005-08-20 06:28:53,1864,539,2005-08-27 11:40:53,2,2006-02-16 02:30:53
13616,2005-08-20 06:30:33,1694,194,2005-08-27 09:29:33,2,2006-02-16 02:30:53
13617,2005-08-20 06:35:30,4059,526,2005-08-29 09:03:30,1,2006-02-16 02:30:53
13618,2005-08-20 06:36:46,390,390,2005-08-29 05:17:46,2,2006-02-16 02:30:53
13619,2005-08-20 06:39:26,1068,365,2005-08-23 05:22:26,2,2006-02-16 02:30:53
13620,2005-08-20 06:41:27,2361,92,2005-08-24 11:02:27,1,2006-02-16 02:30:53
13621,2005-08-20 06:43:44,3754,581,2005-08-23 06:25:44,2,2006-02-16 02:30:53
13622,2005-08-20 06:45:32,3355,335,2005-08-25 02:40:32,1,2006-02-16 02:30:53
13623,2005-08-20 06:49:46,3948,321,2005-08-25 05:19:46,2,2006-02-16 02:30:53
13624,2005-08-20 06:51:02,430,63,2005-08-29 02:39:02,1,2006-02-16 02:30:53
13625,2005-08-20 06:52:03,60,422,2005-08-27 07:43:03,1,2006-02-16 02:30:53
13626,2005-08-20 06:55:24,594,524,2005-08-29 12:32:24,1,2006-02-16 02:30:53
13627,2005-08-20 06:59:00,603,329,2005-08-29 11:43:00,2,2006-02-16 02:30:53
13628,2005-08-20 07:03:53,1006,500,2005-08-22 11:27:53,2,2006-02-16 02:30:53
13629,2005-08-20 07:04:07,1834,392,2005-08-25 12:36:07,1,2006-02-16 02:30:53
13630,2005-08-20 07:05:56,3346,244,2005-08-29 04:15:56,1,2006-02-16 02:30:53
13631,2005-08-20 07:07:37,1015,535,2005-08-22 04:01:37,1,2006-02-16 02:30:53
13632,2005-08-20 07:10:52,4008,409,2005-08-29 10:19:52,2,2006-02-16 02:30:53
13633,2005-08-20 07:13:47,3227,301,2005-08-24 11:25:47,1,2006-02-16 02:30:53
13634,2005-08-20 07:16:45,850,411,2005-08-22 03:38:45,1,2006-02-16 02:30:53
13635,2005-08-20 07:17:35,669,286,2005-08-29 06:27:35,1,2006-02-16 02:30:53
13636,2005-08-20 07:20:09,1467,349,2005-08-23 09:58:09,1,2006-02-16 02:30:53
13637,2005-08-20 07:21:15,2298,342,2005-08-24 10:13:15,2,2006-02-16 02:30:53
13638,2005-08-20 07:21:15,3255,493,2005-08-23 11:09:15,2,2006-02-16 02:30:53
13639,2005-08-20 07:22:07,2489,562,2005-08-23 11:24:07,2,2006-02-16 02:30:53
13640,2005-08-20 07:22:53,3427,541,2005-08-21 11:54:53,2,2006-02-16 02:30:53
13641,2005-08-20 07:34:42,367,281,2005-08-26 05:18:42,1,2006-02-16 02:30:53
13642,2005-08-20 07:42:17,4415,452,2005-08-29 10:49:17,1,2006-02-16 02:30:53
13643,2005-08-20 07:42:24,2443,398,2005-08-26 09:13:24,2,2006-02-16 02:30:53
13644,2005-08-20 07:46:30,970,464,2005-08-27 01:54:30,1,2006-02-16 02:30:53
13645,2005-08-20 07:47:05,157,387,2005-08-23 02:58:05,1,2006-02-16 02:30:53
13646,2005-08-20 07:47:08,1347,242,2005-08-29 08:33:08,1,2006-02-16 02:30:53
13647,2005-08-20 07:48:07,3269,519,2005-08-28 07:56:07,2,2006-02-16 02:30:53
13648,2005-08-20 07:48:10,3921,596,2005-08-22 12:15:10,2,2006-02-16 02:30:53
13649,2005-08-20 07:48:38,1495,259,2005-08-23 07:43:38,2,2006-02-16 02:30:53
13650,2005-08-20 07:49:06,2644,322,2005-08-28 10:11:06,1,2006-02-16 02:30:53
13651,2005-08-20 07:50:08,1082,256,2005-08-21 07:11:08,1,2006-02-16 02:30:53
13652,2005-08-20 07:52:34,2548,67,2005-08-23 08:58:34,2,2006-02-16 02:30:53
13653,2005-08-20 07:54:54,4029,129,2005-08-29 06:43:54,1,2006-02-16 02:30:53
13654,2005-08-20 07:58:21,1582,469,2005-08-21 09:40:21,2,2006-02-16 02:30:53
13655,2005-08-20 07:59:13,4294,207,2005-08-22 12:04:13,1,2006-02-16 02:30:53
13656,2005-08-20 08:01:07,3180,411,2005-08-28 13:16:07,2,2006-02-16 02:30:53
13657,2005-08-20 08:01:39,1752,414,2005-08-23 07:31:39,1,2006-02-16 02:30:53
13658,2005-08-20 08:02:22,3827,487,2005-08-28 06:00:22,1,2006-02-16 02:30:53
13659,2005-08-20 08:05:52,3610,520,2005-08-24 12:38:52,1,2006-02-16 02:30:53
13660,2005-08-20 08:05:56,3972,72,2005-08-22 13:22:56,1,2006-02-16 02:30:53
13661,2005-08-20 08:05:59,3996,471,2005-08-29 12:15:59,1,2006-02-16 02:30:53
13662,2005-08-20 08:11:58,3880,592,2005-08-26 13:34:58,1,2006-02-16 02:30:53
13663,2005-08-20 08:12:33,3969,240,2005-08-27 03:23:33,2,2006-02-16 02:30:53
13664,2005-08-20 08:18:36,3750,264,2005-08-26 11:04:36,1,2006-02-16 02:30:53
13665,2005-08-20 08:19:20,117,291,2005-08-28 06:26:20,1,2006-02-16 02:30:53
13666,2005-08-20 08:20:19,2007,451,2005-08-22 03:22:19,1,2006-02-16 02:30:53
13667,2005-08-20 08:25:34,3856,280,2005-08-24 07:04:34,2,2006-02-16 02:30:53
13668,2005-08-20 08:26:06,3659,123,2005-08-25 05:52:06,2,2006-02-16 02:30:53
13669,2005-08-20 08:26:32,4504,261,2005-08-27 08:10:32,2,2006-02-16 02:30:53
13670,2005-08-20 08:27:01,1951,147,2005-08-29 05:59:01,2,2006-02-16 02:30:53
13671,2005-08-20 08:27:03,1473,201,2005-08-26 03:56:03,1,2006-02-16 02:30:53
13672,2005-08-20 08:27:27,2068,201,2005-08-22 06:15:27,2,2006-02-16 02:30:53
13673,2005-08-20 08:27:30,343,332,2005-08-26 05:14:30,1,2006-02-16 02:30:53
13674,2005-08-20 08:30:54,3397,36,2005-08-22 02:59:54,1,2006-02-16 02:30:53
13675,2005-08-20 08:32:51,350,493,2005-08-27 03:52:51,2,2006-02-16 02:30:53
13676,2005-08-20 08:33:21,3170,103,2005-08-25 02:51:21,1,2006-02-16 02:30:53
13677,2005-08-20 08:34:41,4013,15,2005-08-26 11:51:41,2,2006-02-16 02:30:53
13678,2005-08-20 08:38:24,1118,337,2005-08-27 13:54:24,2,2006-02-16 02:30:53
13679,2005-08-20 08:39:34,2878,229,2005-08-29 10:06:34,2,2006-02-16 02:30:53
13680,2005-08-20 08:44:06,2822,70,2005-08-27 09:58:06,2,2006-02-16 02:30:53
13681,2005-08-20 08:47:37,3039,328,2005-08-27 09:47:37,1,2006-02-16 02:30:53
13682,2005-08-20 08:50:39,287,30,2005-08-21 09:05:39,2,2006-02-16 02:30:53
13683,2005-08-20 08:54:55,1729,255,2005-08-24 14:10:55,2,2006-02-16 02:30:53
13684,2005-08-20 08:55:53,2213,348,2005-08-25 08:11:53,1,2006-02-16 02:30:53
13685,2005-08-20 08:57:11,3336,260,2005-08-27 07:26:11,1,2006-02-16 02:30:53
13686,2005-08-20 08:57:28,666,306,2005-08-24 07:21:28,2,2006-02-16 02:30:53
13687,2005-08-20 08:57:51,3629,290,2005-08-22 07:02:51,2,2006-02-16 02:30:53
13688,2005-08-20 08:59:38,1116,572,2005-08-28 04:54:38,2,2006-02-16 02:30:53
13689,2005-08-20 09:04:30,819,336,2005-08-22 05:38:30,2,2006-02-16 02:30:53
13690,2005-08-20 09:07:27,3721,513,2005-08-23 08:03:27,2,2006-02-16 02:30:53
13691,2005-08-20 09:07:39,676,548,2005-08-28 15:03:39,1,2006-02-16 02:30:53
13692,2005-08-20 09:07:52,1928,65,2005-08-21 05:17:52,1,2006-02-16 02:30:53
13693,2005-08-20 09:11:42,933,552,2005-08-24 15:00:42,2,2006-02-16 02:30:53
13694,2005-08-20 09:13:23,3654,454,2005-08-28 06:10:23,1,2006-02-16 02:30:53
13695,2005-08-20 09:13:25,3114,258,2005-08-27 11:51:25,2,2006-02-16 02:30:53
13696,2005-08-20 09:16:15,1279,206,2005-08-21 03:33:15,1,2006-02-16 02:30:53
13697,2005-08-20 09:21:08,291,76,2005-08-29 12:33:08,1,2006-02-16 02:30:53
13698,2005-08-20 09:24:26,3829,364,2005-08-22 05:04:26,2,2006-02-16 02:30:53
13699,2005-08-20 09:26:14,3913,21,2005-08-29 08:16:14,2,2006-02-16 02:30:53
13700,2005-08-20 09:26:17,4229,265,2005-08-27 05:49:17,2,2006-02-16 02:30:53
13701,2005-08-20 09:27:05,1643,564,2005-08-21 14:54:05,1,2006-02-16 02:30:53
13702,2005-08-20 09:27:20,700,296,2005-08-29 15:04:20,2,2006-02-16 02:30:53
13703,2005-08-20 09:29:35,2296,356,2005-08-27 08:03:35,2,2006-02-16 02:30:53
13704,2005-08-20 09:32:04,3373,4,2005-08-23 14:29:04,2,2006-02-16 02:30:53
13705,2005-08-20 09:32:23,3663,451,2005-08-21 13:51:23,1,2006-02-16 02:30:53
13706,2005-08-20 09:32:56,3005,363,2005-08-28 05:22:56,2,2006-02-16 02:30:53
13707,2005-08-20 09:33:58,826,232,2005-08-23 07:44:58,2,2006-02-16 02:30:53
13708,2005-08-20 09:34:07,2236,218,2005-08-26 10:17:07,1,2006-02-16 02:30:53
13709,2005-08-20 09:34:51,4089,422,2005-08-23 04:13:51,1,2006-02-16 02:30:53
13710,2005-08-20 09:35:20,756,333,2005-08-21 05:29:20,2,2006-02-16 02:30:53
13711,2005-08-20 09:35:20,2318,453,2005-08-28 09:06:20,2,2006-02-16 02:30:53
13712,2005-08-20 09:38:04,1039,581,2005-08-21 06:10:04,1,2006-02-16 02:30:53
13713,2006-02-14 15:16:03,3075,267,,1,2006-02-16 02:30:53
13714,2005-08-20 09:41:09,2659,277,2005-08-22 06:28:09,1,2006-02-16 02:30:53
13715,2005-08-20 09:43:06,1028,292,2005-08-27 10:22:06,1,2006-02-16 02:30:53
13716,2005-08-20 09:48:32,86,386,2005-08-26 07:20:32,2,2006-02-16 02:30:53
13717,2005-08-20 09:50:52,1629,300,2005-08-28 11:32:52,2,2006-02-16 02:30:53
13718,2005-08-20 09:53:44,205,19,2005-08-29 13:46:44,2,2006-02-16 02:30:53
13720,2005-08-20 10:01:39,813,427,2005-08-27 08:26:39,1,2006-02-16 02:30:53
13721,2005-08-20 10:02:59,1444,297,2005-08-24 07:02:59,2,2006-02-16 02:30:53
13722,2005-08-20 10:03:45,1581,422,2005-08-25 04:26:45,1,2006-02-16 02:30:53
13723,2005-08-20 10:05:30,411,110,2005-08-27 07:43:30,2,2006-02-16 02:30:53
13724,2005-08-20 10:07:28,200,80,2005-08-24 07:47:28,2,2006-02-16 02:30:53
13725,2005-08-20 10:08:27,3861,306,2005-08-28 06:52:27,2,2006-02-16 02:30:53
13726,2005-08-20 10:08:40,2258,214,2005-08-23 14:58:40,1,2006-02-16 02:30:53
13727,2005-08-20 10:08:53,4201,85,2005-08-27 09:30:53,1,2006-02-16 02:30:53
13728,2005-08-20 10:11:07,1962,157,2005-08-23 10:32:07,1,2006-02-16 02:30:53
13729,2005-08-20 10:17:08,4108,415,2005-08-28 15:35:08,1,2006-02-16 02:30:53
13730,2005-08-20 10:17:09,1330,548,2005-08-28 10:45:09,1,2006-02-16 02:30:53
13731,2005-08-20 10:22:08,1133,450,2005-08-21 12:04:08,2,2006-02-16 02:30:53
13732,2005-08-20 10:24:41,1138,17,2005-08-22 04:44:41,1,2006-02-16 02:30:53
13733,2005-08-20 10:25:12,3994,85,2005-08-21 10:49:12,2,2006-02-16 02:30:53
13734,2005-08-20 10:29:57,4561,374,2005-08-25 14:41:57,2,2006-02-16 02:30:53
13735,2005-08-20 10:31:01,1813,35,2005-08-26 05:00:01,1,2006-02-16 02:30:53
13736,2005-08-20 10:31:23,3369,32,2005-08-28 06:51:23,1,2006-02-16 02:30:53
13737,2005-08-20 10:41:50,4319,200,2005-08-25 14:33:50,2,2006-02-16 02:30:53
13738,2005-08-20 10:42:42,2748,273,2005-08-25 09:32:42,1,2006-02-16 02:30:53
13739,2005-08-20 10:45:10,3027,441,2005-08-28 08:46:10,2,2006-02-16 02:30:53
13740,2005-08-20 10:48:43,4366,21,2005-08-29 15:30:43,1,2006-02-16 02:30:53
13741,2005-08-20 10:48:47,3887,195,2005-08-21 11:19:47,1,2006-02-16 02:30:53
13742,2005-08-20 10:49:15,1377,580,2005-08-21 11:05:15,2,2006-02-16 02:30:53
13743,2005-08-20 10:51:27,3693,57,2005-08-24 15:54:27,1,2006-02-16 02:30:53
13744,2005-08-20 10:51:45,2962,408,2005-08-25 06:42:45,2,2006-02-16 02:30:53
13745,2005-08-20 10:53:49,1264,142,2005-08-25 13:25:49,1,2006-02-16 02:30:53
13746,2005-08-20 10:55:28,3742,520,2005-08-25 07:48:28,2,2006-02-16 02:30:53
13747,2005-08-20 10:56:06,3332,74,2005-08-29 10:29:06,1,2006-02-16 02:30:53
13748,2005-08-20 10:59:54,2198,410,2005-08-23 12:33:54,1,2006-02-16 02:30:53
13749,2005-08-20 11:00:37,2811,282,2005-08-26 12:04:37,1,2006-02-16 02:30:53
13750,2005-08-20 11:11:42,3363,246,2005-08-29 16:16:42,2,2006-02-16 02:30:53
13751,2005-08-20 11:17:03,185,105,2005-08-22 14:12:03,2,2006-02-16 02:30:53
13752,2005-08-20 11:17:45,1794,77,2005-08-29 13:25:45,2,2006-02-16 02:30:53
13753,2006-02-14 15:16:03,3746,495,,1,2006-02-16 02:30:53
13754,2005-08-20 11:18:08,1740,108,2005-08-22 11:55:08,1,2006-02-16 02:30:53
13755,2005-08-20 11:18:53,1927,342,2005-08-27 06:51:53,2,2006-02-16 02:30:53
13756,2006-02-14 15:16:03,1146,252,,2,2006-02-16 02:30:53
13757,2005-08-20 11:20:12,1147,14,2005-08-23 10:14:12,2,2006-02-16 02:30:53
13758,2005-08-20 11:21:26,864,255,2005-08-29 14:37:26,2,2006-02-16 02:30:53
13759,2005-08-20 11:24:48,595,269,2005-08-29 10:29:48,1,2006-02-16 02:30:53
13760,2005-08-20 11:26:33,3459,436,2005-08-27 11:12:33,2,2006-02-16 02:30:53
13761,2005-08-20 11:28:50,3149,376,2005-08-21 12:05:50,2,2006-02-16 02:30:53
13762,2005-08-20 11:29:32,451,566,2005-08-23 17:25:32,1,2006-02-16 02:30:53
13763,2005-08-20 11:37:56,4171,469,2005-08-26 13:12:56,1,2006-02-16 02:30:53
13764,2005-08-20 11:38:16,989,386,2005-08-27 08:01:16,1,2006-02-16 02:30:53
13765,2005-08-20 11:39:00,2104,219,2005-08-21 06:05:00,1,2006-02-16 02:30:53
13766,2005-08-20 11:42:01,1313,189,2005-08-27 13:44:01,2,2006-02-16 02:30:53
13767,2005-08-20 11:43:36,2739,506,2005-08-22 17:10:36,1,2006-02-16 02:30:53
13768,2005-08-20 11:43:43,3847,198,2005-08-27 07:56:43,2,2006-02-16 02:30:53
13769,2005-08-20 11:43:52,2868,56,2005-08-28 13:19:52,1,2006-02-16 02:30:53
13770,2005-08-20 11:45:54,998,538,2005-08-22 17:08:54,1,2006-02-16 02:30:53
13771,2005-08-20 11:47:21,2278,512,2005-08-22 17:09:21,1,2006-02-16 02:30:53
13772,2005-08-20 11:47:52,2038,387,2005-08-28 05:50:52,2,2006-02-16 02:30:53
13773,2005-08-20 11:50:14,3389,64,2005-08-26 12:35:14,1,2006-02-16 02:30:53
13774,2005-08-20 11:54:01,735,244,2005-08-22 13:25:01,2,2006-02-16 02:30:53
13775,2005-08-20 11:56:30,1858,116,2005-08-28 12:48:30,2,2006-02-16 02:30:53
13776,2005-08-20 11:57:06,2439,137,2005-08-26 10:55:06,1,2006-02-16 02:30:53
13777,2005-08-20 12:03:35,3587,29,2005-08-27 10:13:35,1,2006-02-16 02:30:53
13778,2005-08-20 12:03:44,2385,539,2005-08-28 12:09:44,1,2006-02-16 02:30:53
13779,2005-08-20 12:03:54,63,440,2005-08-28 15:24:54,2,2006-02-16 02:30:53
13780,2006-02-14 15:16:03,1775,14,,2,2006-02-16 02:30:53
13781,2005-08-20 12:06:45,971,368,2005-08-26 06:50:45,2,2006-02-16 02:30:53
13782,2005-08-20 12:09:26,577,305,2005-08-23 08:31:26,2,2006-02-16 02:30:53
13783,2005-08-20 12:11:03,2643,28,2005-08-21 15:53:03,2,2006-02-16 02:30:53
13784,2005-08-20 12:11:28,3087,431,2005-08-25 08:11:28,1,2006-02-16 02:30:53
13785,2005-08-20 12:11:46,379,453,2005-08-21 06:39:46,1,2006-02-16 02:30:53
13786,2005-08-20 12:13:24,515,94,2005-08-28 07:24:24,2,2006-02-16 02:30:53
13787,2005-08-20 12:15:23,253,188,2005-08-27 06:24:23,2,2006-02-16 02:30:53
13788,2005-08-20 12:15:41,3177,393,2005-08-28 16:28:41,2,2006-02-16 02:30:53
13789,2005-08-20 12:16:38,2523,53,2005-08-25 07:29:38,1,2006-02-16 02:30:53
13790,2005-08-20 12:17:27,1385,11,2005-08-25 12:20:27,1,2006-02-16 02:30:53
13791,2005-08-20 12:21:05,1890,67,2005-08-22 17:58:05,1,2006-02-16 02:30:53
13792,2005-08-20 12:21:37,4157,78,2005-08-27 14:28:37,1,2006-02-16 02:30:53
13793,2005-08-20 12:22:04,2598,424,2005-08-27 09:51:04,2,2006-02-16 02:30:53
13794,2005-08-20 12:25:32,2148,557,2005-08-23 06:38:32,2,2006-02-16 02:30:53
13795,2005-08-20 12:32:09,2837,331,2005-08-21 17:28:09,1,2006-02-16 02:30:53
13796,2005-08-20 12:32:32,28,209,2005-08-29 10:48:32,2,2006-02-16 02:30:53
13797,2005-08-20 12:33:36,2857,529,2005-08-25 18:03:36,1,2006-02-16 02:30:53
13798,2006-02-14 15:16:03,526,15,,2,2006-02-16 02:30:53
13799,2005-08-20 12:36:42,4413,196,2005-08-28 08:47:42,1,2006-02-16 02:30:53
13800,2005-08-20 12:40:48,1552,407,2005-08-22 15:06:48,1,2006-02-16 02:30:53
13801,2005-08-20 12:40:53,1464,433,2005-08-21 16:29:53,1,2006-02-16 02:30:53
13802,2005-08-20 12:44:53,2079,156,2005-08-22 09:18:53,2,2006-02-16 02:30:53
13803,2005-08-20 12:46:17,1084,486,2005-08-24 15:44:17,2,2006-02-16 02:30:53
13804,2005-08-20 12:46:32,2232,19,2005-08-29 14:04:32,2,2006-02-16 02:30:53
13805,2005-08-20 12:53:12,349,454,2005-08-27 15:21:12,1,2006-02-16 02:30:53
13806,2005-08-20 12:53:46,444,341,2005-08-21 10:36:46,1,2006-02-16 02:30:53
13807,2005-08-20 12:55:40,3822,4,2005-08-28 09:06:40,2,2006-02-16 02:30:53
13808,2005-08-20 12:55:43,3689,262,2005-08-29 11:01:43,2,2006-02-16 02:30:53
13809,2005-08-20 12:56:03,1597,207,2005-08-27 11:58:03,1,2006-02-16 02:30:53
13810,2005-08-20 12:59:38,2228,450,2005-08-21 17:40:38,1,2006-02-16 02:30:53
13811,2005-08-20 13:00:30,1235,168,2005-08-24 10:18:30,1,2006-02-16 02:30:53
13812,2005-08-20 13:01:43,2788,122,2005-08-22 16:32:43,2,2006-02-16 02:30:53
13813,2005-08-20 13:03:26,601,455,2005-08-25 08:42:26,1,2006-02-16 02:30:53
13814,2005-08-20 13:07:23,2129,436,2005-08-22 16:23:23,2,2006-02-16 02:30:53
13815,2005-08-20 13:08:53,3388,582,2005-08-29 13:11:53,2,2006-02-16 02:30:53
13816,2005-08-20 13:13:56,273,27,2005-08-25 09:46:56,1,2006-02-16 02:30:53
13817,2005-08-20 13:15:30,1935,293,2005-08-22 18:48:30,2,2006-02-16 02:30:53
13818,2005-08-20 13:20:09,1283,495,2005-08-21 18:41:09,1,2006-02-16 02:30:53
13819,2005-08-20 13:23:15,1459,296,2005-08-22 16:02:15,2,2006-02-16 02:30:53
13820,2005-08-20 13:26:37,3191,81,2005-08-27 14:05:37,1,2006-02-16 02:30:53
13821,2005-08-20 13:33:47,2402,355,2005-08-25 18:09:47,1,2006-02-16 02:30:53
13822,2005-08-20 13:39:28,807,499,2005-08-24 07:40:28,1,2006-02-16 02:30:53
13823,2005-08-20 13:42:10,3875,89,2005-08-22 18:45:10,1,2006-02-16 02:30:53
13824,2005-08-20 13:43:12,2845,413,2005-08-22 17:26:12,1,2006-02-16 02:30:53
13825,2005-08-20 13:43:22,2135,167,2005-08-29 19:13:22,1,2006-02-16 02:30:53
13826,2005-08-20 13:46:38,401,436,2005-08-29 13:07:38,1,2006-02-16 02:30:53
13827,2005-08-20 13:47:19,1103,342,2005-08-28 09:13:19,1,2006-02-16 02:30:53
13828,2005-08-20 13:49:52,2391,450,2005-08-25 07:49:52,2,2006-02-16 02:30:53
13829,2005-08-20 13:50:17,3980,146,2005-08-24 11:30:17,2,2006-02-16 02:30:53
13830,2005-08-20 13:57:59,2874,61,2005-08-25 11:29:59,1,2006-02-16 02:30:53
13831,2005-08-20 13:59:35,570,480,2005-08-24 12:50:35,1,2006-02-16 02:30:53
13832,2005-08-20 14:00:25,3299,29,2005-08-28 10:11:25,1,2006-02-16 02:30:53
13833,2005-08-20 14:00:29,792,175,2005-08-29 12:01:29,2,2006-02-16 02:30:53
13834,2005-08-20 14:03:08,875,426,2005-08-22 10:12:08,1,2006-02-16 02:30:53
13835,2005-08-20 14:06:33,3738,143,2005-08-26 12:15:33,2,2006-02-16 02:30:53
13836,2005-08-20 14:18:16,4271,375,2005-08-21 18:13:16,2,2006-02-16 02:30:53
13837,2005-08-20 14:19:03,3220,67,2005-08-22 16:25:03,2,2006-02-16 02:30:53
13838,2005-08-20 14:22:46,1134,437,2005-08-29 12:28:46,2,2006-02-16 02:30:53
13839,2005-08-20 14:23:16,1056,437,2005-08-26 19:11:16,2,2006-02-16 02:30:53
13840,2005-08-20 14:23:20,1211,40,2005-08-28 11:53:20,1,2006-02-16 02:30:53
13841,2005-08-20 14:25:18,3277,203,2005-08-29 15:49:18,1,2006-02-16 02:30:53
13842,2005-08-20 14:29:37,4337,180,2005-08-29 18:19:37,1,2006-02-16 02:30:53
13843,2005-08-20 14:30:01,3058,308,2005-08-27 10:06:01,2,2006-02-16 02:30:53
13844,2005-08-20 14:30:26,983,179,2005-08-29 17:08:26,1,2006-02-16 02:30:53
13845,2005-08-20 14:31:21,3993,559,2005-08-29 18:29:21,1,2006-02-16 02:30:53
13846,2005-08-20 14:32:31,3289,257,2005-08-28 16:58:31,1,2006-02-16 02:30:53
13847,2005-08-20 14:33:59,2647,82,2005-08-25 08:49:59,1,2006-02-16 02:30:53
13848,2005-08-20 14:37:49,802,447,2005-08-25 13:15:49,1,2006-02-16 02:30:53
13849,2005-08-20 14:42:34,3774,261,2005-08-24 13:09:34,2,2006-02-16 02:30:53
13850,2005-08-20 14:43:03,3030,546,2005-08-27 11:41:03,2,2006-02-16 02:30:53
13851,2005-08-20 14:44:22,3278,80,2005-08-22 18:10:22,1,2006-02-16 02:30:53
13852,2005-08-20 14:45:23,85,535,2005-08-22 16:47:23,2,2006-02-16 02:30:53
13853,2005-08-20 14:47:02,1680,186,2005-08-26 20:32:02,1,2006-02-16 02:30:53
13854,2005-08-20 14:48:42,4192,158,2005-08-21 14:55:42,2,2006-02-16 02:30:53
13855,2005-08-20 14:48:55,1617,96,2005-08-28 14:45:55,1,2006-02-16 02:30:53
13856,2005-08-20 14:49:32,4196,407,2005-08-29 12:37:32,2,2006-02-16 02:30:53
13857,2005-08-20 14:50:06,2542,366,2005-08-24 10:38:06,2,2006-02-16 02:30:53
13858,2005-08-20 14:50:57,2167,33,2005-08-23 12:10:57,2,2006-02-16 02:30:53
13859,2005-08-20 14:53:43,4381,504,2005-08-28 09:50:43,1,2006-02-16 02:30:53
13860,2005-08-20 14:55:09,558,275,2005-08-22 20:42:09,1,2006-02-16 02:30:53
13861,2005-08-20 14:56:53,303,154,2005-08-22 18:13:53,2,2006-02-16 02:30:53
13862,2005-08-20 14:57:01,3271,170,2005-08-27 10:48:01,2,2006-02-16 02:30:53
13863,2005-08-20 14:57:50,2417,563,2005-08-29 15:36:50,2,2006-02-16 02:30:53
13864,2005-08-20 14:59:55,3935,214,2005-08-22 09:30:55,2,2006-02-16 02:30:53
13865,2005-08-20 15:04:09,3647,275,2005-08-24 10:06:09,2,2006-02-16 02:30:53
13866,2005-08-20 15:05:29,3432,343,2005-08-23 11:27:29,2,2006-02-16 02:30:53
13867,2005-08-20 15:05:42,4514,591,2005-08-29 10:48:42,2,2006-02-16 02:30:53
13868,2005-08-20 15:06:26,3173,51,2005-08-22 19:08:26,2,2006-02-16 02:30:53
13869,2005-08-20 15:08:57,1990,386,2005-08-29 13:13:57,2,2006-02-16 02:30:53
13870,2005-08-20 15:09:16,563,167,2005-08-28 10:00:16,2,2006-02-16 02:30:53
13871,2005-08-20 15:10:13,3206,372,2005-08-29 19:43:13,2,2006-02-16 02:30:53
13872,2005-08-20 15:10:30,2416,421,2005-08-24 10:14:30,2,2006-02-16 02:30:53
13873,2005-08-20 15:11:11,1683,306,2005-08-22 20:13:11,2,2006-02-16 02:30:53
13874,2005-08-20 15:11:48,72,86,2005-08-21 18:26:48,2,2006-02-16 02:30:53
13875,2005-08-20 15:13:11,348,83,2005-08-21 13:11:11,1,2006-02-16 02:30:53
13876,2005-08-20 15:15:28,3137,334,2005-08-23 12:42:28,2,2006-02-16 02:30:53
13877,2005-08-20 15:16:18,3387,5,2005-08-22 18:20:18,1,2006-02-16 02:30:53
13878,2005-08-20 15:17:38,49,481,2005-08-21 21:11:38,2,2006-02-16 02:30:53
13879,2005-08-20 15:18:10,4022,112,2005-08-22 19:23:10,2,2006-02-16 02:30:53
13880,2005-08-20 15:18:20,3911,268,2005-08-24 18:03:20,2,2006-02-16 02:30:53
13881,2005-08-20 15:18:55,2831,144,2005-08-25 11:25:55,1,2006-02-16 02:30:53
13882,2005-08-20 15:23:26,3245,51,2005-08-22 13:03:26,1,2006-02-16 02:30:53
13883,2005-08-20 15:28:53,584,568,2005-08-21 13:11:53,1,2006-02-16 02:30:53
13884,2005-08-20 15:30:51,3182,466,2005-08-26 13:34:51,1,2006-02-16 02:30:53
13885,2005-08-20 15:32:09,3195,537,2005-08-26 15:54:09,1,2006-02-16 02:30:53
13886,2005-08-20 15:34:43,2248,73,2005-08-26 11:48:43,2,2006-02-16 02:30:53
13887,2005-08-20 15:39:00,4002,413,2005-08-24 16:17:00,2,2006-02-16 02:30:53
13888,2005-08-20 15:39:42,1943,297,2005-08-28 13:41:42,1,2006-02-16 02:30:53
13889,2005-08-20 15:40:06,4406,501,2005-08-22 14:09:06,2,2006-02-16 02:30:53
13890,2005-08-20 15:41:00,2965,54,2005-08-22 16:00:00,1,2006-02-16 02:30:53
13891,2005-08-20 15:42:05,2042,289,2005-08-25 13:26:05,1,2006-02-16 02:30:53
13892,2005-08-20 15:50:17,1236,337,2005-08-29 13:33:17,2,2006-02-16 02:30:53
13893,2005-08-20 15:52:52,3503,390,2005-08-27 16:21:52,2,2006-02-16 02:30:53
13894,2005-08-20 15:55:20,2649,360,2005-08-26 17:26:20,2,2006-02-16 02:30:53
13895,2005-08-20 15:58:28,3060,12,2005-08-26 15:07:28,2,2006-02-16 02:30:53
13896,2005-08-20 15:59:56,1338,278,2005-08-21 20:14:56,2,2006-02-16 02:30:53
13897,2005-08-20 16:02:28,628,258,2005-08-23 14:29:28,1,2006-02-16 02:30:53
13898,2006-02-14 15:16:03,4007,369,,2,2006-02-16 02:30:53
13899,2005-08-20 16:05:11,427,204,2005-08-23 15:14:11,2,2006-02-16 02:30:53
13900,2005-08-20 16:05:41,1140,66,2005-08-22 15:13:41,1,2006-02-16 02:30:53
13901,2005-08-20 16:06:53,3281,166,2005-08-28 11:30:53,1,2006-02-16 02:30:53
13902,2005-08-20 16:07:08,1165,275,2005-08-24 16:43:08,2,2006-02-16 02:30:53
13903,2005-08-20 16:07:55,1676,272,2005-08-25 18:26:55,1,2006-02-16 02:30:53
13904,2005-08-20 16:11:34,721,93,2005-08-26 12:46:34,1,2006-02-16 02:30:53
13905,2005-08-20 16:12:48,2714,437,2005-08-28 16:05:48,1,2006-02-16 02:30:53
13906,2005-08-20 16:16:03,3960,87,2005-08-21 13:29:03,2,2006-02-16 02:30:53
13907,2005-08-20 16:17:27,806,328,2005-08-24 20:14:27,2,2006-02-16 02:30:53
13908,2005-08-20 16:21:40,3661,532,2005-08-29 21:16:40,1,2006-02-16 02:30:53
13909,2005-08-20 16:26:36,1508,309,2005-08-21 20:59:36,2,2006-02-16 02:30:53
13910,2005-08-20 16:30:49,252,133,2005-08-24 13:30:49,2,2006-02-16 02:30:53
13911,2005-08-20 16:31:33,4400,304,2005-08-28 19:26:33,2,2006-02-16 02:30:53
13912,2005-08-20 16:32:10,968,207,2005-08-29 17:37:10,2,2006-02-16 02:30:53
13913,2005-08-20 16:37:35,4259,197,2005-08-26 13:12:35,2,2006-02-16 02:30:53
13914,2005-08-20 16:38:57,3037,237,2005-08-26 14:53:57,2,2006-02-16 02:30:53
13915,2005-08-20 16:42:53,1180,129,2005-08-23 20:30:53,2,2006-02-16 02:30:53
13916,2005-08-20 16:43:02,2971,302,2005-08-25 19:21:02,1,2006-02-16 02:30:53
13917,2005-08-20 16:43:28,4326,10,2005-08-29 16:44:28,2,2006-02-16 02:30:53
13918,2005-08-20 16:47:32,3301,248,2005-08-21 12:00:32,2,2006-02-16 02:30:53
13919,2005-08-20 16:47:34,909,129,2005-08-23 21:27:34,2,2006-02-16 02:30:53
13920,2005-08-20 16:51:18,3200,460,2005-08-27 16:05:18,2,2006-02-16 02:30:53
13921,2005-08-20 16:57:11,3943,59,2005-08-22 19:25:11,2,2006-02-16 02:30:53
13922,2005-08-20 17:02:37,1398,237,2005-08-29 19:28:37,1,2006-02-16 02:30:53
13923,2005-08-20 17:05:02,3129,588,2005-08-27 11:22:02,2,2006-02-16 02:30:53
13924,2005-08-20 17:05:18,3066,444,2005-08-23 16:54:18,2,2006-02-16 02:30:53
13925,2005-08-20 17:05:34,4034,565,2005-08-27 15:32:34,2,2006-02-16 02:30:53
13926,2005-08-20 17:09:27,932,158,2005-08-28 13:42:27,2,2006-02-16 02:30:53
13927,2005-08-20 17:11:58,4284,417,2005-08-24 12:44:58,1,2006-02-16 02:30:53
13928,2005-08-20 17:12:28,1121,244,2005-08-21 13:33:28,1,2006-02-16 02:30:53
13929,2005-08-20 17:13:48,946,57,2005-08-28 15:19:48,1,2006-02-16 02:30:53
13930,2005-08-20 17:15:06,3585,58,2005-08-21 14:29:06,1,2006-02-16 02:30:53
13931,2005-08-20 17:16:10,3884,32,2005-08-27 12:03:10,2,2006-02-16 02:30:53
13932,2005-08-20 17:17:00,471,441,2005-08-24 14:06:00,1,2006-02-16 02:30:53
13933,2005-08-20 17:17:07,647,159,2005-08-22 18:10:07,2,2006-02-16 02:30:53
13934,2005-08-20 17:18:48,4567,457,2005-08-26 15:31:48,1,2006-02-16 02:30:53
13935,2005-08-20 17:20:49,4426,205,2005-08-24 16:52:49,2,2006-02-16 02:30:53
13936,2005-08-20 17:22:35,1731,364,2005-08-23 20:07:35,2,2006-02-16 02:30:53
13937,2005-08-20 17:22:51,1755,172,2005-08-27 15:51:51,1,2006-02-16 02:30:53
13938,2005-08-20 17:24:45,3743,463,2005-08-21 18:39:45,1,2006-02-16 02:30:53
13939,2005-08-20 17:28:01,2700,585,2005-08-23 14:40:01,2,2006-02-16 02:30:53
13940,2005-08-20 17:28:57,2638,187,2005-08-27 22:07:57,1,2006-02-16 02:30:53
13941,2006-02-14 15:16:03,2727,476,,2,2006-02-16 02:30:53
13942,2005-08-20 17:30:52,4403,211,2005-08-25 13:46:52,2,2006-02-16 02:30:53
13943,2005-08-20 17:31:18,22,464,2005-08-24 11:33:18,1,2006-02-16 02:30:53
13944,2005-08-20 17:41:16,3685,408,2005-08-23 12:02:16,1,2006-02-16 02:30:53
13945,2005-08-20 17:43:56,3328,270,2005-08-26 19:19:56,1,2006-02-16 02:30:53
13946,2005-08-20 17:44:32,3564,529,2005-08-28 19:19:32,1,2006-02-16 02:30:53
13947,2005-08-20 17:46:06,2562,218,2005-08-29 23:44:06,2,2006-02-16 02:30:53
13948,2005-08-20 17:50:48,4033,410,2005-08-25 20:56:48,2,2006-02-16 02:30:53
13949,2005-08-20 17:55:13,1518,34,2005-08-22 20:49:13,1,2006-02-16 02:30:53
13950,2005-08-20 17:58:00,3978,93,2005-08-29 23:23:00,1,2006-02-16 02:30:53
13951,2005-08-20 17:58:11,2034,40,2005-08-26 14:50:11,2,2006-02-16 02:30:53
13952,2006-02-14 15:16:03,224,199,,2,2006-02-16 02:30:53
13953,2005-08-20 18:00:37,1818,371,2005-08-28 14:52:37,1,2006-02-16 02:30:53
13954,2005-08-20 18:02:41,3812,207,2005-08-27 21:52:41,2,2006-02-16 02:30:53
13955,2005-08-20 18:05:12,2613,273,2005-08-29 18:25:12,1,2006-02-16 02:30:53
13956,2005-08-20 18:08:19,3757,484,2005-08-29 17:03:19,1,2006-02-16 02:30:53
13957,2005-08-20 18:09:04,2889,179,2005-08-23 16:52:04,1,2006-02-16 02:30:53
13958,2005-08-20 18:11:44,2380,33,2005-08-28 14:59:44,1,2006-02-16 02:30:53
13959,2005-08-20 18:16:21,2283,142,2005-08-22 13:56:21,2,2006-02-16 02:30:53
13960,2005-08-20 18:16:26,4177,459,2005-08-29 14:06:26,1,2006-02-16 02:30:53
13961,2005-08-20 18:16:34,2271,129,2005-08-21 16:14:34,1,2006-02-16 02:30:53
13962,2005-08-20 18:18:06,1434,348,2005-08-24 22:16:06,2,2006-02-16 02:30:53
13963,2005-08-20 18:20:18,4145,368,2005-08-24 21:26:18,1,2006-02-16 02:30:53
13964,2005-08-20 18:24:26,108,128,2005-08-21 21:19:26,2,2006-02-16 02:30:53
13965,2006-02-14 15:16:03,670,324,,2,2006-02-16 02:30:53
13966,2005-08-20 18:28:28,4520,260,2005-08-22 16:49:28,2,2006-02-16 02:30:53
13967,2005-08-20 18:28:46,2751,459,2005-08-26 17:37:46,2,2006-02-16 02:30:53
13968,2006-02-14 15:16:03,3715,15,,2,2006-02-16 02:30:53
13969,2005-08-20 18:42:40,1836,237,2005-08-27 17:33:40,2,2006-02-16 02:30:53
13970,2005-08-20 18:43:34,1942,418,2005-08-22 15:17:34,2,2006-02-16 02:30:53
13971,2005-08-20 18:44:53,1678,64,2005-08-22 16:25:53,2,2006-02-16 02:30:53
13972,2005-08-20 18:52:17,1687,553,2005-08-28 15:19:17,1,2006-02-16 02:30:53
13973,2005-08-20 18:52:43,1181,58,2005-08-21 19:11:43,1,2006-02-16 02:30:53
13974,2005-08-20 18:54:59,1912,479,2005-08-28 13:02:59,1,2006-02-16 02:30:53
13975,2005-08-20 18:58:23,3821,286,2005-08-25 20:58:23,1,2006-02-16 02:30:53
13976,2005-08-20 19:02:16,1785,278,2005-08-25 17:58:16,2,2006-02-16 02:30:53
13977,2005-08-20 19:02:34,1126,115,2005-08-24 14:14:34,1,2006-02-16 02:30:53
13978,2005-08-20 19:03:25,1263,260,2005-08-27 18:02:25,2,2006-02-16 02:30:53
13979,2005-08-20 19:03:49,2998,211,2005-08-24 21:23:49,1,2006-02-16 02:30:53
13980,2005-08-20 19:04:40,1067,391,2005-08-21 18:36:40,2,2006-02-16 02:30:53
13981,2005-08-20 19:07:20,3342,249,2005-08-23 15:13:20,1,2006-02-16 02:30:53
13982,2005-08-20 19:08:25,2901,448,2005-08-28 15:59:25,2,2006-02-16 02:30:53
13983,2005-08-20 19:08:32,457,231,2005-08-29 23:45:32,1,2006-02-16 02:30:53
13984,2005-08-20 19:12:30,2183,473,2005-08-29 22:04:30,1,2006-02-16 02:30:53
13985,2005-08-20 19:13:06,1081,339,2005-08-24 21:24:06,2,2006-02-16 02:30:53
13986,2005-08-20 19:13:23,3701,152,2005-08-22 20:59:23,2,2006-02-16 02:30:53
13987,2005-08-20 19:19:30,1443,246,2005-08-23 15:37:30,2,2006-02-16 02:30:53
13988,2005-08-20 19:21:28,3567,466,2005-08-21 22:20:28,2,2006-02-16 02:30:53
13989,2005-08-20 19:27:50,1470,252,2005-08-28 15:17:50,2,2006-02-16 02:30:53
13990,2005-08-20 19:29:23,2272,481,2005-08-25 18:50:23,2,2006-02-16 02:30:53
13991,2005-08-20 19:29:44,1971,296,2005-08-24 21:10:44,1,2006-02-16 02:30:53
13992,2005-08-20 19:30:35,2798,136,2005-08-24 19:09:35,2,2006-02-16 02:30:53
13993,2005-08-20 19:32:29,1158,93,2005-08-26 16:59:29,2,2006-02-16 02:30:53
13994,2005-08-20 19:33:21,142,180,2005-08-24 20:55:21,1,2006-02-16 02:30:53
13995,2005-08-20 19:34:43,3789,381,2005-08-25 22:25:43,2,2006-02-16 02:30:53
13996,2005-08-20 19:45:43,3341,306,2005-08-22 16:47:43,2,2006-02-16 02:30:53
13997,2005-08-20 19:51:28,2330,175,2005-08-26 01:29:28,2,2006-02-16 02:30:53
13998,2005-08-20 19:52:38,3936,530,2005-08-26 14:57:38,1,2006-02-16 02:30:53
13999,2005-08-20 19:53:32,4149,239,2005-08-26 19:01:32,1,2006-02-16 02:30:53
14000,2005-08-20 20:06:05,3907,276,2005-08-28 17:02:05,1,2006-02-16 02:30:53
14001,2005-08-20 20:07:15,1318,120,2005-08-27 00:50:15,2,2006-02-16 02:30:53
14002,2005-08-20 20:12:19,87,33,2005-08-23 00:23:19,1,2006-02-16 02:30:53
14003,2005-08-20 20:16:06,3165,256,2005-08-28 14:36:06,1,2006-02-16 02:30:53
14004,2005-08-20 20:16:35,3445,358,2005-08-28 17:23:35,2,2006-02-16 02:30:53
14005,2005-08-20 20:19:05,1415,135,2005-08-26 01:42:05,2,2006-02-16 02:30:53
14006,2005-08-20 20:21:36,2189,186,2005-08-21 15:26:36,1,2006-02-16 02:30:53
14007,2005-08-20 20:22:47,374,284,2005-08-28 20:40:47,2,2006-02-16 02:30:53
14008,2005-08-20 20:26:00,2427,560,2005-08-28 17:23:00,2,2006-02-16 02:30:53
14009,2005-08-20 20:26:53,3004,382,2005-08-21 23:32:53,2,2006-02-16 02:30:53
14010,2005-08-20 20:29:46,934,537,2005-08-26 17:37:46,2,2006-02-16 02:30:53
14011,2005-08-20 20:32:56,1212,379,2005-08-28 21:44:56,1,2006-02-16 02:30:53
14012,2005-08-20 20:42:12,1866,274,2005-08-23 23:10:12,2,2006-02-16 02:30:53
14013,2005-08-20 20:42:50,3941,496,2005-08-25 21:37:50,2,2006-02-16 02:30:53
14014,2005-08-20 20:47:09,2188,335,2005-08-21 22:08:09,2,2006-02-16 02:30:53
14015,2005-08-20 20:47:43,3145,554,2005-08-26 19:37:43,1,2006-02-16 02:30:53
14016,2005-08-20 20:52:03,509,220,2005-08-23 18:04:03,2,2006-02-16 02:30:53
14017,2005-08-20 20:55:32,920,230,2005-08-23 16:12:32,1,2006-02-16 02:30:53
14018,2006-02-14 15:16:03,2136,533,,2,2006-02-16 02:30:53
14019,2005-08-20 20:59:15,1929,202,2005-08-28 17:29:15,2,2006-02-16 02:30:53
14020,2005-08-20 20:59:43,2257,72,2005-08-23 17:11:43,2,2006-02-16 02:30:53
14021,2005-08-20 21:02:12,4394,147,2005-08-27 22:15:12,1,2006-02-16 02:30:53
14022,2005-08-20 21:08:49,4068,170,2005-08-29 21:57:49,1,2006-02-16 02:30:53
14023,2005-08-20 21:10:32,2668,304,2005-08-23 20:57:32,1,2006-02-16 02:30:53
14024,2005-08-20 21:13:58,1492,87,2005-08-29 23:02:58,1,2006-02-16 02:30:53
14025,2005-08-20 21:19:36,4521,37,2005-08-29 23:39:36,1,2006-02-16 02:30:53
14026,2005-08-20 21:21:08,115,231,2005-08-22 23:19:08,2,2006-02-16 02:30:53
14027,2005-08-20 21:21:34,284,432,2005-08-28 17:46:34,1,2006-02-16 02:30:53
14028,2005-08-20 21:23:03,4061,158,2005-08-25 17:29:03,2,2006-02-16 02:30:53
14029,2005-08-20 21:23:11,2653,219,2005-08-22 18:01:11,2,2006-02-16 02:30:53
14030,2005-08-20 21:23:54,1027,127,2005-08-27 01:19:54,1,2006-02-16 02:30:53
14031,2005-08-20 21:24:24,440,361,2005-08-23 21:47:24,2,2006-02-16 02:30:53
14032,2005-08-20 21:26:55,3542,317,2005-08-26 19:19:55,1,2006-02-16 02:30:53
14033,2005-08-20 21:30:53,525,243,2005-08-23 01:45:53,2,2006-02-16 02:30:53
14034,2005-08-20 21:31:52,3484,200,2005-08-29 00:13:52,1,2006-02-16 02:30:53
14035,2005-08-20 21:31:58,2035,260,2005-08-22 16:28:58,1,2006-02-16 02:30:53
14036,2005-08-20 21:35:27,202,256,2005-08-23 03:29:27,1,2006-02-16 02:30:53
14037,2005-08-20 21:35:58,3655,372,2005-08-29 23:06:58,2,2006-02-16 02:30:53
14038,2005-08-20 21:39:23,1069,589,2005-08-27 23:57:23,2,2006-02-16 02:30:53
14039,2005-08-20 21:39:43,4187,383,2005-08-24 19:03:43,1,2006-02-16 02:30:53
14040,2005-08-20 21:43:44,905,17,2005-08-25 16:30:44,1,2006-02-16 02:30:53
14041,2005-08-20 21:45:23,52,247,2005-08-26 01:42:23,1,2006-02-16 02:30:53
14042,2005-08-20 21:45:51,505,322,2005-08-23 19:57:51,2,2006-02-16 02:30:53
14043,2005-08-20 21:46:43,1485,586,2005-08-21 18:27:43,2,2006-02-16 02:30:53
14044,2005-08-20 21:48:38,1422,145,2005-08-29 02:56:38,1,2006-02-16 02:30:53
14045,2005-08-20 21:50:11,3010,509,2005-08-25 19:03:11,2,2006-02-16 02:30:53
14046,2005-08-20 21:53:21,2352,524,2005-08-23 17:51:21,2,2006-02-16 02:30:53
14047,2005-08-20 22:00:43,186,579,2005-08-24 03:17:43,2,2006-02-16 02:30:53
14048,2005-08-20 22:03:18,3475,105,2005-08-25 02:57:18,2,2006-02-16 02:30:53
14049,2005-08-20 22:08:55,1335,112,2005-08-28 20:24:55,1,2006-02-16 02:30:53
14050,2005-08-20 22:09:04,1737,596,2005-08-26 01:39:04,2,2006-02-16 02:30:53
14051,2005-08-20 22:09:51,4012,362,2005-08-29 04:04:51,2,2006-02-16 02:30:53
14052,2005-08-20 22:11:46,3893,514,2005-08-22 20:26:46,2,2006-02-16 02:30:53
14053,2005-08-20 22:13:59,2177,5,2005-08-26 20:50:59,2,2006-02-16 02:30:53
14054,2005-08-20 22:17:01,338,50,2005-08-21 21:34:01,1,2006-02-16 02:30:53
14055,2005-08-20 22:18:00,1571,148,2005-08-22 02:09:00,2,2006-02-16 02:30:53
14056,2005-08-20 22:18:53,1300,22,2005-08-27 01:05:53,2,2006-02-16 02:30:53
14057,2005-08-20 22:22:59,1526,333,2005-08-25 16:58:59,2,2006-02-16 02:30:53
14058,2005-08-20 22:24:35,178,430,2005-08-30 02:26:35,1,2006-02-16 02:30:53
14059,2005-08-20 22:24:44,2045,141,2005-08-26 21:25:44,2,2006-02-16 02:30:53
14060,2006-02-14 15:16:03,3100,175,,2,2006-02-16 02:30:53
14061,2005-08-20 22:32:11,73,53,2005-08-22 19:28:11,1,2006-02-16 02:30:53
14062,2005-08-20 22:34:34,2841,239,2005-08-25 17:11:34,2,2006-02-16 02:30:53
14063,2005-08-20 22:36:40,1215,275,2005-08-25 00:18:40,2,2006-02-16 02:30:53
14064,2005-08-20 22:39:16,2938,103,2005-08-22 00:45:16,2,2006-02-16 02:30:53
14065,2005-08-20 22:40:47,3758,190,2005-08-24 01:47:47,1,2006-02-16 02:30:53
14066,2005-08-20 22:45:58,2444,274,2005-08-29 00:23:58,2,2006-02-16 02:30:53
14067,2005-08-20 22:49:23,1376,259,2005-08-29 22:28:23,2,2006-02-16 02:30:53
14068,2005-08-20 22:50:59,818,412,2005-08-29 00:45:59,1,2006-02-16 02:30:53
14069,2005-08-20 22:51:25,2239,197,2005-08-30 00:30:25,2,2006-02-16 02:30:53
14070,2005-08-20 22:56:34,846,581,2005-08-29 22:02:34,1,2006-02-16 02:30:53
14071,2005-08-20 23:01:56,2471,550,2005-08-22 02:14:56,1,2006-02-16 02:30:53
14072,2005-08-20 23:07:10,2387,515,2005-08-23 03:38:10,2,2006-02-16 02:30:53
14073,2005-08-20 23:12:57,2996,230,2005-08-28 18:47:57,2,2006-02-16 02:30:53
14074,2005-08-20 23:16:07,1303,506,2005-08-26 04:45:07,1,2006-02-16 02:30:53
14075,2005-08-20 23:18:54,3793,32,2005-08-26 21:59:54,2,2006-02-16 02:30:53
14076,2005-08-20 23:20:10,1070,574,2005-08-24 04:00:10,1,2006-02-16 02:30:53
14077,2005-08-20 23:24:07,3184,21,2005-08-29 02:53:07,1,2006-02-16 02:30:53
14078,2005-08-20 23:26:40,1642,396,2005-08-28 02:30:40,1,2006-02-16 02:30:53
14079,2005-08-20 23:29:25,3528,348,2005-08-25 04:16:25,2,2006-02-16 02:30:53
14080,2005-08-20 23:29:50,3962,266,2005-08-26 00:33:50,1,2006-02-16 02:30:53
14081,2005-08-20 23:35:13,589,392,2005-08-28 01:41:13,2,2006-02-16 02:30:53
14082,2005-08-20 23:42:00,3767,179,2005-08-27 00:59:00,1,2006-02-16 02:30:53
14083,2005-08-20 23:42:31,1823,176,2005-08-28 21:44:31,1,2006-02-16 02:30:53
14084,2005-08-20 23:42:46,900,37,2005-08-24 20:06:46,1,2006-02-16 02:30:53
14085,2005-08-20 23:46:24,3506,471,2005-08-29 02:31:24,2,2006-02-16 02:30:53
14086,2005-08-20 23:47:54,3244,253,2005-08-27 22:49:54,1,2006-02-16 02:30:53
14087,2005-08-20 23:53:40,2368,289,2005-08-26 20:22:40,1,2006-02-16 02:30:53
14088,2005-08-20 23:57:24,1184,518,2005-08-28 21:49:24,1,2006-02-16 02:30:53
14089,2005-08-20 23:59:02,1400,425,2005-08-27 00:19:02,1,2006-02-16 02:30:53
14090,2005-08-21 00:11:16,3254,168,2005-08-23 19:48:16,2,2006-02-16 02:30:53
14091,2005-08-21 00:11:17,3304,53,2005-08-27 18:38:17,1,2006-02-16 02:30:53
14092,2005-08-21 00:14:32,1596,273,2005-08-24 22:22:32,2,2006-02-16 02:30:53
14093,2005-08-21 00:21:29,1176,177,2005-08-22 04:01:29,1,2006-02-16 02:30:53
14094,2005-08-21 00:21:35,3674,471,2005-08-23 05:27:35,2,2006-02-16 02:30:53
14095,2005-08-21 00:25:45,1550,489,2005-08-28 23:00:45,1,2006-02-16 02:30:53
14096,2005-08-21 00:27:46,2089,342,2005-08-22 22:53:46,1,2006-02-16 02:30:53
14097,2005-08-21 00:28:48,4351,88,2005-08-29 22:15:48,1,2006-02-16 02:30:53
14098,2005-08-21 00:30:32,6,554,,2,2006-02-23 09:12:08
14099,2005-08-21 00:31:03,2452,224,2005-08-27 03:18:03,2,2006-02-16 02:30:53
14100,2005-08-21 00:31:07,4295,397,2005-08-25 05:31:07,2,2006-02-16 02:30:53
14101,2005-08-21 00:33:03,1892,19,2005-08-24 01:59:03,1,2006-02-16 02:30:53
14102,2005-08-21 00:35:21,3772,584,2005-08-30 04:51:21,2,2006-02-16 02:30:53
14103,2005-08-21 00:37:00,1438,409,2005-08-25 22:09:00,2,2006-02-16 02:30:53
14104,2005-08-21 00:37:44,912,178,2005-08-21 22:55:44,2,2006-02-16 02:30:53
14105,2005-08-21 00:44:34,1111,71,2005-08-29 19:00:34,1,2006-02-16 02:30:53
14106,2005-08-21 00:46:01,2673,315,2005-08-27 23:44:01,1,2006-02-16 02:30:53
14107,2006-02-14 15:16:03,3998,251,,1,2006-02-16 02:30:53
14108,2005-08-21 00:52:45,4339,243,2005-08-21 19:35:45,2,2006-02-16 02:30:53
14109,2005-08-21 00:52:58,1046,180,2005-08-22 00:09:58,2,2006-02-16 02:30:53
14110,2005-08-21 00:53:09,2709,35,2005-08-24 05:33:09,2,2006-02-16 02:30:53
14111,2005-08-21 00:59:01,1294,130,2005-08-22 20:43:01,2,2006-02-16 02:30:53
14112,2005-08-21 01:00:46,734,141,2005-08-27 03:46:46,1,2006-02-16 02:30:53
14113,2005-08-21 01:03:30,931,288,2005-08-23 06:46:30,2,2006-02-16 02:30:53
14114,2005-08-21 01:07:11,2270,8,2005-08-24 20:33:11,1,2006-02-16 02:30:53
14115,2005-08-21 01:10:29,1945,257,2005-08-24 01:21:29,1,2006-02-16 02:30:53
14116,2005-08-21 01:11:17,2356,142,2005-08-24 23:45:17,2,2006-02-16 02:30:53
14117,2005-08-21 01:11:59,573,493,2005-08-22 06:56:59,1,2006-02-16 02:30:53
14118,2005-08-21 01:13:37,2605,337,2005-08-28 02:35:37,2,2006-02-16 02:30:53
14119,2005-08-21 01:15:59,129,53,2005-08-27 23:36:59,2,2006-02-16 02:30:53
14120,2005-08-21 01:25:00,4069,302,2005-08-24 23:21:00,2,2006-02-16 02:30:53
14121,2005-08-21 01:26:33,4207,417,2005-08-28 22:47:33,2,2006-02-16 02:30:53
14122,2005-08-21 01:29:01,3955,86,2005-08-27 05:31:01,1,2006-02-16 02:30:53
14123,2005-08-21 01:31:25,143,66,2005-08-23 02:32:25,1,2006-02-16 02:30:53
14124,2005-08-21 01:31:51,311,35,2005-08-24 22:20:51,2,2006-02-16 02:30:53
14125,2005-08-21 01:32:16,2174,265,2005-08-26 00:09:16,1,2006-02-16 02:30:53
14126,2005-08-21 01:32:17,2738,215,2005-08-23 01:02:17,1,2006-02-16 02:30:53
14127,2005-08-21 01:33:32,4532,550,2005-08-22 02:47:32,2,2006-02-16 02:30:53
14128,2005-08-21 01:35:58,2594,81,2005-08-21 21:23:58,2,2006-02-16 02:30:53
14129,2005-08-21 01:42:15,3572,362,2005-08-23 20:04:15,2,2006-02-16 02:30:53
14130,2005-08-21 01:43:11,3859,352,2005-08-27 21:16:11,2,2006-02-16 02:30:53
14131,2005-08-21 01:43:40,4382,267,2005-08-29 02:00:40,2,2006-02-16 02:30:53
14132,2005-08-21 01:43:58,3806,91,2005-08-26 20:16:58,2,2006-02-16 02:30:53
14133,2005-08-21 01:44:14,2463,453,2005-08-30 02:19:14,2,2006-02-16 02:30:53
14134,2005-08-21 01:45:54,2159,497,2005-08-24 01:36:54,1,2006-02-16 02:30:53
14135,2005-08-21 01:53:54,347,59,2005-08-27 05:57:54,1,2006-02-16 02:30:53
14136,2005-08-21 01:57:26,268,135,2005-08-28 01:11:26,1,2006-02-16 02:30:53
14137,2006-02-14 15:16:03,2346,53,,2,2006-02-16 02:30:53
14138,2005-08-21 01:59:37,1238,121,2005-08-30 01:17:37,2,2006-02-16 02:30:53
14139,2005-08-21 02:04:33,2280,561,2005-08-22 04:16:33,2,2006-02-16 02:30:53
14140,2005-08-21 02:04:57,2070,65,2005-08-29 06:41:57,2,2006-02-16 02:30:53
14141,2005-08-21 02:07:22,4527,190,2005-08-30 07:32:22,1,2006-02-16 02:30:53
14142,2005-08-21 02:07:43,1479,544,2005-08-23 02:37:43,2,2006-02-16 02:30:53
14143,2005-08-21 02:10:32,2549,146,2005-08-23 23:50:32,1,2006-02-16 02:30:53
14144,2005-08-21 02:10:57,2366,46,2005-08-28 01:02:57,1,2006-02-16 02:30:53
14145,2005-08-21 02:11:38,150,314,2005-08-22 22:19:38,2,2006-02-16 02:30:53
14146,2005-08-21 02:13:31,2151,192,2005-08-24 22:47:31,2,2006-02-16 02:30:53
14147,2005-08-21 02:14:03,1476,366,2005-08-27 22:38:03,1,2006-02-16 02:30:53
14148,2005-08-21 02:17:49,1605,528,2005-08-22 00:12:49,1,2006-02-16 02:30:53
14149,2005-08-21 02:22:47,3371,518,2005-08-24 02:36:47,1,2006-02-16 02:30:53
14150,2005-08-21 02:23:03,2324,161,2005-08-25 22:50:03,2,2006-02-16 02:30:53
14151,2005-08-21 02:23:25,2785,426,2005-08-30 07:08:25,1,2006-02-16 02:30:53
14152,2005-08-21 02:23:50,2561,379,2005-08-25 06:05:50,1,2006-02-16 02:30:53
14153,2005-08-21 02:24:33,1502,120,2005-08-27 05:28:33,2,2006-02-16 02:30:53
14154,2005-08-21 02:30:00,951,468,2005-08-28 01:41:00,2,2006-02-16 02:30:53
14155,2005-08-21 02:31:35,769,148,2005-08-27 06:00:35,2,2006-02-16 02:30:53
14156,2005-08-21 02:35:16,437,147,2005-08-27 01:32:16,2,2006-02-16 02:30:53
14157,2005-08-21 02:43:15,4471,128,2005-08-24 02:47:15,1,2006-02-16 02:30:53
14158,2005-08-21 02:43:20,474,114,2005-08-28 02:19:20,1,2006-02-16 02:30:53
14159,2005-08-21 02:45:58,3231,144,2005-08-27 04:53:58,1,2006-02-16 02:30:53
14160,2006-02-14 15:16:03,2428,493,,2,2006-02-16 02:30:53
14161,2005-08-21 02:51:59,2744,21,2005-08-28 21:38:59,2,2006-02-16 02:30:53
14162,2005-08-21 02:55:34,3788,315,2005-08-27 00:13:34,1,2006-02-16 02:30:53
14163,2005-08-21 02:56:52,1007,204,2005-08-21 21:03:52,2,2006-02-16 02:30:53
14164,2005-08-21 02:58:02,2381,274,2005-08-29 23:17:02,2,2006-02-16 02:30:53
14165,2005-08-21 02:59:17,4151,150,2005-08-24 23:09:17,2,2006-02-16 02:30:53
14166,2005-08-21 02:59:31,2457,190,2005-08-24 23:19:31,2,2006-02-16 02:30:53
14167,2005-08-21 02:59:48,1005,64,2005-08-29 22:17:48,1,2006-02-16 02:30:53
14168,2005-08-21 03:00:03,1321,49,2005-08-29 06:04:03,2,2006-02-16 02:30:53
14169,2005-08-21 03:00:31,3800,396,2005-08-30 01:16:31,1,2006-02-16 02:30:53
14170,2005-08-21 03:00:39,894,259,2005-08-27 23:07:39,1,2006-02-16 02:30:53
14171,2005-08-21 03:00:42,4179,320,2005-08-24 00:54:42,1,2006-02-16 02:30:53
14172,2006-02-14 15:16:03,2158,450,,2,2006-02-16 02:30:53
14173,2005-08-21 03:01:01,3175,152,2005-08-22 02:40:01,1,2006-02-16 02:30:53
14174,2005-08-21 03:01:45,1862,29,2005-08-22 07:19:45,2,2006-02-16 02:30:53
14175,2006-02-14 15:16:03,2021,452,,1,2006-02-16 02:30:53
14176,2005-08-21 03:09:23,4420,556,2005-08-26 21:26:23,1,2006-02-16 02:30:53
14177,2005-08-21 03:11:33,409,121,2005-08-28 21:41:33,2,2006-02-16 02:30:53
14178,2005-08-21 03:13:45,2178,524,2005-08-22 01:50:45,1,2006-02-16 02:30:53
14179,2005-08-21 03:14:27,3956,79,2005-08-26 00:46:27,2,2006-02-16 02:30:53
14180,2005-08-21 03:16:15,796,262,2005-08-24 22:31:15,2,2006-02-16 02:30:53
14181,2005-08-21 03:16:30,197,210,2005-08-29 06:25:30,2,2006-02-16 02:30:53
14182,2005-08-21 03:17:10,2422,519,2005-08-24 21:46:10,1,2006-02-16 02:30:53
14183,2005-08-21 03:24:29,1888,26,2005-08-22 07:25:29,2,2006-02-16 02:30:53
14184,2005-08-21 03:24:50,3759,148,2005-08-29 01:46:50,2,2006-02-16 02:30:53
14185,2005-08-21 03:28:37,3957,579,2005-08-26 01:15:37,1,2006-02-16 02:30:53
14186,2005-08-21 03:31:07,3158,461,2005-08-28 07:29:07,2,2006-02-16 02:30:53
14187,2005-08-21 03:32:03,4031,275,2005-08-25 03:29:03,2,2006-02-16 02:30:53
14188,2005-08-21 03:32:04,4492,548,2005-08-22 07:26:04,1,2006-02-16 02:30:53
14189,2005-08-21 03:32:17,2209,127,2005-08-22 04:46:17,2,2006-02-16 02:30:53
14190,2005-08-21 03:35:21,4203,517,2005-08-29 07:35:21,2,2006-02-16 02:30:53
14191,2005-08-21 03:35:58,301,423,2005-08-28 00:28:58,1,2006-02-16 02:30:53
14192,2005-08-21 03:37:42,3563,26,2005-08-28 05:31:42,2,2006-02-16 02:30:53
14193,2005-08-21 03:38:27,513,25,2005-08-28 09:16:27,1,2006-02-16 02:30:53
14194,2005-08-21 03:40:11,2003,138,2005-08-26 07:38:11,1,2006-02-16 02:30:53
14195,2005-08-21 03:40:35,3732,93,2005-08-23 01:22:35,1,2006-02-16 02:30:53
14196,2005-08-21 03:40:40,4477,281,2005-08-25 05:55:40,1,2006-02-16 02:30:53
14197,2005-08-21 03:47:25,340,469,2005-08-30 09:15:25,2,2006-02-16 02:30:53
14198,2005-08-21 03:48:31,465,381,2005-08-24 07:10:31,2,2006-02-16 02:30:53
14199,2005-08-21 03:48:43,658,442,2005-08-23 04:01:43,1,2006-02-16 02:30:53
14200,2005-08-21 03:51:27,2339,349,2005-08-29 22:00:27,1,2006-02-16 02:30:53
14201,2005-08-21 03:51:34,314,427,2005-08-30 03:42:34,2,2006-02-16 02:30:53
14202,2005-08-21 03:51:52,1995,473,2005-08-22 09:35:52,1,2006-02-16 02:30:53
14203,2005-08-21 03:51:52,3668,95,2005-08-24 06:13:52,2,2006-02-16 02:30:53
14204,2006-02-14 15:16:03,4334,287,,1,2006-02-16 02:30:53
14205,2005-08-21 03:57:15,315,406,2005-08-30 08:46:15,2,2006-02-16 02:30:53
14206,2005-08-21 03:59:26,860,279,2005-08-26 03:52:26,1,2006-02-16 02:30:53
14207,2005-08-21 04:08:19,1327,569,2005-08-29 07:59:19,2,2006-02-16 02:30:53
14208,2005-08-21 04:09:18,4180,299,2005-08-22 03:29:18,1,2006-02-16 02:30:53
14209,2005-08-21 04:17:56,896,472,2005-08-27 06:57:56,1,2006-02-16 02:30:53
14210,2005-08-21 04:28:02,1867,468,2005-08-24 02:14:02,2,2006-02-16 02:30:53
14211,2005-08-21 04:29:11,300,372,2005-08-24 02:50:11,2,2006-02-16 02:30:53
14212,2005-08-21 04:29:26,4540,354,2005-08-24 00:46:26,2,2006-02-16 02:30:53
14213,2005-08-21 04:30:47,382,511,2005-08-24 23:01:47,1,2006-02-16 02:30:53
14214,2005-08-21 04:30:49,4510,198,2005-08-26 04:42:49,1,2006-02-16 02:30:53
14215,2005-08-21 04:34:11,35,54,2005-08-27 10:30:11,2,2006-02-16 02:30:53
14216,2006-02-14 15:16:03,3763,186,,1,2006-02-16 02:30:53
14217,2005-08-21 04:37:56,2847,66,2005-08-26 03:55:56,2,2006-02-16 02:30:53
14218,2005-08-21 04:43:59,4087,104,2005-08-27 10:29:59,1,2006-02-16 02:30:53
14219,2006-02-14 15:16:03,3718,334,,2,2006-02-16 02:30:53
14220,2006-02-14 15:16:03,2618,162,,1,2006-02-16 02:30:53
14221,2005-08-21 04:49:41,3824,51,2005-08-29 23:52:41,1,2006-02-16 02:30:53
14222,2005-08-21 04:49:48,714,7,2005-08-25 05:34:48,2,2006-02-16 02:30:53
14223,2005-08-21 04:51:51,514,392,2005-08-29 00:37:51,1,2006-02-16 02:30:53
14224,2005-08-21 04:53:08,3634,323,2005-08-27 04:12:08,2,2006-02-16 02:30:53
14225,2005-08-21 04:53:37,984,4,2005-08-25 23:39:37,2,2006-02-16 02:30:53
14226,2005-08-21 04:55:37,1793,316,2005-08-24 04:32:37,1,2006-02-16 02:30:53
14227,2005-08-21 04:56:31,4102,277,2005-08-22 05:04:31,2,2006-02-16 02:30:53
14228,2005-08-21 04:57:08,2016,71,2005-08-25 00:06:08,2,2006-02-16 02:30:53
14229,2005-08-21 04:57:15,4479,186,2005-08-26 10:00:15,1,2006-02-16 02:30:53
14230,2005-08-21 04:57:29,844,584,2005-08-27 08:14:29,2,2006-02-16 02:30:53
14231,2005-08-21 05:04:34,1244,307,2005-08-23 04:58:34,1,2006-02-16 02:30:53
14232,2005-08-21 05:07:02,2710,176,2005-08-29 06:57:02,1,2006-02-16 02:30:53
14233,2005-08-21 05:07:08,2943,599,2005-08-28 03:20:08,1,2006-02-16 02:30:53
14234,2005-08-21 05:07:12,1439,271,2005-08-23 06:44:12,2,2006-02-16 02:30:53
14235,2005-08-21 05:08:42,125,558,2005-08-29 23:36:42,1,2006-02-16 02:30:53
14236,2005-08-21 05:13:16,172,25,2005-08-26 04:03:16,2,2006-02-16 02:30:53
14237,2005-08-21 05:15:00,3284,410,2005-08-25 10:06:00,1,2006-02-16 02:30:53
14238,2005-08-21 05:16:40,3148,192,2005-08-30 02:13:40,2,2006-02-16 02:30:53
14239,2005-08-21 05:18:57,1559,416,2005-08-22 00:12:57,2,2006-02-16 02:30:53
14240,2005-08-21 05:19:39,3294,12,2005-08-22 23:25:39,2,2006-02-16 02:30:53
14241,2005-08-21 05:24:55,2547,291,2005-08-30 03:33:55,1,2006-02-16 02:30:53
14242,2005-08-21 05:25:59,1588,68,2005-08-27 07:22:59,1,2006-02-16 02:30:53
14243,2006-02-14 15:16:03,1489,264,,1,2006-02-16 02:30:53
14244,2005-08-21 05:29:55,1150,43,2005-08-24 01:06:55,1,2006-02-16 02:30:53
14245,2005-08-21 05:30:54,975,354,2005-08-26 07:02:54,1,2006-02-16 02:30:53
14246,2005-08-21 05:34:09,3499,120,2005-08-26 06:12:09,1,2006-02-16 02:30:53
14247,2005-08-21 05:35:17,267,302,2005-08-26 03:22:17,1,2006-02-16 02:30:53
14248,2005-08-21 05:35:57,725,293,2005-08-28 05:53:57,2,2006-02-16 02:30:53
14249,2005-08-21 05:38:05,695,268,2005-08-28 09:07:05,2,2006-02-16 02:30:53
14250,2005-08-21 05:39:35,3008,313,2005-08-28 10:06:35,2,2006-02-16 02:30:53
14251,2005-08-21 05:42:20,139,486,2005-08-26 06:20:20,2,2006-02-16 02:30:53
14252,2005-08-21 05:44:07,2660,13,2005-08-29 08:53:07,1,2006-02-16 02:30:53
14253,2005-08-21 05:47:52,4246,456,2005-08-25 04:28:52,1,2006-02-16 02:30:53
14254,2005-08-21 05:51:28,1549,589,2005-08-29 06:05:28,2,2006-02-16 02:30:53
14255,2005-08-21 05:51:37,3125,492,2005-08-29 10:00:37,1,2006-02-16 02:30:53
14256,2005-08-21 05:52:27,2922,331,2005-08-29 02:10:27,2,2006-02-16 02:30:53
14257,2005-08-21 05:52:57,3830,178,2005-08-29 03:18:57,2,2006-02-16 02:30:53
14258,2005-08-21 05:56:36,752,359,2005-08-26 06:14:36,1,2006-02-16 02:30:53
14259,2005-08-21 06:00:22,3705,583,2005-08-22 05:38:22,2,2006-02-16 02:30:53
14260,2005-08-21 06:01:08,2961,40,2005-08-29 09:01:08,2,2006-02-16 02:30:53
14261,2005-08-21 06:07:24,1426,166,2005-08-26 09:57:24,1,2006-02-16 02:30:53
14262,2005-08-21 06:08:13,1430,324,2005-08-30 10:55:13,1,2006-02-16 02:30:53
14263,2005-08-21 06:08:15,2595,533,2005-08-29 09:22:15,2,2006-02-16 02:30:53
14264,2005-08-21 06:18:22,3426,295,2005-08-25 08:08:22,1,2006-02-16 02:30:53
14265,2005-08-21 06:20:14,3116,134,2005-08-23 09:05:14,1,2006-02-16 02:30:53
14266,2005-08-21 06:20:51,3543,269,2005-08-23 00:44:51,1,2006-02-16 02:30:53
14267,2006-02-14 15:16:03,2199,527,,2,2006-02-16 02:30:53
14268,2005-08-21 06:21:24,2442,278,2005-08-23 05:39:24,2,2006-02-16 02:30:53
14269,2005-08-21 06:22:07,531,241,2005-08-30 00:41:07,2,2006-02-16 02:30:53
14270,2005-08-21 06:22:18,4083,171,2005-08-27 08:04:18,1,2006-02-16 02:30:53
14271,2005-08-21 06:23:29,4506,224,2005-08-27 04:49:29,1,2006-02-16 02:30:53
14272,2005-08-21 06:24:55,3908,243,2005-08-28 02:25:55,1,2006-02-16 02:30:53
14273,2005-08-21 06:26:48,2640,388,2005-08-30 10:34:48,1,2006-02-16 02:30:53
14274,2005-08-21 06:29:20,3183,405,2005-08-26 06:25:20,2,2006-02-16 02:30:53
14275,2005-08-21 06:30:30,3238,163,2005-08-25 12:28:30,1,2006-02-16 02:30:53
14276,2005-08-21 06:34:05,3637,318,2005-08-28 10:13:05,2,2006-02-16 02:30:53
14277,2005-08-21 06:34:41,2652,566,2005-08-28 10:53:41,2,2006-02-16 02:30:53
14278,2006-02-14 15:16:03,2334,557,,2,2006-02-16 02:30:53
14279,2005-08-21 06:39:08,3325,387,2005-08-29 11:01:08,2,2006-02-16 02:30:53
14280,2005-08-21 06:39:58,1561,481,2005-08-23 04:50:58,1,2006-02-16 02:30:53
14281,2005-08-21 06:40:48,1848,166,2005-08-26 11:42:48,2,2006-02-16 02:30:53
14282,2005-08-21 06:41:29,3107,450,2005-08-22 12:37:29,1,2006-02-16 02:30:53
14283,2005-08-21 06:44:14,3052,253,2005-08-24 01:01:14,1,2006-02-16 02:30:53
14284,2005-08-21 06:44:37,633,486,2005-08-28 05:03:37,1,2006-02-16 02:30:53
14285,2005-08-21 06:50:48,402,249,2005-08-28 11:35:48,1,2006-02-16 02:30:53
14286,2005-08-21 06:53:53,2377,558,2005-08-27 11:37:53,2,2006-02-16 02:30:53
14287,2005-08-21 06:53:59,2426,427,2005-08-25 03:10:59,2,2006-02-16 02:30:53
14288,2005-08-21 06:57:34,587,512,2005-08-26 11:32:34,1,2006-02-16 02:30:53
14289,2005-08-21 06:58:49,1185,103,2005-08-25 11:29:49,2,2006-02-16 02:30:53
14290,2005-08-21 07:02:59,790,366,2005-08-28 02:57:59,1,2006-02-16 02:30:53
14291,2005-08-21 07:03:05,3988,56,2005-08-26 12:56:05,2,2006-02-16 02:30:53
14292,2005-08-21 07:06:20,1959,251,2005-08-22 01:39:20,2,2006-02-16 02:30:53
14293,2005-08-21 07:06:47,3555,364,2005-08-22 05:07:47,2,2006-02-16 02:30:53
14294,2005-08-21 07:07:26,354,455,2005-08-22 02:20:26,2,2006-02-16 02:30:53
14295,2005-08-21 07:09:27,2187,336,2005-08-22 01:27:27,2,2006-02-16 02:30:53
14296,2005-08-21 07:13:23,3813,275,2005-08-26 11:14:23,1,2006-02-16 02:30:53
14297,2005-08-21 07:13:46,1712,566,2005-08-25 09:07:46,1,2006-02-16 02:30:53
14298,2005-08-21 07:17:10,4317,410,2005-08-25 10:10:10,1,2006-02-16 02:30:53
14299,2005-08-21 07:18:57,4028,342,2005-08-24 01:28:57,1,2006-02-16 02:30:53
14300,2005-08-21 07:19:37,690,382,2005-08-25 12:06:37,2,2006-02-16 02:30:53
14301,2005-08-21 07:19:48,283,162,2005-08-28 02:06:48,1,2006-02-16 02:30:53
14302,2005-08-21 07:19:57,1287,511,2005-08-28 02:59:57,1,2006-02-16 02:30:53
14303,2005-08-21 07:22:43,992,475,2005-08-24 11:52:43,1,2006-02-16 02:30:53
14304,2005-08-21 07:23:10,2650,417,2005-08-26 11:21:10,2,2006-02-16 02:30:53
14305,2005-08-21 07:29:05,2056,58,2005-08-27 08:18:05,1,2006-02-16 02:30:53
14306,2005-08-21 07:32:35,4027,453,2005-08-30 05:53:35,1,2006-02-16 02:30:53
14307,2005-08-21 07:34:52,2894,328,2005-08-29 09:45:52,1,2006-02-16 02:30:53
14308,2005-08-21 07:43:21,3478,419,2005-08-25 02:39:21,2,2006-02-16 02:30:53
14309,2005-08-21 07:44:17,4447,468,2005-08-30 07:23:17,2,2006-02-16 02:30:53
14310,2005-08-21 07:44:32,95,177,2005-08-22 09:02:32,1,2006-02-16 02:30:53
14311,2005-08-21 07:45:47,1761,69,2005-08-27 02:23:47,2,2006-02-16 02:30:53
14312,2005-08-21 07:48:34,1090,238,2005-08-23 04:45:34,1,2006-02-16 02:30:53
14313,2005-08-21 07:49:53,3384,468,2005-08-30 05:52:53,2,2006-02-16 02:30:53
14314,2005-08-21 07:50:14,4115,178,2005-08-24 10:47:14,2,2006-02-16 02:30:53
14315,2005-08-21 07:56:39,1164,459,2005-08-27 04:52:39,1,2006-02-16 02:30:53
14316,2005-08-21 07:59:47,386,64,2005-08-23 02:20:47,2,2006-02-16 02:30:53
14317,2005-08-21 08:00:40,2090,471,2005-08-27 06:52:40,1,2006-02-16 02:30:53
14318,2006-02-14 15:16:03,1042,508,,2,2006-02-16 02:30:53
14319,2005-08-21 08:00:55,4480,410,2005-08-26 05:04:55,1,2006-02-16 02:30:53
14320,2005-08-21 08:04:40,3121,199,2005-08-22 02:09:40,1,2006-02-16 02:30:53
14321,2005-08-21 08:05:12,967,236,2005-08-23 02:17:12,1,2006-02-16 02:30:53
14322,2005-08-21 08:06:30,2818,221,2005-08-29 10:12:30,2,2006-02-16 02:30:53
14323,2005-08-21 08:08:43,1257,97,2005-08-25 10:44:43,1,2006-02-16 02:30:53
14324,2005-08-21 08:10:56,1361,155,2005-08-30 12:09:56,1,2006-02-16 02:30:53
14325,2005-08-21 08:15:38,4432,313,2005-08-23 08:08:38,2,2006-02-16 02:30:53
14326,2005-08-21 08:15:41,1052,17,2005-08-27 05:22:41,1,2006-02-16 02:30:53
14327,2005-08-21 08:18:18,553,457,2005-08-30 02:21:18,2,2006-02-16 02:30:53
14328,2005-08-21 08:18:20,3194,489,2005-08-25 03:05:20,2,2006-02-16 02:30:53
14329,2005-08-21 08:22:56,3544,6,2005-08-28 02:22:56,2,2006-02-16 02:30:53
14330,2005-08-21 08:29:20,763,84,2005-08-30 03:59:20,2,2006-02-16 02:30:53
14331,2005-08-21 08:29:38,3128,372,2005-08-29 13:18:38,2,2006-02-16 02:30:53
14332,2005-08-21 08:30:43,1388,496,2005-08-29 10:51:43,1,2006-02-16 02:30:53
14333,2005-08-21 08:31:03,2976,93,2005-08-28 03:39:03,2,2006-02-16 02:30:53
14334,2005-08-21 08:32:32,1448,595,2005-08-25 02:53:32,2,2006-02-16 02:30:53
14335,2005-08-21 08:33:07,2610,263,2005-08-26 14:16:07,1,2006-02-16 02:30:53
14336,2005-08-21 08:33:42,3166,362,2005-08-23 03:27:42,1,2006-02-16 02:30:53
14337,2005-08-21 08:34:26,3529,506,2005-08-24 11:31:26,1,2006-02-16 02:30:53
14338,2005-08-21 08:36:03,1789,205,2005-08-24 12:31:03,2,2006-02-16 02:30:53
14339,2005-08-21 08:37:15,1744,30,2005-08-26 03:37:15,2,2006-02-16 02:30:53
14340,2005-08-21 08:38:21,2181,230,2005-08-25 09:25:21,1,2006-02-16 02:30:53
14341,2005-08-21 08:38:24,4498,560,2005-08-26 12:36:24,1,2006-02-16 02:30:53
14342,2005-08-21 08:39:26,2749,559,2005-08-23 11:40:26,2,2006-02-16 02:30:53
14343,2005-08-21 08:40:21,3769,238,2005-08-29 03:06:21,1,2006-02-16 02:30:53
14344,2005-08-21 08:40:56,1562,341,2005-08-27 12:40:56,1,2006-02-16 02:30:53
14345,2005-08-21 08:41:15,1726,598,2005-08-24 11:59:15,1,2006-02-16 02:30:53
14346,2005-08-21 08:42:26,109,17,2005-08-23 09:18:26,2,2006-02-16 02:30:53
14347,2005-08-21 08:42:31,3862,214,2005-08-25 07:11:31,2,2006-02-16 02:30:53
14348,2005-08-21 08:54:26,885,496,2005-08-24 02:55:26,2,2006-02-16 02:30:53
14349,2005-08-21 08:54:53,96,119,2005-08-30 14:27:53,1,2006-02-16 02:30:53
14350,2005-08-21 08:58:38,3174,222,2005-08-30 03:29:38,2,2006-02-16 02:30:53
14351,2005-08-21 09:04:20,2037,66,2005-08-25 05:27:20,1,2006-02-16 02:30:53
14352,2005-08-21 09:06:29,1224,527,2005-08-28 13:36:29,1,2006-02-16 02:30:53
14353,2005-08-21 09:07:50,1612,129,2005-08-22 10:31:50,2,2006-02-16 02:30:53
14354,2005-08-21 09:08:14,1137,382,2005-08-30 05:27:14,1,2006-02-16 02:30:53
14355,2005-08-21 09:08:29,649,271,2005-08-27 10:08:29,2,2006-02-16 02:30:53
14356,2005-08-21 09:08:51,3169,65,2005-08-24 04:36:51,2,2006-02-16 02:30:53
14357,2005-08-21 09:13:09,2906,233,2005-08-22 05:41:09,2,2006-02-16 02:30:53
14358,2005-08-21 09:14:28,861,112,2005-08-24 05:05:28,1,2006-02-16 02:30:53
14359,2005-08-21 09:16:19,1841,401,2005-08-22 09:28:19,1,2006-02-16 02:30:53
14360,2005-08-21 09:16:40,2677,246,2005-08-29 11:43:40,2,2006-02-16 02:30:53
14361,2006-02-14 15:16:03,1231,191,,2,2006-02-16 02:30:53
14362,2005-08-21 09:19:49,1992,312,2005-08-26 11:06:49,1,2006-02-16 02:30:53
14363,2005-08-21 09:20:03,2579,560,2005-08-23 14:26:03,1,2006-02-16 02:30:53
14364,2005-08-21 09:25:11,3513,236,2005-08-29 09:04:11,1,2006-02-16 02:30:53
14365,2005-08-21 09:25:13,618,457,2005-08-27 11:48:13,1,2006-02-16 02:30:53
14366,2005-08-21 09:31:39,4011,524,2005-08-26 11:55:39,2,2006-02-16 02:30:53
14367,2005-08-21 09:31:44,870,244,2005-08-26 03:54:44,2,2006-02-16 02:30:53
14368,2005-08-21 09:31:47,2063,351,2005-08-30 04:17:47,1,2006-02-16 02:30:53
14369,2005-08-21 09:33:44,1636,392,2005-08-25 08:56:44,1,2006-02-16 02:30:53
14370,2005-08-21 09:35:14,3520,161,2005-08-27 05:21:14,2,2006-02-16 02:30:53
14371,2005-08-21 09:37:16,2197,221,2005-08-27 13:50:16,2,2006-02-16 02:30:53
14372,2005-08-21 09:39:50,1953,520,2005-08-28 13:36:50,1,2006-02-16 02:30:53
14373,2005-08-21 09:44:53,4433,268,2005-08-25 15:37:53,1,2006-02-16 02:30:53
14374,2006-02-14 15:16:03,236,213,,2,2006-02-16 02:30:53
14375,2005-08-21 09:46:35,2507,550,2005-08-26 10:24:35,2,2006-02-16 02:30:53
14376,2005-08-21 09:48:56,1936,582,2005-08-22 12:15:56,2,2006-02-16 02:30:53
14377,2005-08-21 09:49:28,1325,6,2005-08-29 13:34:28,1,2006-02-16 02:30:53
14378,2005-08-21 09:50:02,810,515,2005-08-30 09:07:02,1,2006-02-16 02:30:53
14379,2005-08-21 09:53:03,3062,136,2005-08-24 14:32:03,1,2006-02-16 02:30:53
14380,2005-08-21 09:53:52,1523,198,2005-08-25 05:03:52,2,2006-02-16 02:30:53
14381,2005-08-21 09:55:47,811,391,2005-08-25 08:23:47,1,2006-02-16 02:30:53
14382,2005-08-21 10:01:03,4119,119,2005-08-22 13:21:03,2,2006-02-16 02:30:53
14383,2005-08-21 10:02:05,1941,482,2005-08-24 12:21:05,2,2006-02-16 02:30:53
14384,2005-08-21 10:02:37,2429,371,2005-08-26 08:20:37,1,2006-02-16 02:30:53
14385,2005-08-21 10:02:55,4356,317,2005-08-25 07:19:55,2,2006-02-16 02:30:53
14386,2005-08-21 10:06:34,3402,514,2005-08-25 14:19:34,1,2006-02-16 02:30:53
14387,2005-08-21 10:10:01,1286,295,2005-08-28 14:16:01,2,2006-02-16 02:30:53
14388,2005-08-21 10:15:13,1078,274,2005-08-30 13:41:13,2,2006-02-16 02:30:53
14389,2005-08-21 10:15:20,2718,145,2005-08-27 05:39:20,1,2006-02-16 02:30:53
14390,2005-08-21 10:15:38,3951,366,2005-08-28 05:50:38,2,2006-02-16 02:30:53
14391,2005-08-21 10:16:27,3117,205,2005-08-23 07:00:27,2,2006-02-16 02:30:53
14392,2005-08-21 10:19:25,847,586,2005-08-28 15:57:25,2,2006-02-16 02:30:53
14393,2005-08-21 10:22:51,3937,368,2005-08-29 08:28:51,1,2006-02-16 02:30:53
14394,2005-08-21 10:23:10,4555,118,2005-08-28 09:33:10,1,2006-02-16 02:30:53
14395,2005-08-21 10:24:00,632,506,2005-08-28 12:23:00,2,2006-02-16 02:30:53
14396,2005-08-21 10:24:54,3855,353,2005-08-22 04:49:54,2,2006-02-16 02:30:53
14397,2005-08-21 10:25:56,3883,47,2005-08-24 07:48:56,1,2006-02-16 02:30:53
14398,2005-08-21 10:27:21,357,505,2005-08-23 10:46:21,2,2006-02-16 02:30:53
14399,2005-08-21 10:33:23,3582,188,2005-08-27 08:00:23,1,2006-02-16 02:30:53
14400,2005-08-21 10:33:45,3891,569,2005-08-26 12:05:45,1,2006-02-16 02:30:53
14401,2005-08-21 10:36:20,3468,407,2005-08-30 06:45:20,1,2006-02-16 02:30:53
14402,2005-08-21 10:38:17,749,467,2005-08-27 08:36:17,2,2006-02-16 02:30:53
14403,2005-08-21 10:40:34,3581,297,2005-08-29 11:29:34,1,2006-02-16 02:30:53
14404,2005-08-21 10:43:04,3660,192,2005-08-30 10:00:04,1,2006-02-16 02:30:53
14405,2005-08-21 10:45:01,2777,470,2005-08-30 04:48:01,2,2006-02-16 02:30:53
14406,2005-08-21 10:46:35,2741,181,2005-08-28 15:55:35,1,2006-02-16 02:30:53
14407,2005-08-21 10:46:51,2403,500,2005-08-25 09:28:51,2,2006-02-16 02:30:53
14408,2005-08-21 10:47:24,222,593,2005-08-27 08:18:24,1,2006-02-16 02:30:53
14409,2005-08-21 10:53:35,1161,314,2005-08-25 10:40:35,2,2006-02-16 02:30:53
14410,2005-08-21 10:54:49,839,196,2005-08-26 08:28:49,2,2006-02-16 02:30:53
14411,2005-08-21 10:54:57,2125,502,2005-08-22 13:17:57,2,2006-02-16 02:30:53
14412,2005-08-21 11:02:09,212,121,2005-08-29 06:44:09,1,2006-02-16 02:30:53
14413,2005-08-21 11:06:33,50,367,2005-08-29 16:10:33,1,2006-02-16 02:30:53
14414,2005-08-21 11:08:17,1757,515,2005-08-23 08:37:17,2,2006-02-16 02:30:53
14415,2006-02-14 15:16:03,2670,561,,2,2006-02-16 02:30:53
14416,2005-08-21 11:11:46,3002,384,2005-08-25 12:33:46,1,2006-02-16 02:30:53
14417,2005-08-21 11:13:35,1768,596,2005-08-25 11:27:35,1,2006-02-16 02:30:53
14418,2005-08-21 11:14:26,89,442,2005-08-28 08:34:26,2,2006-02-16 02:30:53
14419,2005-08-21 11:15:46,3146,221,2005-08-30 16:37:46,1,2006-02-16 02:30:53
14420,2005-08-21 11:16:15,2495,551,2005-08-24 06:06:15,2,2006-02-16 02:30:53
14421,2005-08-21 11:20:21,4402,406,2005-08-24 06:26:21,1,2006-02-16 02:30:53
14422,2005-08-21 11:21:46,1382,361,2005-08-25 13:15:46,1,2006-02-16 02:30:53
14423,2005-08-21 11:23:59,2873,521,2005-08-26 11:52:59,2,2006-02-16 02:30:53
14424,2005-08-21 11:24:11,2535,489,2005-08-29 13:13:11,2,2006-02-16 02:30:53
14425,2006-02-14 15:16:03,2752,560,,2,2006-02-16 02:30:53
14426,2006-02-14 15:16:03,2902,315,,1,2006-02-16 02:30:53
14427,2005-08-21 11:26:06,2353,163,2005-08-27 10:39:06,1,2006-02-16 02:30:53
14428,2005-08-21 11:27:07,1614,458,2005-08-29 09:50:07,1,2006-02-16 02:30:53
14429,2005-08-21 11:29:43,2513,66,2005-08-24 12:05:43,1,2006-02-16 02:30:53
14430,2005-08-21 11:31:11,2623,5,2005-08-26 06:29:11,1,2006-02-16 02:30:53
14431,2005-08-21 11:31:15,1572,106,2005-08-26 11:22:15,2,2006-02-16 02:30:53
14432,2005-08-21 11:36:15,2294,138,2005-08-24 08:02:15,2,2006-02-16 02:30:53
14433,2005-08-21 11:36:34,732,401,2005-08-26 08:51:34,1,2006-02-16 02:30:53
14434,2005-08-21 11:40:46,2085,549,2005-08-24 05:50:46,1,2006-02-16 02:30:53
14435,2005-08-21 11:44:37,2919,169,2005-08-24 08:04:37,1,2006-02-16 02:30:53
14436,2005-08-21 11:48:27,3473,560,2005-08-25 15:49:27,2,2006-02-16 02:30:53
14437,2005-08-21 11:48:32,1504,136,2005-08-25 11:06:32,2,2006-02-16 02:30:53
14438,2005-08-21 11:51:10,1621,392,2005-08-28 17:10:10,1,2006-02-16 02:30:53
14439,2005-08-21 11:52:41,3903,564,2005-08-30 10:36:41,1,2006-02-16 02:30:53
14440,2005-08-21 11:59:04,3495,194,2005-08-23 10:10:04,1,2006-02-16 02:30:53
14441,2005-08-21 11:59:38,1210,260,2005-08-26 11:17:38,2,2006-02-16 02:30:53
14442,2005-08-21 12:00:21,122,205,2005-08-23 17:00:21,2,2006-02-16 02:30:53
14443,2005-08-21 12:06:32,376,447,2005-08-29 13:44:32,2,2006-02-16 02:30:53
14444,2005-08-21 12:07:25,2211,225,2005-08-28 08:36:25,2,2006-02-16 02:30:53
14445,2005-08-21 12:07:42,3186,256,2005-08-22 17:51:42,2,2006-02-16 02:30:53
14446,2005-08-21 12:10:41,4367,21,2005-08-26 14:42:41,1,2006-02-16 02:30:53
14447,2005-08-21 12:12:05,1889,584,2005-08-27 14:47:05,2,2006-02-16 02:30:53
14448,2005-08-21 12:13:10,1937,263,2005-08-30 08:46:10,1,2006-02-16 02:30:53
14449,2005-08-21 12:13:18,653,529,2005-08-27 15:41:18,2,2006-02-16 02:30:53
14450,2005-08-21 12:21:25,1194,48,2005-08-26 14:35:25,2,2006-02-16 02:30:53
14451,2005-08-21 12:21:44,3967,467,2005-08-22 15:07:44,2,2006-02-16 02:30:53
14452,2005-08-21 12:23:20,4231,325,2005-08-27 06:26:20,1,2006-02-16 02:30:53
14453,2005-08-21 12:33:34,3312,237,2005-08-27 11:10:34,1,2006-02-16 02:30:53
14454,2005-08-21 12:35:49,2475,150,2005-08-22 16:28:49,2,2006-02-16 02:30:53
14455,2005-08-21 12:36:11,3442,68,2005-08-27 08:12:11,2,2006-02-16 02:30:53
14456,2005-08-21 12:38:09,2520,125,2005-08-26 08:29:09,1,2006-02-16 02:30:53
14457,2005-08-21 12:47:38,4288,340,2005-08-25 13:07:38,1,2006-02-16 02:30:53
14458,2005-08-21 12:47:53,1769,256,2005-08-30 17:09:53,2,2006-02-16 02:30:53
14459,2005-08-21 12:48:08,1532,98,2005-08-27 10:50:08,2,2006-02-16 02:30:53
14460,2005-08-21 12:48:48,4137,120,2005-08-30 16:34:48,2,2006-02-16 02:30:53
14461,2005-08-21 12:50:33,371,42,2005-08-30 13:35:33,1,2006-02-16 02:30:53
14462,2005-08-21 12:50:57,2201,96,2005-08-27 10:42:57,2,2006-02-16 02:30:53
14463,2005-08-21 12:51:49,1403,365,2005-08-29 12:17:49,1,2006-02-16 02:30:53
14464,2005-08-21 12:52:54,2310,121,2005-08-25 16:42:54,1,2006-02-16 02:30:53
14465,2005-08-21 12:54:22,4206,262,2005-08-28 10:46:22,2,2006-02-16 02:30:53
14466,2005-08-21 13:03:13,923,442,2005-08-22 15:19:13,2,2006-02-16 02:30:53
14467,2005-08-21 13:03:33,1498,522,2005-08-28 15:28:33,1,2006-02-16 02:30:53
14468,2005-08-21 13:07:10,4168,224,2005-08-30 19:05:10,2,2006-02-16 02:30:53
14469,2005-08-21 13:07:24,1957,554,2005-08-24 10:37:24,1,2006-02-16 02:30:53
14470,2005-08-21 13:09:41,3899,379,2005-08-23 10:20:41,2,2006-02-16 02:30:53
14471,2005-08-21 13:10:40,1254,395,2005-08-26 16:49:40,1,2006-02-16 02:30:53
14472,2005-08-21 13:13:57,4097,184,2005-08-23 14:04:57,2,2006-02-16 02:30:53
14473,2005-08-21 13:19:03,2747,298,2005-08-23 15:12:03,1,2006-02-16 02:30:53
14474,2005-08-21 13:22:48,2632,294,2005-08-27 14:13:48,2,2006-02-16 02:30:53
14475,2005-08-21 13:24:32,3164,2,2005-08-27 08:59:32,2,2006-02-16 02:30:53
14476,2005-08-21 13:31:07,2821,101,2005-08-23 17:06:07,1,2006-02-16 02:30:53
14477,2005-08-21 13:32:38,1564,126,2005-08-25 18:02:38,2,2006-02-16 02:30:53
14478,2005-08-21 13:33:28,2990,231,2005-08-25 13:33:28,2,2006-02-16 02:30:53
14479,2005-08-21 13:35:54,2235,324,2005-08-29 12:12:54,2,2006-02-16 02:30:53
14480,2005-08-21 13:36:40,229,411,2005-08-26 08:39:40,1,2006-02-16 02:30:53
14481,2005-08-21 13:41:14,4099,367,2005-08-30 07:53:14,2,2006-02-16 02:30:53
14482,2005-08-21 13:42:45,2765,23,2005-08-27 11:55:45,1,2006-02-16 02:30:53
14483,2005-08-21 13:43:59,37,275,2005-08-28 16:38:59,2,2006-02-16 02:30:53
14484,2005-08-21 13:47:29,3714,418,2005-08-23 18:25:29,1,2006-02-16 02:30:53
14485,2005-08-21 13:52:07,1637,241,2005-08-30 13:06:07,2,2006-02-16 02:30:53
14486,2005-08-21 13:52:54,3119,138,2005-08-23 07:58:54,1,2006-02-16 02:30:53
14487,2005-08-21 13:53:33,2578,526,2005-08-29 19:32:33,1,2006-02-16 02:30:53
14488,2006-02-14 15:16:03,4202,75,,2,2006-02-16 02:30:53
14489,2005-08-21 13:53:59,2312,9,2005-08-30 15:45:59,2,2006-02-16 02:30:53
14490,2005-08-21 13:54:15,1771,205,2005-08-28 19:08:15,2,2006-02-16 02:30:53
14491,2005-08-21 13:55:39,2072,226,2005-08-29 17:51:39,1,2006-02-16 02:30:53
14492,2005-08-21 13:59:08,1591,266,2005-08-23 11:09:08,1,2006-02-16 02:30:53
14493,2005-08-21 14:01:44,2590,389,2005-08-28 17:20:44,1,2006-02-16 02:30:53
14494,2005-08-21 14:02:50,169,5,2005-08-22 16:45:50,2,2006-02-16 02:30:53
14495,2005-08-21 14:04:39,3215,429,2005-08-22 16:53:39,2,2006-02-16 02:30:53
14496,2005-08-21 14:07:35,2185,223,2005-08-24 12:31:35,1,2006-02-16 02:30:53
14497,2005-08-21 14:09:47,3240,254,2005-08-22 11:10:47,2,2006-02-16 02:30:53
14498,2005-08-21 14:10:44,3971,544,2005-08-23 08:29:44,1,2006-02-16 02:30:53
14499,2005-08-21 14:11:19,4109,292,2005-08-23 16:10:19,2,2006-02-16 02:30:53
14500,2005-08-21 14:11:30,2024,451,2005-08-27 12:19:30,1,2006-02-16 02:30:53
14501,2005-08-21 14:14:38,3588,576,2005-08-25 17:58:38,1,2006-02-16 02:30:53
14502,2005-08-21 14:22:28,2986,378,2005-08-23 10:40:28,1,2006-02-16 02:30:53
14503,2006-02-14 15:16:03,2144,188,,1,2006-02-16 02:30:53
14504,2005-08-21 14:23:01,4536,312,2005-08-27 13:56:01,1,2006-02-16 02:30:53
14505,2005-08-21 14:26:28,2172,203,2005-08-29 17:34:28,1,2006-02-16 02:30:53
14506,2005-08-21 14:32:27,4493,537,2005-08-24 19:02:27,2,2006-02-16 02:30:53
14507,2005-08-21 14:32:45,1969,175,2005-08-28 09:50:45,2,2006-02-16 02:30:53
14508,2005-08-21 14:33:58,703,396,2005-08-27 10:45:58,2,2006-02-16 02:30:53
14509,2005-08-21 14:39:58,541,520,2005-08-26 13:19:58,1,2006-02-16 02:30:53
14510,2005-08-21 14:44:41,1868,547,2005-08-30 20:19:41,1,2006-02-16 02:30:53
14511,2005-08-21 14:45:34,4452,16,2005-08-28 10:36:34,2,2006-02-16 02:30:53
14512,2005-08-21 14:47:09,579,51,2005-08-24 18:10:09,2,2006-02-16 02:30:53
14513,2005-08-21 14:51:35,4265,185,2005-08-24 13:24:35,2,2006-02-16 02:30:53
14514,2005-08-21 14:51:52,1259,295,2005-08-30 10:40:52,2,2006-02-16 02:30:53
14515,2005-08-21 14:52:14,2215,242,2005-08-27 10:27:14,1,2006-02-16 02:30:53
14516,2006-02-14 15:16:03,713,457,,2,2006-02-16 02:30:53
14517,2005-08-21 14:57:03,3568,311,2005-08-24 13:52:03,2,2006-02-16 02:30:53
14518,2005-08-21 14:58:58,2734,82,2005-08-24 13:19:58,2,2006-02-16 02:30:53
14519,2005-08-21 14:59:29,1541,403,2005-08-22 11:48:29,2,2006-02-16 02:30:53
14520,2005-08-21 15:00:49,4533,150,2005-08-30 19:04:49,1,2006-02-16 02:30:53
14521,2005-08-21 15:01:32,1538,200,2005-08-28 19:12:32,1,2006-02-16 02:30:53
14522,2005-08-21 15:01:34,2101,535,2005-08-25 16:37:34,1,2006-02-16 02:30:53
14523,2005-08-21 15:03:45,345,433,2005-08-22 18:06:45,2,2006-02-16 02:30:53
14524,2005-08-21 15:05:27,4409,374,2005-08-29 12:07:27,2,2006-02-16 02:30:53
14525,2005-08-21 15:06:49,3020,420,2005-08-22 16:30:49,1,2006-02-16 02:30:53
14526,2006-02-14 15:16:03,1799,534,,1,2006-02-16 02:30:53
14527,2005-08-21 15:07:42,3496,232,2005-08-23 12:31:42,1,2006-02-16 02:30:53
14528,2005-08-21 15:08:05,4305,46,2005-08-26 15:58:05,2,2006-02-16 02:30:53
14529,2005-08-21 15:08:31,1774,380,2005-08-29 17:15:31,1,2006-02-16 02:30:53
14530,2005-08-21 15:10:50,1905,77,2005-08-26 09:20:50,2,2006-02-16 02:30:53
14531,2006-02-14 15:16:03,4296,568,,2,2006-02-16 02:30:53
14532,2005-08-21 15:15:03,2057,37,2005-08-25 17:41:03,2,2006-02-16 02:30:53
14533,2005-08-21 15:15:19,2202,586,2005-08-26 12:47:19,1,2006-02-16 02:30:53
14534,2005-08-21 15:16:29,2514,56,2005-08-26 16:18:29,1,2006-02-16 02:30:53
14535,2005-08-21 15:22:37,530,412,2005-08-29 19:23:37,2,2006-02-16 02:30:53
14536,2005-08-21 15:22:50,2615,48,2005-08-27 17:03:50,1,2006-02-16 02:30:53
14537,2005-08-21 15:24:24,3755,405,2005-08-23 17:14:24,2,2006-02-16 02:30:53
14538,2005-08-21 15:28:15,3348,471,2005-08-22 19:55:15,2,2006-02-16 02:30:53
14539,2005-08-21 15:29:47,3340,41,2005-08-28 19:01:47,1,2006-02-16 02:30:53
14540,2005-08-21 15:34:23,2362,28,2005-08-27 11:51:23,2,2006-02-16 02:30:53
14541,2005-08-21 15:34:32,1275,576,2005-08-25 13:18:32,1,2006-02-16 02:30:53
14542,2005-08-21 15:36:34,1247,101,2005-08-27 20:24:34,2,2006-02-16 02:30:53
14543,2005-08-21 15:39:01,709,579,2005-08-28 09:47:01,1,2006-02-16 02:30:53
14544,2005-08-21 15:41:01,2445,589,2005-08-24 15:20:01,1,2006-02-16 02:30:53
14545,2005-08-21 15:44:23,2459,13,2005-08-29 20:09:23,2,2006-02-16 02:30:53
14546,2005-08-21 15:50:50,1515,466,2005-08-23 11:37:50,2,2006-02-16 02:30:53
14547,2005-08-21 15:51:38,1172,265,2005-08-26 15:35:38,1,2006-02-16 02:30:53
14548,2005-08-21 15:53:52,226,299,2005-08-25 15:39:52,2,2006-02-16 02:30:53
14549,2005-08-21 15:54:21,4117,155,2005-08-22 17:22:21,1,2006-02-16 02:30:53
14550,2005-08-21 15:56:39,2814,473,2005-08-23 21:40:39,1,2006-02-16 02:30:53
14551,2005-08-21 15:57:25,496,521,2005-08-28 11:10:25,2,2006-02-16 02:30:53
14552,2005-08-21 15:59:27,1991,477,2005-08-27 11:46:27,1,2006-02-16 02:30:53
14553,2005-08-21 15:59:40,3160,434,2005-08-23 11:54:40,2,2006-02-16 02:30:53
14554,2005-08-21 16:03:01,31,38,2005-08-26 13:09:01,2,2006-02-16 02:30:53
14555,2005-08-21 16:03:02,1926,440,2005-08-23 14:18:02,1,2006-02-16 02:30:53
14556,2005-08-21 16:03:27,475,265,2005-08-29 15:49:27,1,2006-02-16 02:30:53
14557,2005-08-21 16:05:11,483,490,2005-08-27 16:37:11,1,2006-02-16 02:30:53
14558,2005-08-21 16:10:50,3958,273,2005-08-28 16:36:50,2,2006-02-16 02:30:53
14559,2005-08-21 16:11:35,3842,433,2005-08-30 15:26:35,1,2006-02-16 02:30:53
14560,2005-08-21 16:13:47,1616,579,2005-08-26 15:19:47,1,2006-02-16 02:30:53
14561,2005-08-21 16:20:43,2498,443,2005-08-27 16:48:43,1,2006-02-16 02:30:53
14562,2005-08-21 16:22:59,3501,107,2005-08-22 21:15:59,1,2006-02-16 02:30:53
14563,2005-08-21 16:23:53,3984,212,2005-08-25 11:30:53,2,2006-02-16 02:30:53
14564,2005-08-21 16:24:43,3250,22,2005-08-26 16:58:43,1,2006-02-16 02:30:53
14565,2005-08-21 16:24:45,4160,250,2005-08-25 14:42:45,1,2006-02-16 02:30:53
14566,2005-08-21 16:25:05,84,87,2005-08-26 10:31:05,1,2006-02-16 02:30:53
14567,2005-08-21 16:27:25,3805,214,2005-08-26 10:47:25,1,2006-02-16 02:30:53
14568,2005-08-21 16:30:48,3331,582,2005-08-22 13:49:48,1,2006-02-16 02:30:53
14569,2005-08-21 16:31:22,884,15,2005-08-25 21:27:22,2,2006-02-16 02:30:53
14570,2005-08-21 16:32:32,955,32,2005-08-30 12:03:32,2,2006-02-16 02:30:53
14571,2005-08-21 16:40:26,2218,296,2005-08-29 17:10:26,1,2006-02-16 02:30:53
14572,2005-08-21 16:44:31,1397,538,2005-08-26 16:35:31,2,2006-02-16 02:30:53
14573,2005-08-21 16:44:32,2423,240,2005-08-23 14:01:32,2,2006-02-16 02:30:53
14574,2005-08-21 16:50:34,1611,62,2005-08-26 14:24:34,2,2006-02-16 02:30:53
14575,2005-08-21 16:51:34,3752,159,2005-08-30 20:13:34,2,2006-02-16 02:30:53
14576,2005-08-21 16:52:03,1189,45,2005-08-28 19:43:03,2,2006-02-16 02:30:53
14577,2005-08-21 16:52:29,1965,126,2005-08-26 12:30:29,1,2006-02-16 02:30:53
14578,2005-08-21 16:53:38,3141,389,2005-08-28 20:36:38,2,2006-02-16 02:30:53
14579,2005-08-21 16:54:47,1205,260,2005-08-28 12:35:47,1,2006-02-16 02:30:53
14580,2005-08-21 16:56:39,1440,448,2005-08-28 15:25:39,1,2006-02-16 02:30:53
14581,2005-08-21 17:07:08,751,243,2005-08-26 16:02:08,1,2006-02-16 02:30:53
14582,2005-08-21 17:08:33,1004,438,2005-08-29 18:04:33,2,2006-02-16 02:30:53
14583,2005-08-21 17:11:47,1203,455,2005-08-24 16:16:47,2,2006-02-16 02:30:53
14584,2005-08-21 17:15:33,2617,481,2005-08-24 20:24:33,2,2006-02-16 02:30:53
14585,2005-08-21 17:18:33,82,30,2005-08-26 11:36:33,1,2006-02-16 02:30:53
14586,2005-08-21 17:19:09,3094,182,2005-08-26 17:00:09,1,2006-02-16 02:30:53
14587,2005-08-21 17:20:55,2329,250,2005-08-26 17:17:55,1,2006-02-16 02:30:53
14588,2005-08-21 17:25:53,1350,219,2005-08-28 21:47:53,2,2006-02-16 02:30:53
14589,2005-08-21 17:28:55,2810,179,2005-08-22 23:06:55,1,2006-02-16 02:30:53
14590,2005-08-21 17:29:10,2633,526,2005-08-28 20:15:10,1,2006-02-16 02:30:53
14591,2005-08-21 17:30:09,3410,538,2005-08-24 12:27:09,1,2006-02-16 02:30:53
14592,2005-08-21 17:30:17,2681,563,2005-08-22 20:06:17,2,2006-02-16 02:30:53
14593,2005-08-21 17:33:18,1399,564,2005-08-24 22:11:18,1,2006-02-16 02:30:53
14594,2005-08-21 17:34:24,2978,62,2005-08-26 22:04:24,2,2006-02-16 02:30:53
14595,2005-08-21 17:35:17,1879,118,2005-08-27 12:11:17,1,2006-02-16 02:30:53
14596,2005-08-21 17:38:37,2010,472,2005-08-30 20:28:37,1,2006-02-16 02:30:53
14597,2005-08-21 17:39:41,1160,472,2005-08-25 14:07:41,1,2006-02-16 02:30:53
14598,2005-08-21 17:40:05,1113,359,2005-08-29 18:16:05,2,2006-02-16 02:30:53
14599,2005-08-21 17:43:42,4575,599,2005-08-22 18:53:42,1,2006-02-16 02:30:53
14600,2005-08-21 17:45:21,3532,255,2005-08-28 19:03:21,1,2006-02-16 02:30:53
14601,2005-08-21 17:45:52,548,406,2005-08-29 15:10:52,1,2006-02-16 02:30:53
14602,2005-08-21 17:48:49,3771,370,2005-08-28 21:38:49,1,2006-02-16 02:30:53
14603,2005-08-21 17:51:06,94,26,2005-08-28 15:36:06,1,2006-02-16 02:30:53
14604,2006-02-14 15:16:03,1024,585,,2,2006-02-16 02:30:53
14605,2005-08-21 17:56:06,476,394,2005-08-24 18:35:06,1,2006-02-16 02:30:53
14606,2006-02-14 15:16:03,2291,592,,2,2006-02-16 02:30:53
14607,2005-08-21 17:56:50,4518,417,2005-08-22 17:44:50,2,2006-02-16 02:30:53
14608,2005-08-21 17:57:22,3321,90,2005-08-25 13:20:22,1,2006-02-16 02:30:53
14609,2005-08-21 17:57:26,1206,551,2005-08-25 14:04:26,2,2006-02-16 02:30:53
14610,2005-08-21 17:59:09,1894,260,2005-08-29 21:36:09,2,2006-02-16 02:30:53
14611,2005-08-21 18:01:41,4078,443,2005-08-26 12:34:41,1,2006-02-16 02:30:53
14612,2005-08-21 18:03:15,4105,445,2005-08-27 13:39:15,1,2006-02-16 02:30:53
14613,2005-08-21 18:03:20,3841,20,2005-08-26 19:46:20,1,2006-02-16 02:30:53
14614,2005-08-21 18:03:51,3053,468,2005-08-30 13:37:51,1,2006-02-16 02:30:53
14615,2005-08-21 18:06:32,2332,171,2005-08-30 13:19:32,2,2006-02-16 02:30:53
14616,2006-02-14 15:16:03,4537,532,,1,2006-02-16 02:30:53
14617,2005-08-21 18:07:40,3562,51,2005-08-24 23:48:40,2,2006-02-16 02:30:53
14618,2005-08-21 18:09:51,4490,270,2005-08-28 22:47:51,1,2006-02-16 02:30:53
14619,2005-08-21 18:10:03,1589,338,2005-08-23 13:40:03,2,2006-02-16 02:30:53
14620,2005-08-21 18:10:43,3272,78,2005-08-22 15:19:43,2,2006-02-16 02:30:53
14621,2005-08-21 18:17:59,3622,344,2005-08-23 14:16:59,1,2006-02-16 02:30:53
14622,2005-08-21 18:25:59,2702,559,2005-08-31 00:11:59,2,2006-02-16 02:30:53
14623,2005-08-21 18:29:13,901,33,2005-08-26 20:48:13,2,2006-02-16 02:30:53
14624,2005-08-21 18:32:42,4,344,2005-08-23 21:09:42,1,2006-02-16 02:30:53
14625,2005-08-21 18:34:21,2661,507,2005-08-29 21:41:21,1,2006-02-16 02:30:53
14626,2005-08-21 18:35:44,1038,554,2005-08-25 23:54:44,2,2006-02-16 02:30:53
14627,2005-08-21 18:35:54,2470,49,2005-08-30 21:17:54,1,2006-02-16 02:30:53
14628,2005-08-21 18:37:24,3636,331,2005-08-27 20:25:24,2,2006-02-16 02:30:53
14629,2005-08-21 18:39:52,761,148,2005-08-25 19:14:52,2,2006-02-16 02:30:53
14630,2005-08-21 18:43:44,4049,294,2005-08-29 17:08:44,2,2006-02-16 02:30:53
14631,2005-08-21 18:47:49,782,209,2005-08-28 16:54:49,1,2006-02-16 02:30:53
14632,2005-08-21 18:48:06,2807,38,2005-08-25 00:33:06,2,2006-02-16 02:30:53
14633,2005-08-21 18:51:10,2137,551,2005-08-25 13:07:10,1,2006-02-16 02:30:53
14634,2005-08-21 18:51:28,486,494,2005-08-29 19:30:28,2,2006-02-16 02:30:53
14635,2005-08-21 18:51:43,2171,108,2005-08-27 16:30:43,2,2006-02-16 02:30:53
14636,2005-08-21 18:59:17,1671,339,2005-08-23 13:19:17,2,2006-02-16 02:30:53
14637,2005-08-21 19:01:00,1846,76,2005-08-26 23:03:00,2,2006-02-16 02:30:53
14638,2005-08-21 19:01:36,3583,216,2005-08-22 15:09:36,2,2006-02-16 02:30:53
14639,2005-08-21 19:01:39,3510,210,2005-08-26 14:08:39,1,2006-02-16 02:30:53
14640,2005-08-21 19:03:19,1880,253,2005-08-27 00:37:19,2,2006-02-16 02:30:53
14641,2005-08-21 19:05:23,2205,147,2005-08-22 22:30:23,2,2006-02-16 02:30:53
14642,2005-08-21 19:09:40,1280,81,2005-08-30 13:25:40,2,2006-02-16 02:30:53
14643,2005-08-21 19:11:58,798,119,2005-08-29 19:52:58,1,2006-02-16 02:30:53
14644,2005-08-21 19:12:12,3905,453,2005-08-29 17:08:12,1,2006-02-16 02:30:53
14645,2005-08-21 19:12:47,2369,334,2005-08-25 21:42:47,1,2006-02-16 02:30:53
14646,2005-08-21 19:14:48,948,186,2005-08-23 17:15:48,1,2006-02-16 02:30:53
14647,2005-08-21 19:15:33,3854,36,2005-08-30 18:58:33,2,2006-02-16 02:30:53
14648,2005-08-21 19:18:01,2250,284,2005-08-25 14:59:01,2,2006-02-16 02:30:53
14649,2005-08-21 19:19:21,4074,43,2005-08-22 17:23:21,1,2006-02-16 02:30:53
14650,2005-08-21 19:24:51,1274,190,2005-08-25 13:58:51,2,2006-02-16 02:30:53
14651,2005-08-21 19:31:09,4037,544,2005-08-28 14:26:09,2,2006-02-16 02:30:53
14652,2005-08-21 19:32:05,4163,453,2005-08-23 23:33:05,2,2006-02-16 02:30:53
14653,2005-08-21 19:35:59,491,593,2005-08-24 15:31:59,1,2006-02-16 02:30:53
14654,2005-08-21 19:36:59,687,173,2005-08-23 22:03:59,2,2006-02-16 02:30:53
14655,2005-08-21 19:37:10,785,253,2005-08-22 15:43:10,1,2006-02-16 02:30:53
14656,2005-08-21 19:39:28,4205,201,2005-08-24 01:36:28,2,2006-02-16 02:30:53
14657,2005-08-21 19:39:43,477,244,2005-08-26 22:39:43,2,2006-02-16 02:30:53
14658,2005-08-21 19:41:50,1465,473,2005-08-25 16:11:50,1,2006-02-16 02:30:53
14659,2005-08-21 19:42:36,928,119,2005-08-26 14:06:36,1,2006-02-16 02:30:53
14660,2005-08-21 19:43:21,3433,452,2005-08-22 20:42:21,1,2006-02-16 02:30:53
14661,2005-08-21 19:44:21,745,469,2005-08-27 14:35:21,1,2006-02-16 02:30:53
14662,2005-08-21 19:45:27,2969,403,2005-08-23 14:44:27,2,2006-02-16 02:30:53
14663,2005-08-21 19:47:55,2351,150,2005-08-27 17:36:55,2,2006-02-16 02:30:53
14664,2005-08-21 19:48:47,4377,153,2005-08-27 16:47:47,1,2006-02-16 02:30:53
14665,2005-08-21 19:49:46,2896,58,2005-08-30 18:00:46,1,2006-02-16 02:30:53
14666,2005-08-21 19:51:09,2560,122,2005-08-30 22:42:09,2,2006-02-16 02:30:53
14667,2005-08-21 19:51:11,2608,55,2005-08-23 17:37:11,1,2006-02-16 02:30:53
14668,2005-08-21 19:51:30,1450,152,2005-08-29 19:38:30,2,2006-02-16 02:30:53
14669,2005-08-21 19:54:06,3154,317,2005-08-25 23:12:06,1,2006-02-16 02:30:53
14670,2005-08-21 19:54:11,4324,537,2005-08-27 21:42:11,2,2006-02-16 02:30:53
14671,2005-08-21 19:59:30,2622,53,2005-08-22 19:39:30,1,2006-02-16 02:30:53
14672,2005-08-21 19:59:33,4144,325,2005-08-30 19:40:33,1,2006-02-16 02:30:53
14673,2005-08-21 20:01:18,1827,445,2005-08-25 18:55:18,1,2006-02-16 02:30:53
14674,2005-08-21 20:01:34,572,300,2005-08-27 18:33:34,1,2006-02-16 02:30:53
14675,2005-08-21 20:01:51,328,170,2005-08-26 14:30:51,2,2006-02-16 02:30:53
14676,2005-08-21 20:02:18,877,49,2005-08-26 21:55:18,1,2006-02-16 02:30:53
14677,2005-08-21 20:12:30,4411,26,2005-08-28 15:11:30,1,2006-02-16 02:30:53
14678,2005-08-21 20:12:43,1911,383,2005-08-31 02:11:43,2,2006-02-16 02:30:53
14679,2005-08-21 20:14:58,1520,193,2005-08-23 23:39:58,1,2006-02-16 02:30:53
14680,2005-08-21 20:19:52,4469,524,2005-08-28 17:10:52,1,2006-02-16 02:30:53
14681,2005-08-21 20:25:13,1083,212,2005-08-30 19:48:13,1,2006-02-16 02:30:53
14682,2005-08-21 20:25:57,2974,314,2005-08-28 00:42:57,2,2006-02-16 02:30:53
14683,2005-08-21 20:27:44,3850,342,2005-08-29 16:54:44,1,2006-02-16 02:30:53
14684,2005-08-21 20:28:26,3593,369,2005-08-28 19:01:26,2,2006-02-16 02:30:53
14685,2005-08-21 20:31:25,1320,69,2005-08-22 21:02:25,1,2006-02-16 02:30:53
14686,2005-08-21 20:32:08,814,34,2005-08-26 18:07:08,1,2006-02-16 02:30:53
14687,2005-08-21 20:32:16,306,550,2005-08-26 16:17:16,2,2006-02-16 02:30:53
14688,2005-08-21 20:32:37,2573,219,2005-08-27 00:06:37,2,2006-02-16 02:30:53
14689,2005-08-21 20:33:00,1124,463,2005-08-22 18:10:00,1,2006-02-16 02:30:53
14690,2005-08-21 20:42:25,3649,456,2005-08-29 18:42:25,2,2006-02-16 02:30:53
14691,2005-08-21 20:42:29,2131,404,2005-08-24 01:22:29,1,2006-02-16 02:30:53
14692,2005-08-21 20:43:21,1908,192,2005-08-28 19:02:21,1,2006-02-16 02:30:53
14693,2005-08-21 20:44:19,3454,269,2005-08-29 00:37:19,2,2006-02-16 02:30:53
14694,2005-08-21 20:46:42,2767,363,2005-08-23 16:18:42,1,2006-02-16 02:30:53
14695,2005-08-21 20:46:47,412,206,2005-08-22 22:25:47,2,2006-02-16 02:30:53
14696,2005-08-21 20:48:05,3776,435,2005-08-25 14:55:05,1,2006-02-16 02:30:53
14697,2005-08-21 20:49:21,48,409,2005-08-26 01:39:21,2,2006-02-16 02:30:53
14698,2005-08-21 20:49:58,4255,196,2005-08-29 20:13:58,2,2006-02-16 02:30:53
14699,2005-08-21 20:50:48,1427,3,2005-08-29 18:08:48,2,2006-02-16 02:30:53
14700,2005-08-21 20:53:40,3446,360,2005-08-23 22:01:40,1,2006-02-16 02:30:53
14701,2005-08-21 20:54:32,3034,34,2005-08-30 16:46:32,1,2006-02-16 02:30:53
14702,2005-08-21 21:00:03,4096,345,2005-08-30 16:59:03,1,2006-02-16 02:30:53
14703,2005-08-21 21:01:19,4329,29,2005-08-22 15:13:19,2,2006-02-16 02:30:53
14704,2005-08-21 21:02:22,4062,248,2005-08-27 23:10:22,2,2006-02-16 02:30:53
14705,2005-08-21 21:02:55,2493,243,2005-08-25 20:20:55,2,2006-02-16 02:30:53
14706,2005-08-21 21:04:42,4494,589,2005-08-22 19:55:42,2,2006-02-16 02:30:53
14707,2005-08-21 21:06:29,2916,530,2005-08-30 23:37:29,1,2006-02-16 02:30:53
14708,2005-08-21 21:07:23,2828,226,2005-08-28 15:47:23,1,2006-02-16 02:30:53
14709,2005-08-21 21:07:59,1856,300,2005-08-31 02:19:59,1,2006-02-16 02:30:53
14710,2005-08-21 21:15:23,1922,587,2005-08-30 19:45:23,1,2006-02-16 02:30:53
14711,2005-08-21 21:22:07,1973,448,2005-08-30 16:24:07,2,2006-02-16 02:30:53
14712,2005-08-21 21:22:56,1198,226,2005-08-25 01:53:56,1,2006-02-16 02:30:53
14713,2005-08-21 21:27:24,3350,148,2005-08-23 20:26:24,1,2006-02-16 02:30:53
14714,2005-08-21 21:27:43,1,279,2005-08-30 22:26:43,1,2006-02-16 02:30:53
14715,2005-08-21 21:28:18,4453,287,2005-08-26 22:13:18,2,2006-02-16 02:30:53
14716,2005-08-21 21:29:55,2285,78,2005-08-23 18:34:55,2,2006-02-16 02:30:53
14717,2005-08-21 21:30:39,3839,366,2005-08-26 16:58:39,2,2006-02-16 02:30:53
14718,2005-08-21 21:39:25,3618,340,2005-08-26 22:07:25,2,2006-02-16 02:30:53
14719,2005-08-21 21:41:57,4091,599,2005-08-25 20:37:57,1,2006-02-16 02:30:53
14720,2005-08-21 21:43:53,3617,395,2005-08-25 18:21:53,1,2006-02-16 02:30:53
14721,2005-08-21 21:50:51,4257,349,2005-08-30 19:21:51,1,2006-02-16 02:30:53
14722,2005-08-21 21:50:53,2930,236,2005-08-30 03:13:53,1,2006-02-16 02:30:53
14723,2005-08-21 21:52:32,2755,548,2005-08-31 00:03:32,2,2006-02-16 02:30:53
14724,2005-08-21 21:53:47,3559,552,2005-08-23 20:14:47,2,2006-02-16 02:30:53
14725,2005-08-21 22:02:08,4427,403,2005-08-23 03:59:08,2,2006-02-16 02:30:53
14726,2005-08-21 22:08:52,4556,216,2005-08-22 18:28:52,1,2006-02-16 02:30:53
14727,2005-08-21 22:12:45,650,275,2005-08-25 00:46:45,1,2006-02-16 02:30:53
14728,2005-08-21 22:15:36,2671,474,2005-08-25 17:14:36,2,2006-02-16 02:30:53
14729,2005-08-21 22:16:57,2483,289,2005-08-27 21:32:57,1,2006-02-16 02:30:53
14730,2005-08-21 22:21:11,2949,439,2005-08-30 03:02:11,1,2006-02-16 02:30:53
14731,2005-08-21 22:21:49,1351,154,2005-08-24 16:27:49,1,2006-02-16 02:30:53
14732,2005-08-21 22:22:29,1915,482,2005-08-23 18:34:29,1,2006-02-16 02:30:53
14733,2005-08-21 22:22:33,398,408,2005-08-26 21:01:33,1,2006-02-16 02:30:53
14734,2006-02-14 15:16:03,1369,448,,2,2006-02-16 02:30:53
14735,2005-08-21 22:25:09,950,35,2005-08-23 21:16:09,1,2006-02-16 02:30:53
14736,2005-08-21 22:25:53,207,139,2005-08-25 19:01:53,2,2006-02-16 02:30:53
14737,2005-08-21 22:27:11,1842,124,2005-08-25 18:51:11,2,2006-02-16 02:30:53
14738,2005-08-21 22:29:13,3315,521,2005-08-29 21:19:13,1,2006-02-16 02:30:53
14739,2005-08-21 22:33:22,4026,226,2005-08-22 19:45:22,1,2006-02-16 02:30:53
14740,2005-08-21 22:35:33,1717,333,2005-08-26 17:49:33,1,2006-02-16 02:30:53
14741,2006-02-14 15:16:03,612,60,,2,2006-02-16 02:30:53
14742,2005-08-21 22:39:01,2988,421,2005-08-26 00:17:01,1,2006-02-16 02:30:53
14743,2005-08-21 22:41:56,4570,2,2005-08-29 00:18:56,1,2006-02-16 02:30:53
14744,2005-08-21 22:45:21,800,213,2005-08-29 23:57:21,1,2006-02-16 02:30:53
14745,2005-08-21 22:53:01,4399,277,2005-08-23 23:22:01,1,2006-02-16 02:30:53
14746,2005-08-21 22:54:02,3197,284,2005-08-27 17:04:02,2,2006-02-16 02:30:53
14747,2005-08-21 23:00:02,201,153,2005-08-26 18:58:02,2,2006-02-16 02:30:53
14748,2005-08-21 23:02:02,1697,81,2005-08-28 05:01:02,2,2006-02-16 02:30:53
14749,2005-08-21 23:08:33,831,235,2005-08-29 20:46:33,2,2006-02-16 02:30:53
14750,2005-08-21 23:09:32,918,303,2005-08-30 00:46:32,2,2006-02-16 02:30:53
14751,2005-08-21 23:11:23,1156,195,2005-08-30 20:01:23,2,2006-02-16 02:30:53
14752,2005-08-21 23:11:42,1252,362,2005-08-28 22:12:42,1,2006-02-16 02:30:53
14753,2005-08-21 23:11:43,1803,155,2005-08-22 22:25:43,2,2006-02-16 02:30:53
14754,2005-08-21 23:17:26,2355,137,2005-08-29 18:55:26,2,2006-02-16 02:30:53
14755,2005-08-21 23:18:08,862,328,2005-08-27 01:06:08,2,2006-02-16 02:30:53
14756,2005-08-21 23:21:23,564,288,2005-08-24 01:44:23,1,2006-02-16 02:30:53
14757,2005-08-21 23:23:37,1154,473,2005-08-26 23:24:37,2,2006-02-16 02:30:53
14758,2005-08-21 23:24:52,2372,339,2005-08-27 04:25:52,2,2006-02-16 02:30:53
14759,2005-08-21 23:28:58,3871,362,2005-08-31 00:35:58,2,2006-02-16 02:30:53
14760,2006-02-14 15:16:03,1367,355,,1,2006-02-16 02:30:53
14761,2005-08-21 23:30:28,2657,490,2005-08-26 03:26:28,1,2006-02-16 02:30:53
14762,2005-08-21 23:33:57,4249,1,2005-08-23 01:30:57,1,2006-02-16 02:30:53
14763,2005-08-21 23:34:00,1480,116,2005-08-31 03:58:00,2,2006-02-16 02:30:53
14764,2005-08-21 23:37:47,1270,529,2005-08-24 00:23:47,2,2006-02-16 02:30:53
14765,2005-08-21 23:40:28,2817,435,2005-08-25 04:55:28,2,2006-02-16 02:30:53
14766,2005-08-21 23:42:20,768,523,2005-08-26 03:46:20,1,2006-02-16 02:30:53
14767,2005-08-21 23:43:00,1232,69,2005-08-29 05:26:00,1,2006-02-16 02:30:53
14768,2005-08-21 23:44:53,3465,570,2005-08-27 20:33:53,1,2006-02-16 02:30:53
14769,2006-02-14 15:16:03,1800,361,,1,2006-02-16 02:30:53
14770,2005-08-21 23:47:16,2977,372,2005-08-25 04:48:16,1,2006-02-16 02:30:53
14771,2005-08-21 23:50:15,2665,149,2005-08-28 22:55:15,2,2006-02-16 02:30:53
14772,2005-08-21 23:50:39,4047,411,2005-08-30 20:44:39,2,2006-02-16 02:30:53
14773,2005-08-21 23:50:57,2541,413,2005-08-26 04:45:57,2,2006-02-16 02:30:53
14774,2005-08-21 23:52:32,3185,252,2005-08-26 23:42:32,2,2006-02-16 02:30:53
14775,2005-08-21 23:53:07,4044,400,2005-08-22 18:07:07,2,2006-02-16 02:30:53
14776,2005-08-21 23:53:35,3488,15,2005-08-24 02:00:35,2,2006-02-16 02:30:53
14777,2005-08-21 23:55:50,237,389,2005-08-28 04:31:50,1,2006-02-16 02:30:53
14778,2005-08-21 23:56:30,2152,396,2005-08-26 00:07:30,2,2006-02-16 02:30:53
14779,2005-08-22 00:00:56,1087,279,2005-08-31 00:01:56,2,2006-02-16 02:30:53
14780,2005-08-22 00:06:33,3171,491,2005-08-22 22:02:33,2,2006-02-16 02:30:53
14781,2005-08-22 00:15:12,3458,71,2005-08-29 21:02:12,1,2006-02-16 02:30:53
14782,2005-08-22 00:17:20,1727,211,2005-08-23 01:24:20,1,2006-02-16 02:30:53
14783,2005-08-22 00:21:57,3419,332,2005-08-28 01:27:57,2,2006-02-16 02:30:53
14784,2005-08-22 00:23:13,441,117,2005-08-28 03:42:13,1,2006-02-16 02:30:53
14785,2005-08-22 00:24:37,1981,560,2005-08-25 04:15:37,1,2006-02-16 02:30:53
14786,2005-08-22 00:24:42,2959,370,2005-08-25 19:36:42,1,2006-02-16 02:30:53
14787,2005-08-22 00:25:59,2634,38,2005-08-28 22:30:59,2,2006-02-16 02:30:53
14788,2005-08-22 00:27:59,1917,139,2005-08-29 23:54:59,2,2006-02-16 02:30:53
14789,2005-08-22 00:29:39,2344,279,2005-08-25 02:25:39,1,2006-02-16 02:30:53
14790,2005-08-22 00:34:17,1002,397,2005-08-31 02:27:17,1,2006-02-16 02:30:53
14791,2005-08-22 00:35:55,1490,317,2005-08-30 20:23:55,1,2006-02-16 02:30:53
14792,2005-08-22 00:36:41,4436,396,2005-08-30 18:58:41,1,2006-02-16 02:30:53
14793,2005-08-22 00:37:57,4285,154,2005-08-29 05:44:57,2,2006-02-16 02:30:53
14794,2005-08-22 00:39:31,413,156,2005-08-28 20:08:31,2,2006-02-16 02:30:53
14795,2005-08-22 00:40:22,1695,303,2005-08-26 01:37:22,1,2006-02-16 02:30:53
14796,2005-08-22 00:40:49,941,441,2005-08-30 03:59:49,1,2006-02-16 02:30:53
14797,2005-08-22 00:41:24,1131,546,2005-08-23 18:51:24,1,2006-02-16 02:30:53
14798,2005-08-22 00:44:08,7,92,2005-08-27 02:18:08,2,2006-02-16 02:30:53
14799,2005-08-22 00:44:57,1276,454,2005-08-24 20:08:57,2,2006-02-16 02:30:53
14800,2005-08-22 00:46:18,3554,533,2005-08-26 01:44:18,2,2006-02-16 02:30:53
14801,2005-08-22 00:46:54,1677,184,2005-08-30 19:03:54,1,2006-02-16 02:30:53
14802,2005-08-22 00:48:23,707,505,2005-08-28 01:02:23,1,2006-02-16 02:30:53
14803,2005-08-22 00:49:10,2525,278,2005-08-22 23:44:10,2,2006-02-16 02:30:53
14804,2005-08-22 00:51:25,372,94,2005-08-26 21:15:25,1,2006-02-16 02:30:53
14805,2005-08-22 00:52:01,783,169,2005-08-23 03:28:01,2,2006-02-16 02:30:53
14806,2005-08-22 00:53:08,2049,231,2005-08-23 06:26:08,2,2006-02-16 02:30:53
14807,2005-08-22 00:57:43,335,90,2005-08-26 23:40:43,1,2006-02-16 02:30:53
14808,2005-08-22 00:58:35,1657,362,2005-08-29 20:16:35,2,2006-02-16 02:30:53
14809,2005-08-22 01:00:42,1077,188,2005-08-29 19:55:42,1,2006-02-16 02:30:53
14810,2005-08-22 01:08:34,1982,78,2005-08-25 07:00:34,2,2006-02-16 02:30:53
14811,2005-08-22 01:09:04,1613,53,2005-08-26 19:30:04,1,2006-02-16 02:30:53
14812,2005-08-22 01:10:32,4282,211,2005-08-26 05:21:32,1,2006-02-16 02:30:53
14813,2005-08-22 01:11:37,3364,142,2005-08-24 05:57:37,2,2006-02-16 02:30:53
14814,2005-08-22 01:12:14,3109,250,2005-08-27 23:24:14,2,2006-02-16 02:30:53
14815,2005-08-22 01:12:44,1183,314,2005-08-24 01:42:44,2,2006-02-16 02:30:53
14816,2005-08-22 01:15:51,4086,534,2005-08-28 04:11:51,1,2006-02-16 02:30:53
14817,2005-08-22 01:17:16,910,215,2005-08-27 02:43:16,1,2006-02-16 02:30:53
14818,2005-08-22 01:17:18,1619,580,2005-08-26 05:40:18,1,2006-02-16 02:30:53
14819,2005-08-22 01:17:19,2890,410,2005-08-30 05:54:19,1,2006-02-16 02:30:53
14820,2005-08-22 01:18:37,1409,52,2005-08-23 19:44:37,1,2006-02-16 02:30:53
14821,2005-08-22 01:20:19,3155,62,2005-08-29 03:06:19,2,2006-02-16 02:30:53
14822,2005-08-22 01:21:14,2835,52,2005-08-30 03:59:14,1,2006-02-16 02:30:53
14823,2005-08-22 01:24:42,680,503,2005-08-22 19:45:42,2,2006-02-16 02:30:53
14824,2005-08-22 01:27:51,4162,594,2005-08-23 03:24:51,2,2006-02-16 02:30:53
14825,2005-08-22 01:27:57,1449,1,2005-08-27 07:01:57,2,2006-02-16 02:30:53
14826,2005-08-22 01:32:14,4023,426,2005-08-23 03:52:14,2,2006-02-16 02:30:53
14827,2005-08-22 01:32:32,2267,88,2005-08-31 06:21:32,2,2006-02-16 02:30:53
14828,2005-08-22 01:34:05,4114,319,2005-08-27 06:27:05,2,2006-02-16 02:30:53
14829,2005-08-22 01:35:37,3606,546,2005-08-23 19:55:37,2,2006-02-16 02:30:53
14830,2005-08-22 01:37:19,637,590,2005-08-27 20:10:19,1,2006-02-16 02:30:53
14831,2005-08-22 01:40:49,3370,156,2005-08-23 02:47:49,1,2006-02-16 02:30:53
14832,2005-08-22 01:43:29,1828,494,2005-08-29 07:19:29,2,2006-02-16 02:30:53
14833,2005-08-22 01:45:18,1960,551,2005-08-28 21:24:18,1,2006-02-16 02:30:53
14834,2005-08-22 01:45:58,3105,262,2005-08-28 20:52:58,1,2006-02-16 02:30:53
14835,2005-08-22 01:49:07,755,404,2005-08-30 04:28:07,1,2006-02-16 02:30:53
14836,2005-08-22 01:52:26,4287,418,2005-08-22 23:39:26,1,2006-02-16 02:30:53
14837,2005-08-22 01:54:52,2251,43,2005-08-29 02:24:52,1,2006-02-16 02:30:53
14838,2005-08-22 01:57:34,506,404,2005-08-25 06:34:34,1,2006-02-16 02:30:53
14839,2005-08-22 01:58:15,3440,567,2005-08-24 05:24:15,2,2006-02-16 02:30:53
14840,2005-08-22 01:58:42,1240,354,2005-08-29 22:32:42,2,2006-02-16 02:30:53
14841,2005-08-22 02:03:30,4017,384,2005-08-28 02:08:30,2,2006-02-16 02:30:53
14842,2005-08-22 02:04:38,2511,467,2005-08-30 06:46:38,2,2006-02-16 02:30:53
14843,2005-08-22 02:05:25,3000,454,2005-08-28 22:11:25,1,2006-02-16 02:30:53
14844,2005-08-22 02:09:12,145,513,2005-08-31 05:43:12,1,2006-02-16 02:30:53
14845,2005-08-22 02:12:44,69,292,2005-08-24 02:36:44,2,2006-02-16 02:30:53
14846,2005-08-22 02:13:48,3840,309,2005-08-30 05:39:48,1,2006-02-16 02:30:53
14847,2005-08-22 02:13:51,2995,327,2005-08-29 03:42:51,2,2006-02-16 02:30:53
14848,2005-08-22 02:14:19,395,218,2005-08-26 02:54:19,2,2006-02-16 02:30:53
14849,2005-08-22 02:15:26,3354,177,2005-08-28 00:56:26,2,2006-02-16 02:30:53
14850,2005-08-22 02:16:55,2405,435,2005-08-26 21:08:55,1,2006-02-16 02:30:53
14851,2005-08-22 02:20:44,1139,180,2005-08-26 08:02:44,2,2006-02-16 02:30:53
14852,2005-08-22 02:25:53,2262,352,2005-08-25 04:27:53,1,2006-02-16 02:30:53
14853,2005-08-22 02:26:33,3575,388,2005-08-31 02:49:33,2,2006-02-16 02:30:53
14854,2005-08-22 02:26:47,1989,117,2005-08-23 05:53:47,1,2006-02-16 02:30:53
14855,2005-08-22 02:27:32,1668,187,2005-08-31 03:35:32,1,2006-02-16 02:30:53
14856,2005-08-22 02:31:51,3292,151,2005-08-26 23:41:51,2,2006-02-16 02:30:53
14857,2005-08-22 02:42:39,4150,232,2005-08-24 21:26:39,2,2006-02-16 02:30:53
14858,2005-08-22 02:46:18,366,499,2005-08-30 08:22:18,1,2006-02-16 02:30:53
14859,2005-08-22 02:46:35,2150,463,2005-08-24 22:37:35,2,2006-02-16 02:30:53
14860,2005-08-22 02:47:07,1368,418,2005-08-28 00:00:07,1,2006-02-16 02:30:53
14861,2005-08-22 02:48:05,1806,422,2005-08-27 00:50:05,1,2006-02-16 02:30:53
14862,2005-08-22 02:51:41,3479,78,2005-08-28 06:30:41,2,2006-02-16 02:30:53
14863,2005-08-22 02:57:04,779,440,2005-08-30 03:24:04,2,2006-02-16 02:30:53
14864,2005-08-22 02:57:06,2872,460,2005-08-22 22:19:06,1,2006-02-16 02:30:53
14865,2005-08-22 03:06:38,3775,94,2005-08-23 04:26:38,1,2006-02-16 02:30:53
14866,2005-08-22 03:11:35,2607,445,2005-08-30 00:10:35,1,2006-02-16 02:30:53
14867,2005-08-22 03:14:46,271,114,2005-08-25 03:53:46,2,2006-02-16 02:30:53
14868,2005-08-22 03:15:01,4383,160,2005-08-25 01:24:01,1,2006-02-16 02:30:53
14869,2005-08-22 03:20:26,455,21,2005-08-23 05:25:26,2,2006-02-16 02:30:53
14870,2005-08-22 03:23:20,2170,512,2005-08-23 06:50:20,2,2006-02-16 02:30:53
14871,2005-08-22 03:23:24,3411,204,2005-08-23 22:23:24,2,2006-02-16 02:30:53
14872,2005-08-22 03:23:41,962,15,2005-08-29 23:25:41,1,2006-02-16 02:30:53
14873,2005-08-22 03:31:06,3533,314,2005-08-31 05:34:06,1,2006-02-16 02:30:53
14874,2005-08-22 03:32:05,1782,268,2005-08-24 07:02:05,2,2006-02-16 02:30:53
14875,2005-08-22 03:34:39,3912,513,2005-08-26 03:40:39,1,2006-02-16 02:30:53
14876,2005-08-22 03:39:29,3669,210,2005-08-23 06:53:29,1,2006-02-16 02:30:53
14877,2005-08-22 03:39:56,974,266,2005-08-24 03:41:56,2,2006-02-16 02:30:53
14878,2006-02-14 15:16:03,1202,441,,2,2006-02-16 02:30:53
14879,2005-08-22 03:42:12,2154,148,2005-08-27 06:14:12,1,2006-02-16 02:30:53
14880,2005-08-22 03:44:36,3615,224,2005-08-24 05:45:36,2,2006-02-16 02:30:53
14881,2005-08-22 03:47:39,210,425,2005-08-26 05:58:39,2,2006-02-16 02:30:53
14882,2005-08-22 03:52:21,12,417,2005-08-25 04:50:21,2,2006-02-16 02:30:53
14883,2005-08-22 03:55:02,1946,177,2005-08-28 02:51:02,1,2006-02-16 02:30:53
14884,2005-08-22 03:57:08,2957,547,2005-08-23 07:11:08,1,2006-02-16 02:30:53
14885,2005-08-22 03:58:29,2097,248,2005-08-30 05:26:29,1,2006-02-16 02:30:53
14886,2005-08-22 03:59:01,4330,379,2005-08-23 01:22:01,1,2006-02-16 02:30:53
14887,2005-08-22 04:04:31,56,421,2005-08-31 02:30:31,1,2006-02-16 02:30:53
14888,2005-08-22 04:09:18,3345,91,2005-08-23 07:34:18,2,2006-02-16 02:30:53
14889,2005-08-22 04:10:10,1579,299,2005-08-24 06:23:10,2,2006-02-16 02:30:53
14890,2005-08-22 04:10:49,517,346,2005-08-30 23:23:49,1,2006-02-16 02:30:53
14891,2005-08-22 04:11:02,288,482,2005-08-27 03:22:02,1,2006-02-16 02:30:53
14892,2005-08-22 04:15:05,3061,82,2005-08-31 06:07:05,1,2006-02-16 02:30:53
14893,2005-08-22 04:15:48,2336,461,2005-08-30 08:05:48,1,2006-02-16 02:30:53
14894,2005-08-22 04:16:56,3494,347,2005-08-24 00:30:56,2,2006-02-16 02:30:53
14895,2005-08-22 04:19:23,4462,340,2005-08-27 04:02:23,1,2006-02-16 02:30:53
14896,2005-08-22 04:20:55,2508,569,2005-08-29 05:11:55,2,2006-02-16 02:30:53
14897,2005-08-22 04:22:31,1607,175,2005-08-26 00:09:31,1,2006-02-16 02:30:53
14898,2005-08-22 04:26:34,1736,299,2005-08-31 10:04:34,1,2006-02-16 02:30:53
14899,2005-08-22 04:26:38,3700,304,2005-08-31 08:36:38,2,2006-02-16 02:30:53
14900,2005-08-22 04:27:48,3420,329,2005-08-25 03:50:48,2,2006-02-16 02:30:53
14901,2005-08-22 04:31:37,4297,258,2005-08-29 08:24:37,1,2006-02-16 02:30:53
14902,2005-08-22 04:31:50,866,423,2005-08-23 23:47:50,2,2006-02-16 02:30:53
14903,2005-08-22 04:31:50,1795,51,2005-08-25 22:53:50,2,2006-02-16 02:30:53
14904,2005-08-22 04:32:01,722,71,2005-08-29 05:21:01,1,2006-02-16 02:30:53
14905,2005-08-22 04:34:22,4166,286,2005-08-26 04:00:22,2,2006-02-16 02:30:53
14906,2005-08-22 04:38:18,153,366,2005-08-29 23:03:18,1,2006-02-16 02:30:53
14907,2005-08-22 04:44:09,2469,116,2005-08-25 09:53:09,1,2006-02-16 02:30:53
14908,2005-08-22 04:44:10,102,349,2005-08-25 05:09:10,2,2006-02-16 02:30:53
14909,2005-08-22 04:48:44,1997,155,2005-08-25 04:59:44,1,2006-02-16 02:30:53
14910,2005-08-22 04:50:52,1266,540,2005-08-25 04:14:52,1,2006-02-16 02:30:53
14911,2005-08-22 04:51:42,353,273,2005-08-28 05:37:42,1,2006-02-16 02:30:53
14912,2005-08-22 04:51:42,2658,404,2005-08-23 23:50:42,1,2006-02-16 02:30:53
14913,2005-08-22 04:52:13,3609,503,2005-08-23 06:49:13,2,2006-02-16 02:30:53
14914,2005-08-22 04:53:35,4348,156,2005-08-26 10:35:35,1,2006-02-16 02:30:53
14915,2006-02-14 15:16:03,112,349,,1,2006-02-16 02:30:53
14916,2005-08-22 04:56:57,2110,80,2005-08-24 06:36:57,2,2006-02-16 02:30:53
14917,2005-08-22 05:03:59,377,289,2005-08-29 04:00:59,2,2006-02-16 02:30:53
14918,2005-08-22 05:06:38,4056,154,2005-08-30 01:44:38,2,2006-02-16 02:30:53
14919,2005-08-22 05:07:17,1587,244,2005-08-30 06:41:17,2,2006-02-16 02:30:53
14920,2005-08-22 05:08:58,3357,106,2005-08-23 02:51:58,1,2006-02-16 02:30:53
14921,2005-08-22 05:12:24,3724,284,2005-08-26 08:20:24,2,2006-02-16 02:30:53
14922,2005-08-22 05:13:05,2322,151,2005-08-30 04:59:05,1,2006-02-16 02:30:53
14923,2005-08-22 05:13:33,3434,460,2005-08-28 01:39:33,2,2006-02-16 02:30:53
14924,2005-08-22 05:15:17,4189,118,2005-08-23 10:11:17,1,2006-02-16 02:30:53
14925,2005-08-22 05:16:16,442,128,2005-08-30 02:47:16,2,2006-02-16 02:30:53
14926,2005-08-22 05:18:44,2448,357,2005-08-26 02:18:44,1,2006-02-16 02:30:53
14927,2005-08-22 05:31:53,952,193,2005-08-27 07:04:53,1,2006-02-16 02:30:53
14928,2006-02-14 15:16:03,4375,472,,1,2006-02-16 02:30:53
14929,2005-08-22 05:32:38,4195,546,2005-08-28 00:02:38,1,2006-02-16 02:30:53
14930,2005-08-22 05:38:32,2875,584,2005-08-30 07:21:32,1,2006-02-16 02:30:53
14931,2005-08-22 05:38:55,657,63,2005-08-28 04:15:55,2,2006-02-16 02:30:53
14932,2005-08-22 05:40:39,2259,516,2005-08-23 11:02:39,2,2006-02-16 02:30:53
14933,2006-02-14 15:16:03,1186,21,,2,2006-02-16 02:30:53
14934,2005-08-22 05:47:15,815,226,2005-08-26 11:32:15,1,2006-02-16 02:30:53
14935,2005-08-22 05:47:31,2025,380,2005-08-29 00:33:31,2,2006-02-16 02:30:53
14936,2005-08-22 05:51:26,3710,241,2005-08-29 10:21:26,2,2006-02-16 02:30:53
14937,2005-08-22 05:51:59,1241,348,2005-08-31 01:45:59,2,2006-02-16 02:30:53
14938,2005-08-22 05:52:39,408,541,2005-08-31 11:43:39,1,2006-02-16 02:30:53
14939,2005-08-22 05:53:52,719,328,2005-08-27 06:20:52,1,2006-02-16 02:30:53
14940,2005-08-22 05:54:03,2635,46,2005-08-24 05:52:03,2,2006-02-16 02:30:53
14941,2005-08-22 05:58:23,2328,574,2005-08-28 10:58:23,1,2006-02-16 02:30:53
14942,2005-08-22 05:58:27,32,471,2005-08-31 10:08:27,1,2006-02-16 02:30:53
14943,2005-08-22 05:59:59,3515,265,2005-08-26 10:31:59,2,2006-02-16 02:30:53
14944,2005-08-22 06:01:26,535,153,2005-08-24 10:33:26,2,2006-02-16 02:30:53
14945,2005-08-22 06:05:38,1567,304,2005-08-29 12:01:38,1,2006-02-16 02:30:53
14946,2005-08-22 06:07:10,1395,308,2005-08-28 05:25:10,1,2006-02-16 02:30:53
14947,2005-08-22 06:07:52,3497,68,2005-08-28 01:12:52,2,2006-02-16 02:30:53
14948,2005-08-22 06:10:53,2914,488,2005-08-28 11:24:53,2,2006-02-16 02:30:53
14949,2005-08-22 06:12:16,2434,111,2005-08-25 08:25:16,2,2006-02-16 02:30:53
14950,2005-08-22 06:17:12,635,362,2005-08-27 08:48:12,2,2006-02-16 02:30:53
14951,2005-08-22 06:19:37,2800,197,2005-08-30 05:51:37,2,2006-02-16 02:30:53
14952,2005-08-22 06:20:07,2950,575,2005-08-28 01:18:07,1,2006-02-16 02:30:53
14953,2005-08-22 06:23:54,816,182,2005-08-28 03:19:54,1,2006-02-16 02:30:53
14954,2006-02-14 15:16:03,3608,525,,1,2006-02-16 02:30:53
14955,2005-08-22 06:25:52,1534,445,2005-08-25 12:13:52,2,2006-02-16 02:30:53
14956,2005-08-22 06:26:16,3650,571,2005-08-25 11:06:16,2,2006-02-16 02:30:53
14957,2005-08-22 06:29:34,1384,323,2005-08-26 04:52:34,2,2006-02-16 02:30:53
14958,2005-08-22 06:30:10,1710,347,2005-08-28 09:43:10,2,2006-02-16 02:30:53
14959,2005-08-22 06:30:28,2009,569,2005-08-25 09:48:28,1,2006-02-16 02:30:53
14960,2005-08-22 06:31:36,3316,147,2005-08-29 07:10:36,2,2006-02-16 02:30:53
14961,2005-08-22 06:35:50,3274,52,2005-08-31 04:07:50,2,2006-02-16 02:30:53
14962,2005-08-22 06:37:43,3104,449,2005-08-29 03:44:43,2,2006-02-16 02:30:53
14963,2005-08-22 06:38:10,2672,384,2005-08-31 05:35:10,2,2006-02-16 02:30:53
14964,2005-08-22 06:39:24,2302,500,2005-08-26 06:05:24,1,2006-02-16 02:30:53
14965,2005-08-22 06:45:53,1036,148,2005-08-27 10:05:53,1,2006-02-16 02:30:53
14966,2005-08-22 06:45:57,679,259,2005-08-31 10:02:57,1,2006-02-16 02:30:53
14967,2005-08-22 06:46:03,289,67,2005-08-23 01:02:03,2,2006-02-16 02:30:53
14968,2005-08-22 06:46:59,3302,129,2005-08-29 07:36:59,1,2006-02-16 02:30:53
14969,2005-08-22 06:49:15,4060,120,2005-08-29 05:52:15,1,2006-02-16 02:30:53
14970,2005-08-22 06:49:29,536,529,2005-08-29 08:47:29,1,2006-02-16 02:30:53
14971,2005-08-22 06:52:49,1883,378,2005-08-28 06:27:49,2,2006-02-16 02:30:53
14972,2005-08-22 06:53:21,3422,310,2005-08-29 02:25:21,1,2006-02-16 02:30:53
14973,2005-08-22 06:59:28,2888,201,2005-08-30 02:28:28,1,2006-02-16 02:30:53
14974,2005-08-22 07:04:25,2596,157,2005-08-27 12:39:25,1,2006-02-16 02:30:53
14975,2005-08-22 07:07:50,924,244,2005-08-28 07:23:50,2,2006-02-16 02:30:53
14976,2005-08-22 07:10:26,77,581,2005-08-28 07:22:26,1,2006-02-16 02:30:53
14977,2005-08-22 07:12:53,4093,59,2005-08-30 08:11:53,2,2006-02-16 02:30:53
14978,2005-08-22 07:13:15,699,94,2005-08-25 12:26:15,1,2006-02-16 02:30:53
14979,2005-08-22 07:16:36,2320,387,2005-08-24 02:29:36,2,2006-02-16 02:30:53
14980,2005-08-22 07:16:45,2701,518,2005-08-26 06:04:45,2,2006-02-16 02:30:53
14981,2005-08-22 07:19:05,1239,544,2005-08-26 03:08:05,2,2006-02-16 02:30:53
14982,2005-08-22 07:20:55,2333,542,2005-08-31 04:35:55,2,2006-02-16 02:30:53
14983,2005-08-22 07:32:23,3579,363,2005-08-30 11:39:23,2,2006-02-16 02:30:53
14984,2005-08-22 07:35:31,1704,334,2005-08-30 02:32:31,1,2006-02-16 02:30:53
14985,2005-08-22 07:35:56,2017,29,2005-08-29 13:17:56,1,2006-02-16 02:30:53
14986,2005-08-22 07:37:24,1493,278,2005-08-23 04:22:24,2,2006-02-16 02:30:53
14987,2005-08-22 07:41:08,1513,138,2005-08-24 03:15:08,2,2006-02-16 02:30:53
14988,2005-08-22 07:46:05,2114,186,2005-08-29 06:43:05,1,2006-02-16 02:30:53
14989,2005-08-22 07:47:07,1431,58,2005-08-26 04:42:07,2,2006-02-16 02:30:53
14990,2005-08-22 07:48:01,4057,198,2005-08-24 06:41:01,2,2006-02-16 02:30:53
14991,2005-08-22 07:50:44,708,172,2005-08-30 06:32:44,2,2006-02-16 02:30:53
14992,2005-08-22 07:51:47,4430,415,2005-08-25 08:17:47,2,2006-02-16 02:30:53
14993,2005-08-22 07:52:18,3416,437,2005-08-27 02:13:18,1,2006-02-16 02:30:53
14994,2005-08-22 07:52:24,1601,509,2005-08-26 09:57:24,1,2006-02-16 02:30:53
14995,2005-08-22 07:52:31,4178,482,2005-08-24 05:16:31,1,2006-02-16 02:30:53
14996,2005-08-22 07:52:41,1178,411,2005-08-29 02:35:41,1,2006-02-16 02:30:53
14997,2005-08-22 07:53:00,2724,29,2005-08-28 03:47:00,2,2006-02-16 02:30:53
14998,2005-08-22 07:53:14,3852,92,2005-08-24 03:46:14,2,2006-02-16 02:30:53
14999,2005-08-22 07:54:47,3399,594,2005-08-23 08:39:47,1,2006-02-16 02:30:53
15000,2005-08-22 07:54:58,3080,161,2005-08-24 12:46:58,2,2006-02-16 02:30:53
15001,2005-08-22 08:00:49,2869,186,2005-08-27 05:53:49,2,2006-02-16 02:30:53
15002,2005-08-22 08:06:00,4198,242,2005-08-24 10:48:00,1,2006-02-16 02:30:53
15003,2005-08-22 08:11:24,4009,167,2005-08-28 08:49:24,1,2006-02-16 02:30:53
15004,2005-08-22 08:15:21,4464,375,2005-08-28 10:35:21,1,2006-02-16 02:30:53
15005,2005-08-22 08:15:44,2897,335,2005-08-24 09:52:44,2,2006-02-16 02:30:53
15006,2005-08-22 08:20:15,2967,97,2005-08-23 11:57:15,1,2006-02-16 02:30:53
15007,2005-08-22 08:21:21,3692,165,2005-08-27 04:44:21,2,2006-02-16 02:30:53
15008,2005-08-22 08:24:32,961,277,2005-08-31 13:48:32,2,2006-02-16 02:30:53
15009,2005-08-22 08:27:27,4025,325,2005-08-26 05:57:27,2,2006-02-16 02:30:53
15010,2005-08-22 08:30:17,171,508,2005-08-29 13:24:17,2,2006-02-16 02:30:53
15011,2005-08-22 08:31:07,2722,329,2005-08-24 04:47:07,1,2006-02-16 02:30:53
15012,2005-08-22 08:42:32,1584,454,2005-08-28 05:04:32,1,2006-02-16 02:30:53
15013,2005-08-22 08:42:45,141,141,2005-08-24 05:20:45,2,2006-02-16 02:30:53
15014,2005-08-22 08:43:11,3678,373,2005-08-31 02:55:11,1,2006-02-16 02:30:53
15015,2005-08-22 08:43:50,3067,14,2005-08-31 06:53:50,2,2006-02-16 02:30:53
15016,2005-08-22 08:47:35,879,434,2005-08-28 14:23:35,2,2006-02-16 02:30:53
15017,2005-08-22 08:47:44,3975,144,2005-08-29 08:16:44,1,2006-02-16 02:30:53
15018,2005-08-22 08:52:38,394,504,2005-08-25 08:08:38,1,2006-02-16 02:30:53
15019,2005-08-22 08:52:53,3425,450,2005-08-25 13:07:53,2,2006-02-16 02:30:53
15020,2005-08-22 08:54:12,3460,267,2005-08-27 04:54:12,1,2006-02-16 02:30:53
15021,2006-02-14 15:16:03,418,100,,2,2006-02-16 02:30:53
15022,2005-08-22 08:55:43,249,506,2005-08-31 05:35:43,2,2006-02-16 02:30:53
15023,2005-08-22 08:56:48,358,296,2005-08-29 08:13:48,1,2006-02-16 02:30:53
15024,2005-08-22 08:57:10,1831,139,2005-08-24 10:39:10,1,2006-02-16 02:30:53
15025,2005-08-22 08:57:24,2107,257,2005-08-24 06:09:24,2,2006-02-16 02:30:53
15026,2005-08-22 09:01:52,4328,66,2005-08-28 09:21:52,1,2006-02-16 02:30:53
15027,2005-08-22 09:03:04,326,478,2005-08-29 04:03:04,2,2006-02-16 02:30:53
15028,2005-08-22 09:03:44,4248,37,2005-08-30 11:28:44,1,2006-02-16 02:30:53
15029,2005-08-22 09:04:53,2234,139,2005-08-25 09:03:53,1,2006-02-16 02:30:53
15030,2005-08-22 09:10:21,3168,341,2005-08-24 06:00:21,2,2006-02-16 02:30:53
15031,2005-08-22 09:11:48,3926,430,2005-08-27 06:11:48,1,2006-02-16 02:30:53
15032,2005-08-22 09:14:09,3414,467,2005-08-25 09:50:09,2,2006-02-16 02:30:53
15033,2005-08-22 09:25:24,2431,168,2005-08-28 09:56:24,2,2006-02-16 02:30:53
15034,2005-08-22 09:33:08,1331,235,2005-08-29 13:04:08,1,2006-02-16 02:30:53
15035,2005-08-22 09:34:32,339,513,2005-08-28 10:23:32,1,2006-02-16 02:30:53
15036,2005-08-22 09:36:00,874,280,2005-08-23 08:12:00,2,2006-02-16 02:30:53
15037,2005-08-22 09:36:33,4517,234,2005-08-31 11:20:33,2,2006-02-16 02:30:53
15038,2005-08-22 09:37:27,1685,3,2005-08-23 14:39:27,1,2006-02-16 02:30:53
15039,2005-08-22 09:37:54,895,180,2005-08-28 12:23:54,1,2006-02-16 02:30:53
15040,2005-08-22 09:41:09,3207,523,2005-08-23 12:49:09,2,2006-02-16 02:30:53
15041,2005-08-22 09:43:18,1913,372,2005-08-23 11:04:18,2,2006-02-16 02:30:53
15042,2005-08-22 09:47:37,3796,553,2005-08-31 04:42:37,1,2006-02-16 02:30:53
15043,2005-08-22 09:49:32,3797,182,2005-08-28 13:50:32,1,2006-02-16 02:30:53
15044,2005-08-22 09:51:54,4513,439,2005-08-31 12:45:54,1,2006-02-16 02:30:53
15045,2005-08-22 09:53:23,3485,161,2005-08-26 10:09:23,2,2006-02-16 02:30:53
15046,2005-08-22 09:54:54,1536,474,2005-08-26 07:34:54,1,2006-02-16 02:30:53
15047,2005-08-22 09:57:16,1309,19,2005-08-23 11:39:16,1,2006-02-16 02:30:53
15048,2005-08-22 10:00:04,2895,27,2005-08-26 08:26:04,1,2006-02-16 02:30:53
15049,2005-08-22 10:06:28,1573,102,2005-08-26 15:12:28,1,2006-02-16 02:30:53
15050,2005-08-22 10:07:52,3961,167,2005-08-23 04:45:52,1,2006-02-16 02:30:53
15051,2005-08-22 10:08:50,1419,300,2005-08-28 10:23:50,1,2006-02-16 02:30:53
15052,2005-08-22 10:09:19,2349,147,2005-08-31 09:27:19,2,2006-02-16 02:30:53
15053,2005-08-22 10:13:09,1065,374,2005-08-28 12:42:09,2,2006-02-16 02:30:53
15054,2005-08-22 10:14:33,2314,44,2005-08-25 15:07:33,1,2006-02-16 02:30:53
15055,2005-08-22 10:14:39,623,125,2005-08-25 07:25:39,2,2006-02-16 02:30:53
15056,2005-08-22 10:15:54,1871,503,2005-08-25 07:21:54,1,2006-02-16 02:30:53
15057,2005-08-22 10:19:58,4534,20,2005-08-28 05:12:58,1,2006-02-16 02:30:53
15058,2005-08-22 10:20:55,3537,288,2005-08-26 12:37:55,1,2006-02-16 02:30:53
15059,2005-08-22 10:22:00,4079,564,2005-08-29 07:01:00,2,2006-02-16 02:30:53
15060,2005-08-22 10:24:32,2740,63,2005-08-31 11:17:32,2,2006-02-16 02:30:53
15061,2005-08-22 10:29:44,3436,90,2005-08-24 14:40:44,1,2006-02-16 02:30:53
15062,2005-08-22 10:34:39,4393,139,2005-08-26 13:09:39,2,2006-02-16 02:30:53
15063,2005-08-22 10:39:51,1159,30,2005-08-25 16:03:51,2,2006-02-16 02:30:53
15064,2005-08-22 10:41:58,1233,425,2005-08-28 13:34:58,2,2006-02-16 02:30:53
15065,2005-08-22 10:46:44,468,510,2005-08-27 09:40:44,2,2006-02-16 02:30:53
15066,2005-08-22 10:49:06,2712,530,2005-08-23 10:25:06,1,2006-02-16 02:30:53
15067,2005-08-22 10:49:21,3684,461,2005-08-24 09:01:21,1,2006-02-16 02:30:53
15068,2005-08-22 10:50:13,3268,373,2005-08-26 05:04:13,2,2006-02-16 02:30:53
15069,2005-08-22 10:55:42,592,568,2005-08-28 06:59:42,2,2006-02-16 02:30:53
15070,2005-08-22 10:55:45,2687,441,2005-08-26 09:23:45,1,2006-02-16 02:30:53
15071,2005-08-22 10:58:43,417,541,2005-08-31 14:53:43,1,2006-02-16 02:30:53
15072,2005-08-22 10:58:45,2871,405,2005-08-30 16:18:45,1,2006-02-16 02:30:53
15073,2005-08-22 11:01:15,3970,336,2005-08-31 09:23:15,1,2006-02-16 02:30:53
15074,2005-08-22 11:02:52,3112,567,2005-08-28 07:59:52,2,2006-02-16 02:30:53
15075,2005-08-22 11:04:52,1938,535,2005-08-30 05:06:52,1,2006-02-16 02:30:53
15076,2005-08-22 11:05:34,4170,287,2005-08-27 14:40:34,1,2006-02-16 02:30:53
15077,2005-08-22 11:09:18,3142,503,2005-08-29 08:41:18,1,2006-02-16 02:30:53
15078,2005-08-22 11:09:31,3001,197,2005-08-25 12:16:31,1,2006-02-16 02:30:53
15079,2005-08-22 11:09:56,4552,540,2005-08-24 15:40:56,2,2006-02-16 02:30:53
15080,2005-08-22 11:11:51,927,133,2005-08-23 13:09:51,1,2006-02-16 02:30:53
15081,2005-08-22 11:14:31,2501,313,2005-08-28 14:23:31,2,2006-02-16 02:30:53
15082,2005-08-22 11:17:06,2046,137,2005-08-28 06:40:06,1,2006-02-16 02:30:53
15083,2005-08-22 11:17:37,1691,397,2005-08-28 06:27:37,2,2006-02-16 02:30:53
15084,2005-08-22 11:17:59,821,287,2005-08-23 09:23:59,1,2006-02-16 02:30:53
15085,2005-08-22 11:19:22,1669,67,2005-08-25 09:04:22,2,2006-02-16 02:30:53
15086,2005-08-22 11:21:08,264,494,2005-08-30 08:18:08,2,2006-02-16 02:30:53
15087,2005-08-22 11:24:09,233,404,2005-08-27 16:42:09,2,2006-02-16 02:30:53
15088,2005-08-22 11:28:26,4199,377,2005-08-24 15:46:26,2,2006-02-16 02:30:53
15089,2005-08-22 11:34:06,3288,61,2005-08-31 12:45:06,1,2006-02-16 02:30:53
15090,2005-08-22 11:34:33,2918,582,2005-08-31 06:09:33,2,2006-02-16 02:30:53
15091,2005-08-22 11:34:43,2092,477,2005-08-23 16:52:43,2,2006-02-16 02:30:53
15092,2005-08-22 11:36:16,2418,464,2005-08-28 09:49:16,2,2006-02-16 02:30:53
15093,2005-08-22 11:39:03,3534,60,2005-08-23 06:16:03,2,2006-02-16 02:30:53
15094,2006-02-14 15:16:03,922,424,,1,2006-02-16 02:30:53
15095,2005-08-22 11:41:35,489,202,2005-08-25 16:44:35,2,2006-02-16 02:30:53
15096,2005-08-22 11:43:04,1983,33,2005-08-29 12:16:04,2,2006-02-16 02:30:53
15097,2005-08-22 11:43:42,2838,475,2005-08-27 10:25:42,1,2006-02-16 02:30:53
15098,2005-08-22 11:48:19,4414,88,2005-08-31 11:07:19,2,2006-02-16 02:30:53
15099,2005-08-22 11:49:16,1940,86,2005-08-26 06:38:16,2,2006-02-16 02:30:53
15100,2005-08-22 11:55:03,4489,312,2005-08-25 14:55:03,1,2006-02-16 02:30:53
15101,2005-08-22 11:56:02,683,335,2005-08-28 13:08:02,2,2006-02-16 02:30:53
15102,2005-08-22 11:58:58,2317,555,2005-08-29 08:37:58,1,2006-02-16 02:30:53
15103,2005-08-22 12:01:06,853,101,2005-08-25 14:40:06,2,2006-02-16 02:30:53
15104,2005-08-22 12:01:16,4550,359,2005-08-27 17:48:16,1,2006-02-16 02:30:53
15105,2005-08-22 12:01:33,3965,338,2005-08-26 14:29:33,2,2006-02-16 02:30:53
15106,2005-08-22 12:01:48,399,155,2005-08-27 16:12:48,1,2006-02-16 02:30:53
15107,2005-08-22 12:05:02,2378,376,2005-08-23 11:09:02,1,2006-02-16 02:30:53
15108,2005-08-22 12:10:07,3463,447,2005-08-26 14:46:07,2,2006-02-16 02:30:53
15109,2005-08-22 12:12:58,565,588,2005-08-30 07:20:58,1,2006-02-16 02:30:53
15110,2005-08-22 12:16:46,1379,72,2005-08-26 13:36:46,1,2006-02-16 02:30:53
15111,2005-08-22 12:21:43,4101,119,2005-08-24 09:31:43,1,2006-02-16 02:30:53
15112,2005-08-22 12:21:49,2832,160,2005-08-27 11:03:49,1,2006-02-16 02:30:53
15113,2005-08-22 12:23:59,4338,424,2005-08-27 09:59:59,1,2006-02-16 02:30:53
15114,2005-08-22 12:24:55,2481,121,2005-08-31 17:06:55,1,2006-02-16 02:30:53
15115,2005-08-22 12:28:01,1739,33,2005-08-26 16:12:01,1,2006-02-16 02:30:53
15116,2005-08-22 12:35:40,518,217,2005-08-23 17:58:40,1,2006-02-16 02:30:53
15117,2005-08-22 12:38:20,2502,292,2005-08-27 07:36:20,2,2006-02-16 02:30:53
15118,2005-08-22 12:38:37,2081,473,2005-08-29 14:01:37,2,2006-02-16 02:30:53
15119,2005-08-22 12:41:33,4526,288,2005-08-23 14:44:33,2,2006-02-16 02:30:53
15120,2005-08-22 12:42:47,3083,11,2005-08-23 14:21:47,1,2006-02-16 02:30:53
15121,2005-08-22 12:46:37,2981,415,2005-08-25 17:42:37,1,2006-02-16 02:30:53
15122,2005-08-22 12:47:45,1686,91,2005-08-29 13:18:45,2,2006-02-16 02:30:53
15123,2005-08-22 12:48:44,1455,445,2005-08-27 11:07:44,1,2006-02-16 02:30:53
15124,2005-08-22 12:51:38,1598,39,2005-08-26 09:05:38,1,2006-02-16 02:30:53
15125,2005-08-22 12:53:22,3942,221,2005-08-29 18:44:22,1,2006-02-16 02:30:53
15126,2005-08-22 12:53:58,1902,459,2005-08-28 07:39:58,1,2006-02-16 02:30:53
15127,2005-08-22 12:56:29,2397,287,2005-08-26 10:58:29,1,2006-02-16 02:30:53
15128,2005-08-22 12:57:26,3229,457,2005-08-30 11:35:26,2,2006-02-16 02:30:53
15129,2005-08-22 13:03:52,3782,234,2005-08-29 10:56:52,2,2006-02-16 02:30:53
15130,2005-08-22 13:04:32,2375,536,2005-08-30 17:24:32,1,2006-02-16 02:30:53
15131,2005-08-22 13:06:26,1930,119,2005-08-30 16:43:26,1,2006-02-16 02:30:53
15132,2005-08-22 13:11:25,3474,393,2005-08-27 17:04:25,2,2006-02-16 02:30:53
15133,2005-08-22 13:17:43,3408,137,2005-08-26 08:40:43,1,2006-02-16 02:30:53
15134,2005-08-22 13:18:25,4442,22,2005-08-29 18:03:25,1,2006-02-16 02:30:53
15135,2005-08-22 13:19:19,555,284,2005-08-27 17:09:19,2,2006-02-16 02:30:53
15136,2005-08-22 13:19:25,2606,435,2005-08-24 07:28:25,2,2006-02-16 02:30:53
15137,2005-08-22 13:20:28,856,241,2005-08-26 09:35:28,1,2006-02-16 02:30:53
15138,2005-08-22 13:36:30,2467,50,2005-08-27 15:35:30,1,2006-02-16 02:30:53
15139,2005-08-22 13:38:11,2018,237,2005-08-30 09:00:11,1,2006-02-16 02:30:53
15140,2005-08-22 13:39:20,1402,414,2005-08-30 18:19:20,2,2006-02-16 02:30:53
15141,2005-08-22 13:41:49,227,541,2005-08-28 15:25:49,2,2006-02-16 02:30:53
15142,2005-08-22 13:44:32,1337,351,2005-08-29 14:19:32,1,2006-02-16 02:30:53
15143,2005-08-22 13:46:24,1519,274,2005-08-25 09:47:24,2,2006-02-16 02:30:53
15144,2005-08-22 13:49:18,559,527,2005-08-26 11:11:18,2,2006-02-16 02:30:53
15145,2005-08-22 13:53:04,2179,2,2005-08-31 15:51:04,1,2006-02-16 02:30:53
15146,2005-08-22 13:57:55,3102,72,2005-08-28 12:57:55,2,2006-02-16 02:30:53
15147,2005-08-22 13:58:23,2553,4,2005-08-28 14:33:23,2,2006-02-16 02:30:53
15148,2005-08-22 13:59:19,3704,359,2005-08-31 13:59:19,2,2006-02-16 02:30:53
15149,2005-08-22 14:08:06,3059,537,2005-08-25 08:25:06,1,2006-02-16 02:30:53
15150,2005-08-22 14:12:05,1797,161,2005-08-27 12:47:05,1,2006-02-16 02:30:53
15151,2005-08-22 14:23:11,4070,463,2005-08-30 14:01:11,1,2006-02-16 02:30:53
15152,2005-08-22 14:25:21,739,123,2005-08-31 14:28:21,1,2006-02-16 02:30:53
15153,2005-08-22 14:26:01,1051,512,2005-08-27 14:17:01,2,2006-02-16 02:30:53
15154,2005-08-22 14:27:37,3395,106,2005-08-29 20:04:37,2,2006-02-16 02:30:53
15155,2005-08-22 14:27:46,2641,43,2005-08-23 17:46:46,2,2006-02-16 02:30:53
15156,2005-08-22 14:29:11,1174,494,2005-08-30 17:48:11,2,2006-02-16 02:30:53
15157,2005-08-22 14:30:09,1909,580,2005-08-29 18:28:09,1,2006-02-16 02:30:53
15158,2005-08-22 14:30:39,3614,588,2005-08-27 15:55:39,1,2006-02-16 02:30:53
15159,2005-08-22 14:32:25,4355,525,2005-08-24 11:19:25,2,2006-02-16 02:30:53
15160,2005-08-22 14:33:50,4321,249,2005-08-28 11:26:50,1,2006-02-16 02:30:53
15161,2005-08-22 14:37:22,1445,20,2005-08-27 17:40:22,1,2006-02-16 02:30:53
15162,2005-08-22 14:41:05,1756,439,2005-08-27 20:23:05,2,2006-02-16 02:30:53
15163,2005-08-22 14:43:13,3597,100,2005-08-26 14:26:13,1,2006-02-16 02:30:53
15164,2005-08-22 14:47:53,997,193,2005-08-25 16:05:53,1,2006-02-16 02:30:53
15165,2005-08-22 14:59:30,3664,168,2005-08-29 15:46:30,2,2006-02-16 02:30:53
15166,2005-08-22 15:05:37,1530,504,2005-08-30 12:22:37,2,2006-02-16 02:30:53
15167,2006-02-14 15:16:03,973,190,,2,2006-02-16 02:30:53
15168,2005-08-22 15:14:20,3218,526,2005-08-25 20:12:20,2,2006-02-16 02:30:53
15169,2005-08-22 15:21:56,794,76,2005-08-28 09:40:56,1,2006-02-16 02:30:53
15170,2005-08-22 15:22:15,2123,521,2005-08-23 20:32:15,1,2006-02-16 02:30:53
15171,2005-08-22 15:23:59,1201,119,2005-08-28 12:05:59,2,2006-02-16 02:30:53
15172,2005-08-22 15:25:33,2367,511,2005-08-23 17:29:33,1,2006-02-16 02:30:53
15173,2005-08-22 15:26:29,2585,338,2005-08-29 14:03:29,1,2006-02-16 02:30:53
15174,2005-08-22 15:26:36,19,111,2005-08-31 10:47:36,2,2006-02-16 02:30:53
15175,2005-08-22 15:29:15,4318,380,2005-08-27 15:11:15,2,2006-02-16 02:30:53
15176,2005-08-22 15:30:25,3063,115,2005-08-31 20:00:25,1,2006-02-16 02:30:53
15177,2005-08-22 15:34:49,838,493,2005-08-26 12:54:49,1,2006-02-16 02:30:53
15178,2005-08-22 15:36:04,1745,15,2005-08-26 21:00:04,2,2006-02-16 02:30:53
15179,2005-08-22 15:36:22,450,328,2005-08-31 19:57:22,1,2006-02-16 02:30:53
15180,2005-08-22 15:42:57,234,532,2005-08-24 12:49:57,2,2006-02-16 02:30:53
15181,2005-08-22 15:46:20,3900,266,2005-08-27 09:56:20,1,2006-02-16 02:30:53
15182,2005-08-22 15:47:05,645,443,2005-08-25 11:55:05,1,2006-02-16 02:30:53
15183,2005-08-22 15:49:54,2696,268,2005-08-25 12:29:54,1,2006-02-16 02:30:53
15184,2005-08-22 15:51:12,1193,471,2005-08-24 19:23:12,2,2006-02-16 02:30:53
15185,2005-08-22 15:52:50,2948,472,2005-08-31 20:38:50,1,2006-02-16 02:30:53
15186,2005-08-22 15:52:57,1323,104,2005-08-24 21:12:57,1,2006-02-16 02:30:53
15187,2005-08-22 15:53:32,2338,461,2005-08-27 14:21:32,1,2006-02-16 02:30:53
15188,2005-08-22 15:55:48,131,478,2005-08-29 19:10:48,1,2006-02-16 02:30:53
15189,2005-08-22 15:56:42,2559,398,2005-08-29 12:20:42,1,2006-02-16 02:30:53
15190,2005-08-22 15:57:38,2096,84,2005-08-24 13:46:38,1,2006-02-16 02:30:53
15191,2006-02-14 15:16:03,3688,75,,1,2006-02-16 02:30:53
15192,2005-08-22 16:06:23,4213,216,2005-08-27 13:12:23,1,2006-02-16 02:30:53
15193,2005-08-22 16:06:49,1033,40,2005-08-25 17:23:49,1,2006-02-16 02:30:53
15194,2005-08-22 16:07:34,1217,332,2005-08-26 19:16:34,1,2006-02-16 02:30:53
15195,2005-08-22 16:08:23,1080,508,2005-08-30 17:56:23,2,2006-02-16 02:30:53
15196,2005-08-22 16:11:32,1413,181,2005-08-30 22:06:32,1,2006-02-16 02:30:53
15197,2005-08-22 16:14:25,2915,159,2005-08-26 16:22:25,2,2006-02-16 02:30:53
15198,2005-08-22 16:15:33,1253,396,2005-08-29 20:49:33,1,2006-02-16 02:30:53
15199,2005-08-22 16:17:49,18,216,2005-08-25 20:12:49,1,2006-02-16 02:30:53
15200,2005-08-22 16:22:53,1000,374,2005-08-24 10:25:53,2,2006-02-16 02:30:53
15201,2005-08-22 16:24:42,4456,301,2005-08-31 17:54:42,1,2006-02-16 02:30:53
15202,2005-08-22 16:26:53,2119,374,2005-08-23 13:49:53,2,2006-02-16 02:30:53
15203,2005-08-22 16:28:00,743,568,2005-08-26 16:55:00,2,2006-02-16 02:30:53
15204,2005-08-22 16:30:43,1471,317,2005-08-26 20:37:43,2,2006-02-16 02:30:53
15205,2005-08-22 16:32:23,3276,489,2005-08-27 16:08:23,1,2006-02-16 02:30:53
15206,2005-08-22 16:33:39,3901,524,2005-08-31 11:41:39,1,2006-02-16 02:30:53
15207,2005-08-22 16:35:25,1149,442,2005-08-23 14:06:25,1,2006-02-16 02:30:53
15208,2005-08-22 16:35:47,4346,267,2005-08-30 15:16:47,1,2006-02-16 02:30:53
15209,2005-08-22 16:37:32,1620,588,2005-08-25 19:04:32,1,2006-02-16 02:30:53
15210,2005-08-22 16:37:36,3811,332,2005-08-29 11:54:36,1,2006-02-16 02:30:53
15211,2005-08-22 16:40:21,3025,410,2005-08-28 13:33:21,2,2006-02-16 02:30:53
15212,2005-08-22 16:44:26,2182,562,2005-08-27 20:26:26,1,2006-02-16 02:30:53
15213,2005-08-22 16:49:02,2002,166,2005-08-31 20:22:02,1,2006-02-16 02:30:53
15214,2005-08-22 16:53:29,1500,574,2005-08-24 14:17:29,1,2006-02-16 02:30:53
15215,2005-08-22 16:55:26,1906,344,2005-08-25 20:19:26,1,2006-02-16 02:30:53
15216,2005-08-22 16:57:02,1633,166,2005-08-24 16:11:02,2,2006-02-16 02:30:53
15217,2005-08-22 16:58:31,91,90,2005-08-23 22:33:31,1,2006-02-16 02:30:53
15218,2005-08-22 16:59:05,10,139,2005-08-30 17:01:05,1,2006-02-16 02:30:53
15219,2005-08-22 17:00:31,3313,544,2005-08-31 20:16:31,1,2006-02-16 02:30:53
15220,2005-08-22 17:02:23,187,128,2005-08-28 21:02:23,1,2006-02-16 02:30:53
15221,2005-08-22 17:12:29,110,253,2005-08-24 20:46:29,2,2006-02-16 02:30:53
15222,2005-08-22 17:12:30,1360,390,2005-08-27 15:10:30,2,2006-02-16 02:30:53
15223,2005-08-22 17:13:39,2263,541,2005-08-27 11:17:39,2,2006-02-16 02:30:53
15224,2005-08-22 17:18:05,33,81,2005-08-29 14:35:05,2,2006-02-16 02:30:53
15225,2005-08-22 17:18:32,1646,224,2005-08-24 17:25:32,1,2006-02-16 02:30:53
15226,2005-08-22 17:20:17,318,54,2005-08-31 15:36:17,1,2006-02-16 02:30:53
15227,2005-08-22 17:22:41,2987,151,2005-08-23 20:59:41,1,2006-02-16 02:30:53
15228,2005-08-22 17:27:23,2485,48,2005-08-29 11:38:23,2,2006-02-16 02:30:53
15229,2005-08-22 17:30:25,320,63,2005-08-23 14:13:25,1,2006-02-16 02:30:53
15230,2005-08-22 17:31:41,2572,466,2005-08-25 21:57:41,2,2006-02-16 02:30:53
15231,2005-08-22 17:32:57,2980,187,2005-08-25 13:06:57,1,2006-02-16 02:30:53
15232,2005-08-22 17:37:02,61,5,2005-08-25 18:45:02,1,2006-02-16 02:30:53
15233,2005-08-22 17:41:53,4405,197,2005-08-24 12:59:53,2,2006-02-16 02:30:53
15234,2006-02-14 15:16:03,908,228,,2,2006-02-16 02:30:53
15235,2005-08-22 17:43:12,2726,416,2005-08-29 23:03:12,2,2006-02-16 02:30:53
15236,2005-08-22 17:44:27,4124,557,2005-08-24 23:25:27,1,2006-02-16 02:30:53
15237,2005-08-22 17:44:30,4485,148,2005-08-24 12:51:30,1,2006-02-16 02:30:53
15238,2005-08-22 17:46:12,403,70,2005-08-29 16:41:12,1,2006-02-16 02:30:53
15239,2005-08-22 17:46:17,1809,501,2005-08-26 19:03:17,1,2006-02-16 02:30:53
15240,2005-08-22 17:46:41,2014,11,2005-08-23 15:08:41,2,2006-02-16 02:30:53
15241,2005-08-22 17:47:40,832,337,2005-08-29 15:28:40,2,2006-02-16 02:30:53
15242,2005-08-22 17:48:10,2106,364,2005-08-27 23:32:10,1,2006-02-16 02:30:53
15243,2005-08-22 17:48:28,4408,308,2005-08-31 13:22:28,1,2006-02-16 02:30:53
15244,2005-08-22 17:48:42,1486,271,2005-08-28 13:17:42,2,2006-02-16 02:30:53
15245,2005-08-22 17:49:35,2545,298,2005-08-26 18:25:35,2,2006-02-16 02:30:53
15246,2005-08-22 17:50:49,3786,100,2005-08-30 22:21:49,1,2006-02-16 02:30:53
15247,2005-08-22 17:52:05,4572,250,2005-08-31 21:37:05,1,2006-02-16 02:30:53
15248,2005-08-22 17:53:06,977,20,2005-08-25 18:43:06,2,2006-02-16 02:30:53
15249,2005-08-22 17:58:27,121,444,2005-08-30 14:55:27,1,2006-02-16 02:30:53
15250,2005-08-22 18:03:11,2176,143,2005-08-27 12:19:11,2,2006-02-16 02:30:53
15251,2005-08-22 18:03:57,1994,285,2005-08-23 20:56:57,2,2006-02-16 02:30:53
15252,2005-08-22 18:04:22,1821,453,2005-08-25 17:14:22,2,2006-02-16 02:30:53
15253,2005-08-22 18:05:21,4143,333,2005-08-23 18:06:21,2,2006-02-16 02:30:53
15254,2005-08-22 18:13:07,3762,209,2005-08-24 21:55:07,1,2006-02-16 02:30:53
15255,2005-08-22 18:16:50,3415,84,2005-08-28 14:14:50,2,2006-02-16 02:30:53
15256,2005-08-22 18:20:07,1873,198,2005-08-28 12:57:07,1,2006-02-16 02:30:53
15257,2005-08-22 18:21:04,915,223,2005-08-30 20:13:04,1,2006-02-16 02:30:53
15258,2005-08-22 18:22:44,788,293,2005-08-25 16:54:44,1,2006-02-16 02:30:53
15259,2005-08-22 18:23:23,3261,488,2005-08-27 13:06:23,1,2006-02-16 02:30:53
15260,2005-08-22 18:24:16,3135,274,2005-08-24 21:26:16,1,2006-02-16 02:30:53
15261,2005-08-22 18:24:34,2200,140,2005-08-27 19:53:34,1,2006-02-16 02:30:53
15262,2005-08-22 18:25:21,2534,298,2005-08-28 22:19:21,1,2006-02-16 02:30:53
15263,2005-08-22 18:27:33,184,324,2005-08-30 14:05:33,1,2006-02-16 02:30:53
15264,2005-08-22 18:27:38,4459,440,2005-08-24 12:39:38,1,2006-02-16 02:30:53
15265,2005-08-22 18:35:59,1763,512,2005-08-28 21:18:59,2,2006-02-16 02:30:53
15266,2005-08-22 18:37:24,1870,124,2005-08-23 17:34:24,2,2006-02-16 02:30:53
15267,2005-08-22 18:37:48,2966,153,2005-08-24 00:22:48,1,2006-02-16 02:30:53
15268,2005-08-22 18:39:11,1245,301,2005-08-26 21:46:11,1,2006-02-16 02:30:53
15269,2005-08-22 18:39:44,524,275,2005-08-24 17:29:44,1,2006-02-16 02:30:53
15270,2005-08-22 18:48:42,4123,262,2005-08-28 15:38:42,2,2006-02-16 02:30:53
15271,2005-08-22 18:48:48,4232,59,2005-08-30 00:45:48,2,2006-02-16 02:30:53
15272,2005-08-22 18:49:40,1664,422,2005-08-28 21:22:40,1,2006-02-16 02:30:53
15273,2005-08-22 18:53:28,2558,422,2005-08-30 18:58:28,2,2006-02-16 02:30:53
15274,2005-08-22 18:55:52,3519,515,2005-08-23 20:02:52,1,2006-02-16 02:30:53
15275,2005-08-22 18:57:39,1522,597,2005-08-23 19:00:39,2,2006-02-16 02:30:53
15276,2005-08-22 18:59:01,4523,490,2005-08-23 19:49:01,2,2006-02-16 02:30:53
15277,2005-08-22 19:02:48,1780,217,2005-08-31 18:53:48,2,2006-02-16 02:30:53
15278,2005-08-22 19:06:47,2454,472,2005-08-25 01:00:47,2,2006-02-16 02:30:53
15279,2005-08-22 19:08:49,1088,363,2005-08-30 00:38:49,2,2006-02-16 02:30:53
15280,2005-08-22 19:09:52,3464,317,2005-08-28 00:39:52,1,2006-02-16 02:30:53
15281,2005-08-22 19:10:26,3992,543,2005-08-27 21:55:26,2,2006-02-16 02:30:53
15282,2006-02-14 15:16:03,1932,163,,1,2006-02-16 02:30:53
15283,2005-08-22 19:16:04,1688,219,2005-08-31 21:05:04,1,2006-02-16 02:30:53
15284,2005-08-22 19:17:08,2265,393,2005-08-29 13:28:08,2,2006-02-16 02:30:53
15285,2005-08-22 19:17:24,481,233,2005-08-25 00:25:24,1,2006-02-16 02:30:53
15286,2005-08-22 19:17:56,3731,74,2005-08-29 16:08:56,2,2006-02-16 02:30:53
15287,2005-08-22 19:19:37,308,535,2005-08-29 16:05:37,1,2006-02-16 02:30:53
15288,2005-08-22 19:23:58,1999,475,2005-08-26 23:28:58,1,2006-02-16 02:30:53
15289,2005-08-22 19:27:24,1026,513,2005-08-30 22:21:24,1,2006-02-16 02:30:53
15290,2005-08-22 19:28:02,270,404,2005-08-31 20:04:02,2,2006-02-16 02:30:53
15291,2005-08-22 19:28:04,1461,494,2005-08-26 15:07:04,1,2006-02-16 02:30:53
15292,2005-08-22 19:28:56,3072,337,2005-08-28 22:39:56,2,2006-02-16 02:30:53
15293,2006-02-14 15:16:03,1219,263,,2,2006-02-16 02:30:53
15294,2006-02-14 15:16:03,70,108,,1,2006-02-16 02:30:53
15295,2005-08-22 19:36:21,2164,186,2005-08-31 00:07:21,2,2006-02-16 02:30:53
15296,2005-08-22 19:37:20,2715,55,2005-08-24 15:16:20,1,2006-02-16 02:30:53
15297,2006-02-14 15:16:03,3192,327,,2,2006-02-16 02:30:53
15298,2005-08-22 19:41:37,1446,1,2005-08-28 22:49:37,1,2006-02-16 02:30:53
15299,2005-08-22 19:42:57,767,381,2005-08-23 15:29:57,2,2006-02-16 02:30:53
15300,2005-08-22 19:44:00,2319,399,2005-08-25 22:49:00,2,2006-02-16 02:30:53
15301,2005-08-22 19:44:16,619,454,2005-08-26 22:57:16,2,2006-02-16 02:30:53
15302,2005-08-22 19:44:53,188,320,2005-08-24 18:13:53,2,2006-02-16 02:30:53
15303,2005-08-22 19:44:59,1672,390,2005-08-30 21:59:59,1,2006-02-16 02:30:53
15304,2005-08-22 19:45:57,4332,112,2005-08-28 00:21:57,2,2006-02-16 02:30:53
15305,2005-08-22 19:46:05,671,529,2005-08-27 19:11:05,2,2006-02-16 02:30:53
15306,2005-08-22 19:46:36,521,340,2005-08-27 14:09:36,1,2006-02-16 02:30:53
15307,2005-08-22 19:54:26,4525,598,2005-08-29 01:38:26,2,2006-02-16 02:30:53
15308,2005-08-22 19:54:31,987,329,2005-08-26 23:09:31,1,2006-02-16 02:30:53
15309,2005-08-22 19:54:52,2743,141,2005-08-24 23:00:52,2,2006-02-16 02:30:53
15310,2005-08-22 19:56:41,2546,360,2005-08-24 16:32:41,2,2006-02-16 02:30:53
15311,2005-08-22 19:56:52,3612,176,2005-08-31 20:15:52,2,2006-02-16 02:30:53
15312,2005-08-22 19:58:15,2509,280,2005-08-25 19:21:15,2,2006-02-16 02:30:53
15313,2005-08-22 19:59:42,2587,333,2005-08-24 15:03:42,2,2006-02-16 02:30:53
15314,2006-02-14 15:16:03,2754,412,,1,2006-02-16 02:30:53
15315,2005-08-22 20:03:46,312,1,2005-08-30 01:51:46,2,2006-02-16 02:30:53
15316,2005-08-22 20:07:03,1830,422,2005-08-27 18:45:03,1,2006-02-16 02:30:53
15317,2005-08-22 20:14:13,2325,512,2005-08-29 18:32:13,1,2006-02-16 02:30:53
15318,2005-08-22 20:15:16,1738,60,2005-08-25 14:17:16,1,2006-02-16 02:30:53
15319,2005-08-22 20:17:17,3041,188,2005-08-25 01:06:17,2,2006-02-16 02:30:53
15320,2005-08-22 20:17:49,648,407,2005-08-28 17:31:49,1,2006-02-16 02:30:53
15321,2005-08-22 20:20:04,4152,384,2005-08-24 23:26:04,2,2006-02-16 02:30:53
15322,2005-08-22 20:20:30,3553,263,2005-08-25 01:26:30,2,2006-02-16 02:30:53
15323,2005-08-22 20:22:40,1153,178,2005-08-26 00:35:40,1,2006-02-16 02:30:53
15324,2005-08-22 20:23:13,161,93,2005-08-29 18:23:13,1,2006-02-16 02:30:53
15325,2005-08-22 20:27:38,3549,74,2005-08-23 15:24:38,1,2006-02-16 02:30:53
15326,2006-02-14 15:16:03,3320,58,,1,2006-02-16 02:30:53
15327,2005-08-22 20:31:24,1018,450,2005-08-30 23:52:24,1,2006-02-16 02:30:53
15328,2005-08-22 20:31:38,4546,274,2005-08-29 20:17:38,1,2006-02-16 02:30:53
15329,2005-08-22 20:32:39,1900,521,2005-08-23 17:15:39,1,2006-02-16 02:30:53
15330,2005-08-22 20:35:30,689,427,2005-08-30 21:54:30,1,2006-02-16 02:30:53
15331,2005-08-22 20:37:57,146,147,2005-08-25 21:56:57,1,2006-02-16 02:30:53
15332,2005-08-22 20:41:53,3368,162,2005-08-24 01:45:53,1,2006-02-16 02:30:53
15333,2005-08-22 20:44:06,1839,142,2005-08-29 22:34:06,2,2006-02-16 02:30:53
15334,2005-08-22 20:44:35,3882,407,2005-08-29 23:03:35,2,2006-02-16 02:30:53
15335,2005-08-22 20:44:55,1593,363,2005-08-28 21:43:55,1,2006-02-16 02:30:53
15336,2005-08-22 20:47:48,490,461,2005-08-31 18:17:48,2,2006-02-16 02:30:53
15337,2005-08-22 20:49:51,280,237,2005-08-26 23:27:51,1,2006-02-16 02:30:53
15338,2005-08-22 20:51:24,502,13,2005-08-24 23:41:24,2,2006-02-16 02:30:53
15339,2005-08-22 20:52:12,1660,331,2005-08-26 00:36:12,2,2006-02-16 02:30:53
15340,2005-08-22 20:55:56,3653,313,2005-08-27 18:52:56,1,2006-02-16 02:30:53
15341,2005-08-22 20:56:31,3359,91,2005-08-30 17:25:31,1,2006-02-16 02:30:53
15342,2005-08-22 20:56:41,3287,459,2005-08-26 22:51:41,2,2006-02-16 02:30:53
15343,2005-08-22 21:01:25,2589,538,2005-08-28 16:15:25,1,2006-02-16 02:30:53
15344,2005-08-22 21:01:48,3560,193,2005-08-27 15:47:48,1,2006-02-16 02:30:53
15345,2005-08-22 21:05:50,3481,277,2005-08-26 20:30:50,1,2006-02-16 02:30:53
15346,2005-08-22 21:06:00,3525,266,2005-08-28 22:08:00,1,2006-02-16 02:30:53
15347,2005-08-22 21:12:19,3764,519,2005-08-24 20:12:19,1,2006-02-16 02:30:53
15348,2005-08-22 21:13:46,3846,587,2005-08-24 17:06:46,1,2006-02-16 02:30:53
15349,2005-08-22 21:13:51,4055,587,2005-08-23 20:55:51,1,2006-02-16 02:30:53
15350,2005-08-22 21:15:29,1170,488,2005-08-24 02:56:29,1,2006-02-16 02:30:53
15351,2005-08-22 21:15:46,3260,154,2005-08-23 17:38:46,1,2006-02-16 02:30:53
15352,2005-08-22 21:16:54,16,560,2005-08-31 00:38:54,2,2006-02-16 02:30:53
15353,2005-08-22 21:18:08,3470,368,2005-08-25 20:29:08,2,2006-02-16 02:30:53
15354,2005-08-22 21:18:59,4212,412,2005-08-27 20:12:59,2,2006-02-16 02:30:53
15355,2005-08-22 21:19:24,3477,493,2005-08-28 20:36:24,2,2006-02-16 02:30:53
15356,2005-08-22 21:24:19,4507,539,2005-08-25 22:32:19,2,2006-02-16 02:30:53
15357,2005-08-22 21:28:59,727,24,2005-08-25 17:15:59,1,2006-02-16 02:30:53
15358,2005-08-22 21:29:14,822,448,2005-08-31 00:10:14,2,2006-02-16 02:30:53
15359,2005-08-22 21:34:00,4505,77,2005-08-29 18:59:00,1,2006-02-16 02:30:53
15360,2005-08-22 21:36:51,1950,531,2005-08-24 16:46:51,1,2006-02-16 02:30:53
15361,2005-08-22 21:39:45,1407,380,2005-08-23 17:32:45,2,2006-02-16 02:30:53
15362,2005-08-22 21:40:20,1023,497,2005-08-29 15:55:20,1,2006-02-16 02:30:53
15363,2005-08-22 21:41:40,2326,480,2005-08-23 21:40:40,1,2006-02-16 02:30:53
15364,2005-08-22 21:41:41,4184,204,2005-08-28 00:49:41,1,2006-02-16 02:30:53
15365,2005-08-22 21:42:17,3382,327,2005-09-01 03:14:17,2,2006-02-16 02:30:53
15366,2005-08-22 21:45:57,1453,374,2005-08-30 16:35:57,1,2006-02-16 02:30:53
15367,2005-08-22 21:47:53,160,355,2005-08-27 17:54:53,2,2006-02-16 02:30:53
15368,2005-08-22 21:57:15,1130,370,2005-08-29 16:28:15,1,2006-02-16 02:30:53
15369,2005-08-22 21:58:06,881,121,2005-08-26 00:27:06,2,2006-02-16 02:30:53
15370,2005-08-22 21:59:29,67,10,2005-08-27 16:32:29,1,2006-02-16 02:30:53
15371,2006-02-14 15:16:03,3672,94,,2,2006-02-16 02:30:53
15372,2005-08-22 21:59:51,3876,273,2005-08-23 17:01:51,1,2006-02-16 02:30:53
15373,2005-08-22 22:08:11,4439,14,2005-08-24 01:05:11,2,2006-02-16 02:30:53
15374,2005-08-22 22:09:09,4275,8,2005-08-31 01:10:09,1,2006-02-16 02:30:53
15375,2005-08-22 22:12:02,3864,191,2005-08-24 00:50:02,2,2006-02-16 02:30:53
15376,2005-08-22 22:21:35,2963,390,2005-08-28 20:56:35,1,2006-02-16 02:30:53
15377,2005-08-22 22:22:33,3405,551,2005-08-29 18:41:33,1,2006-02-16 02:30:53
15378,2005-08-22 22:25:17,1483,340,2005-08-30 17:04:17,1,2006-02-16 02:30:53
15379,2005-08-22 22:26:13,1899,148,2005-08-31 18:19:13,1,2006-02-16 02:30:53
15380,2005-08-22 22:28:15,3642,423,2005-08-28 23:21:15,1,2006-02-16 02:30:53
15381,2005-08-22 22:28:36,845,110,2005-08-24 19:26:36,2,2006-02-16 02:30:53
15382,2005-08-22 22:30:50,333,376,2005-08-24 04:07:50,2,2006-02-16 02:30:53
15383,2005-08-22 22:31:20,686,405,2005-08-28 17:43:20,1,2006-02-16 02:30:53
15384,2005-08-22 22:34:44,3208,26,2005-08-23 23:25:44,2,2006-02-16 02:30:53
15385,2005-08-22 22:37:34,140,434,2005-08-26 00:36:34,2,2006-02-16 02:30:53
15386,2005-08-22 22:41:14,3056,327,2005-08-29 22:29:14,1,2006-02-16 02:30:53
15387,2005-08-22 22:49:13,3879,323,2005-08-29 01:49:13,2,2006-02-16 02:30:53
15388,2005-08-22 22:49:23,3995,50,2005-09-01 03:50:23,2,2006-02-16 02:30:53
15389,2005-08-22 22:51:13,2077,231,2005-08-28 23:46:13,1,2006-02-16 02:30:53
15390,2005-08-22 22:57:25,462,551,2005-08-31 18:06:25,1,2006-02-16 02:30:53
15391,2005-08-22 23:01:45,3918,482,2005-08-29 02:59:45,2,2006-02-16 02:30:53
15392,2005-08-22 23:02:15,538,410,2005-09-01 01:14:15,2,2006-02-16 02:30:53
15393,2005-08-22 23:04:09,2924,443,2005-08-27 02:23:09,2,2006-02-16 02:30:53
15394,2005-08-22 23:04:21,3455,507,2005-08-25 20:53:21,2,2006-02-16 02:30:53
15395,2005-08-22 23:06:25,2880,526,2005-08-30 19:18:25,1,2006-02-16 02:30:53
15396,2005-08-22 23:07:57,4050,319,2005-08-28 19:39:57,2,2006-02-16 02:30:53
15397,2005-08-22 23:08:46,1482,261,2005-08-25 20:58:46,1,2006-02-16 02:30:53
15398,2005-08-22 23:10:49,4451,109,2005-08-28 00:49:49,2,2006-02-16 02:30:53
15399,2005-08-22 23:11:59,3858,379,2005-08-26 22:16:59,2,2006-02-16 02:30:53
15400,2005-08-22 23:13:03,2664,473,2005-08-28 18:34:03,1,2006-02-16 02:30:53
15401,2005-08-22 23:13:10,1721,103,2005-09-01 03:44:10,1,2006-02-16 02:30:53
15402,2005-08-22 23:17:41,1575,293,2005-08-30 20:07:41,2,2006-02-16 02:30:53
15403,2005-08-22 23:18:10,4315,581,2005-08-23 18:08:10,2,2006-02-16 02:30:53
15404,2005-08-22 23:19:44,3557,211,2005-08-30 19:58:44,2,2006-02-16 02:30:53
15405,2005-08-22 23:20:41,3263,596,2005-08-25 23:53:41,1,2006-02-16 02:30:53
15406,2005-08-22 23:21:22,400,227,2005-08-28 22:21:22,1,2006-02-16 02:30:53
15407,2006-02-14 15:16:03,3330,42,,2,2006-02-16 02:30:53
15408,2005-08-22 23:26:32,165,156,2005-08-30 20:22:32,1,2006-02-16 02:30:53
15409,2005-08-22 23:26:32,560,188,2005-08-24 22:44:32,1,2006-02-16 02:30:53
15410,2005-08-22 23:27:43,2052,403,2005-08-29 05:12:43,2,2006-02-16 02:30:53
15411,2005-08-22 23:35:41,4423,461,2005-08-26 00:51:41,1,2006-02-16 02:30:53
15412,2005-08-22 23:37:11,1267,199,2005-08-28 23:26:11,2,2006-02-16 02:30:53
15413,2005-08-22 23:38:01,2494,476,2005-08-23 19:27:01,2,2006-02-16 02:30:53
15414,2005-08-22 23:43:54,718,532,2005-08-30 18:26:54,1,2006-02-16 02:30:53
15415,2005-08-22 23:48:56,4176,204,2005-09-01 02:05:56,1,2006-02-16 02:30:53
15416,2005-08-22 23:51:23,1167,383,2005-08-29 20:03:23,1,2006-02-16 02:30:53
15417,2005-08-22 23:54:04,1826,305,2005-08-26 22:25:04,1,2006-02-16 02:30:53
15418,2005-08-22 23:54:14,808,205,2005-08-28 04:23:14,2,2006-02-16 02:30:53
15419,2005-08-22 23:54:36,1120,450,2005-08-25 00:52:36,1,2006-02-16 02:30:53
15420,2005-08-22 23:55:51,1396,161,2005-08-31 20:09:51,2,2006-02-16 02:30:53
15421,2005-08-22 23:56:37,3,541,2005-08-25 18:58:37,2,2006-02-16 02:30:53
15422,2005-08-22 23:58:09,2601,309,2005-08-30 19:03:09,2,2006-02-16 02:30:53
15423,2006-02-14 15:16:03,1786,596,,1,2006-02-16 02:30:53
15424,2005-08-23 00:03:01,3452,138,2005-08-27 23:27:01,2,2006-02-16 02:30:53
15425,2005-08-23 00:05:57,551,259,2005-09-01 05:08:57,1,2006-02-16 02:30:53
15426,2005-08-23 00:07:19,3280,347,2005-08-26 23:19:19,1,2006-02-16 02:30:53
15427,2005-08-23 00:07:53,2775,448,2005-09-01 02:55:53,2,2006-02-16 02:30:53
15428,2005-08-23 00:11:52,4379,402,2005-08-24 02:35:52,1,2006-02-16 02:30:53
15429,2005-08-23 00:20:31,740,241,2005-08-23 20:22:31,1,2006-02-16 02:30:53
15430,2006-02-14 15:16:03,4353,282,,1,2006-02-16 02:30:53
15431,2005-08-23 00:26:47,3251,550,2005-08-31 23:26:47,2,2006-02-16 02:30:53
15432,2005-08-23 00:26:52,1896,117,2005-08-27 06:11:52,1,2006-02-16 02:30:53
15433,2005-08-23 00:27:18,155,198,2005-08-26 21:36:18,1,2006-02-16 02:30:53
15434,2005-08-23 00:28:16,4378,518,2005-08-26 04:27:16,2,2006-02-16 02:30:53
15435,2005-08-23 00:28:19,2103,468,2005-08-26 00:44:19,2,2006-02-16 02:30:53
15436,2005-08-23 00:30:26,1527,505,2005-08-28 06:29:26,1,2006-02-16 02:30:53
15437,2005-08-23 00:31:09,4236,368,2005-08-30 06:17:09,2,2006-02-16 02:30:53
15438,2005-08-23 00:31:57,2030,46,2005-08-26 20:02:57,1,2006-02-16 02:30:53
15439,2005-08-23 00:34:28,3848,136,2005-08-27 01:07:28,1,2006-02-16 02:30:53
15440,2005-08-23 00:37:21,2254,559,2005-08-24 23:24:21,1,2006-02-16 02:30:53
15441,2006-02-14 15:16:03,258,422,,2,2006-02-16 02:30:53
15442,2005-08-23 00:42:49,1452,42,2005-08-27 00:35:49,1,2006-02-16 02:30:53
15443,2005-08-23 00:44:15,742,598,2005-09-01 05:33:15,2,2006-02-16 02:30:53
15444,2005-08-23 00:46:52,959,153,2005-08-29 20:37:52,2,2006-02-16 02:30:53
15445,2005-08-23 00:48:29,196,28,2005-08-28 00:33:29,1,2006-02-16 02:30:53
15446,2005-08-23 00:49:24,503,379,2005-08-26 02:09:24,2,2006-02-16 02:30:53
15447,2005-08-23 00:53:57,4090,331,2005-08-29 06:19:57,2,2006-02-16 02:30:53
15448,2005-08-23 00:55:24,2903,490,2005-08-25 02:20:24,1,2006-02-16 02:30:53
15449,2005-08-23 00:55:43,2856,461,2005-08-28 03:41:43,1,2006-02-16 02:30:53
15450,2005-08-23 00:56:01,1102,322,2005-08-24 01:00:01,2,2006-02-16 02:30:53
15451,2005-08-23 00:56:27,231,514,2005-08-24 00:15:27,2,2006-02-16 02:30:53
15452,2005-08-23 00:57:12,717,115,2005-08-28 00:19:12,1,2006-02-16 02:30:53
15453,2005-08-23 01:01:01,2,359,2005-08-30 20:08:01,1,2006-02-16 02:30:53
15454,2006-02-14 15:16:03,2946,142,,2,2006-02-16 02:30:53
15455,2005-08-23 01:05:00,3991,238,2005-08-26 22:56:00,1,2006-02-16 02:30:53
15456,2005-08-23 01:07:01,2451,262,2005-08-24 23:28:01,2,2006-02-16 02:30:53
15457,2005-08-23 01:07:37,4539,306,2005-08-26 19:46:37,1,2006-02-16 02:30:53
15458,2006-02-14 15:16:03,25,590,,2,2006-02-16 02:30:53
15459,2005-08-23 01:09:48,2058,346,2005-08-24 04:52:48,1,2006-02-16 02:30:53
15460,2005-08-23 01:10:42,2907,20,2005-08-28 20:49:42,2,2006-02-16 02:30:53
15461,2005-08-23 01:13:52,4542,103,2005-08-30 00:44:52,1,2006-02-16 02:30:53
15462,2005-08-23 01:14:01,3267,389,2005-08-29 19:52:01,1,2006-02-16 02:30:53
15463,2005-08-23 01:15:07,863,127,2005-08-29 06:50:07,1,2006-02-16 02:30:53
15464,2005-08-23 01:15:18,3235,62,2005-08-29 02:58:18,2,2006-02-16 02:30:53
15465,2005-08-23 01:16:33,362,520,2005-08-28 20:08:33,2,2006-02-16 02:30:53
15466,2005-08-23 01:16:55,571,418,2005-08-29 22:57:55,1,2006-02-16 02:30:53
15467,2005-08-23 01:22:12,3658,103,2005-08-29 23:42:12,2,2006-02-16 02:30:53
15468,2005-08-23 01:25:30,2440,399,2005-08-28 01:40:30,2,2006-02-16 02:30:53
15469,2005-08-23 01:29:59,1939,597,2005-08-27 04:02:59,1,2006-02-16 02:30:53
15470,2005-08-23 01:35:12,3009,416,2005-09-01 05:33:12,1,2006-02-16 02:30:53
15471,2005-08-23 01:38:48,2591,139,2005-08-31 19:47:48,1,2006-02-16 02:30:53
15472,2005-08-23 01:39:05,4293,226,2005-08-25 04:43:05,1,2006-02-16 02:30:53
15473,2005-08-23 01:39:10,356,259,2005-08-25 03:48:10,1,2006-02-16 02:30:53
15474,2005-08-23 01:39:10,3015,188,2005-08-23 21:46:10,2,2006-02-16 02:30:53
15475,2005-08-23 01:44:43,4503,562,2005-08-23 23:53:43,2,2006-02-16 02:30:53
15476,2005-08-23 01:45:07,2478,433,2005-08-26 21:07:07,2,2006-02-16 02:30:53
15477,2005-08-23 01:46:35,2406,142,2005-08-28 22:12:35,1,2006-02-16 02:30:53
15478,2005-08-23 01:50:31,4563,167,2005-08-27 21:40:31,2,2006-02-16 02:30:53
15479,2005-08-23 01:50:53,4182,149,2005-08-29 00:53:53,1,2006-02-16 02:30:53
15480,2005-08-23 01:57:20,3298,577,2005-08-26 04:43:20,2,2006-02-16 02:30:53
15481,2005-08-23 01:59:14,3262,414,2005-08-27 04:38:14,1,2006-02-16 02:30:53
15482,2005-08-23 02:01:20,3923,181,2005-08-24 03:25:20,2,2006-02-16 02:30:53
15483,2005-08-23 02:02:53,2970,173,2005-08-26 04:13:53,1,2006-02-16 02:30:53
15484,2005-08-23 02:04:49,642,342,2005-08-24 05:46:49,1,2006-02-16 02:30:53
15485,2005-08-23 02:04:57,281,114,2005-08-28 07:05:57,2,2006-02-16 02:30:53
15486,2005-08-23 02:05:20,1666,502,2005-08-29 07:52:20,2,2006-02-16 02:30:53
15487,2005-08-23 02:05:51,2636,469,2005-08-25 04:45:51,1,2006-02-16 02:30:53
15488,2005-08-23 02:06:01,4535,385,2005-08-29 21:35:01,2,2006-02-16 02:30:53
15489,2005-08-23 02:06:41,764,285,2005-08-25 06:50:41,1,2006-02-16 02:30:53
15490,2005-08-23 02:08:18,3922,493,2005-08-30 06:15:18,1,2006-02-16 02:30:53
15491,2005-08-23 02:08:40,2059,28,2005-08-23 20:23:40,2,2006-02-16 02:30:53
15492,2005-08-23 02:13:46,1298,520,2005-08-26 21:53:46,2,2006-02-16 02:30:53
15493,2005-08-23 02:20:53,3521,308,2005-08-25 23:02:53,1,2006-02-16 02:30:53
15494,2005-08-23 02:25:09,2968,455,2005-08-27 00:18:09,1,2006-02-16 02:30:53
15495,2005-08-23 02:26:10,4310,193,2005-08-30 01:07:10,2,2006-02-16 02:30:53
15496,2005-08-23 02:30:23,1863,275,2005-08-31 03:31:23,2,2006-02-16 02:30:53
15497,2006-02-14 15:16:03,363,107,,1,2006-02-16 02:30:53
15498,2005-08-23 02:33:27,1583,83,2005-08-23 22:30:27,1,2006-02-16 02:30:53
15499,2005-08-23 02:37:19,630,488,2005-08-23 20:57:19,1,2006-02-16 02:30:53
15500,2005-08-23 02:39:37,886,74,2005-08-27 06:42:37,1,2006-02-16 02:30:53
15501,2005-08-23 02:39:56,4468,138,2005-08-25 04:39:56,1,2006-02-16 02:30:53
15502,2005-08-23 02:40:04,3219,433,2005-08-31 00:36:04,2,2006-02-16 02:30:53
15503,2005-08-23 02:44:49,4519,582,2005-08-27 06:33:49,2,2006-02-16 02:30:53
15504,2005-08-23 02:45:21,1967,315,2005-09-01 03:24:21,2,2006-02-16 02:30:53
15505,2005-08-23 02:46:13,1144,375,2005-08-26 23:34:13,2,2006-02-16 02:30:53
15506,2005-08-23 02:48:24,1914,553,2005-08-28 04:10:24,1,2006-02-16 02:30:53
15507,2005-08-23 02:48:26,3130,563,2005-08-27 01:32:26,1,2006-02-16 02:30:53
15508,2005-08-23 02:49:04,4035,293,2005-08-29 00:58:04,1,2006-02-16 02:30:53
15509,2005-08-23 02:51:24,1291,6,2005-08-31 06:21:24,2,2006-02-16 02:30:53
15510,2005-08-23 02:51:27,3239,209,2005-09-01 02:44:27,2,2006-02-16 02:30:53
15511,2005-08-23 02:55:42,3327,303,2005-08-31 03:14:42,2,2006-02-16 02:30:53
15512,2005-08-23 02:57:30,4336,25,2005-08-25 01:47:30,2,2006-02-16 02:30:53
15513,2005-08-23 03:01:56,3779,147,2005-08-24 23:46:56,2,2006-02-16 02:30:53
15514,2005-08-23 03:03:40,2824,366,2005-08-24 01:06:40,1,2006-02-16 02:30:53
15515,2005-08-23 03:03:53,3940,307,2005-08-25 08:27:53,2,2006-02-16 02:30:53
15516,2005-08-23 03:12:54,219,82,2005-08-30 04:02:54,1,2006-02-16 02:30:53
15517,2005-08-23 03:13:01,2221,187,2005-08-25 21:14:01,2,2006-02-16 02:30:53
15518,2005-08-23 03:19:34,3522,410,2005-08-24 02:55:34,1,2006-02-16 02:30:53
15519,2005-08-23 03:23:32,542,443,2005-08-25 03:48:32,1,2006-02-16 02:30:53
15520,2005-08-23 03:30:45,1792,163,2005-09-01 00:20:45,1,2006-02-16 02:30:53
15521,2005-08-23 03:30:51,134,331,2005-08-28 22:09:51,1,2006-02-16 02:30:53
15522,2005-08-23 03:32:31,2396,468,2005-08-30 02:17:31,2,2006-02-16 02:30:53
15523,2005-08-23 03:32:36,2570,432,2005-08-26 22:08:36,2,2006-02-16 02:30:53
15524,2005-08-23 03:36:26,2886,68,2005-08-26 06:28:26,2,2006-02-16 02:30:53
15525,2005-08-23 03:43:32,3509,123,2005-08-25 07:31:32,2,2006-02-16 02:30:53
15526,2005-08-23 03:44:30,2892,516,2005-08-30 08:19:30,1,2006-02-16 02:30:53
15527,2005-08-23 03:44:51,88,393,2005-08-25 03:09:51,1,2006-02-16 02:30:53
15528,2005-08-23 03:45:40,3033,114,2005-08-25 01:16:40,1,2006-02-16 02:30:53
15529,2005-08-23 03:46:47,4015,19,2005-08-24 00:59:47,1,2006-02-16 02:30:53
15530,2005-08-23 03:50:48,154,167,2005-08-28 22:17:48,2,2006-02-16 02:30:53
15531,2005-08-23 03:52:36,2410,355,2005-08-25 23:21:36,1,2006-02-16 02:30:53
15532,2006-02-14 15:16:03,1061,23,,1,2006-02-16 02:30:53
15533,2005-08-23 03:54:39,1895,400,2005-08-26 08:27:39,2,2006-02-16 02:30:53
15534,2005-08-23 03:55:54,544,169,2005-08-24 03:54:54,1,2006-02-16 02:30:53
15535,2005-08-23 03:58:02,2371,346,2005-08-25 05:06:02,2,2006-02-16 02:30:53
15536,2005-08-23 03:58:28,4004,98,2005-08-31 03:28:28,2,2006-02-16 02:30:53
15537,2005-08-23 04:00:30,2958,137,2005-08-24 01:45:30,2,2006-02-16 02:30:53
15538,2005-08-23 04:07:37,4226,211,2005-08-28 07:37:37,1,2006-02-16 02:30:53
15539,2005-08-23 04:09:03,2853,582,2005-08-26 04:01:03,1,2006-02-16 02:30:53
15540,2005-08-23 04:12:52,1696,197,2005-08-31 04:25:52,1,2006-02-16 02:30:53
15541,2005-08-23 04:13:53,2762,148,2005-08-29 05:51:53,1,2006-02-16 02:30:53
15542,2006-02-14 15:16:03,21,111,,1,2006-02-16 02:30:53
15543,2005-08-23 04:15:41,3836,282,2005-09-01 05:09:41,2,2006-02-16 02:30:53
15544,2005-08-23 04:17:56,1918,30,2005-09-01 00:43:56,2,2006-02-16 02:30:53
15545,2005-08-23 04:20:16,843,513,2005-08-29 08:22:16,1,2006-02-16 02:30:53
15546,2005-08-23 04:20:38,2087,223,2005-09-01 09:57:38,2,2006-02-16 02:30:53
15547,2005-08-23 04:25:50,1488,69,2005-08-26 00:57:50,1,2006-02-16 02:30:53
15548,2005-08-23 04:26:20,2350,334,2005-08-28 01:27:20,1,2006-02-16 02:30:53
15549,2005-08-23 04:27:06,369,170,2005-09-01 06:07:06,1,2006-02-16 02:30:53
15550,2005-08-23 04:27:54,1375,465,2005-08-29 01:29:54,1,2006-02-16 02:30:53
15551,2005-08-23 04:28:25,3570,345,2005-08-26 07:19:25,1,2006-02-16 02:30:53
15552,2005-08-23 04:33:23,4347,527,2005-09-01 10:25:23,2,2006-02-16 02:30:53
15553,2005-08-23 04:33:39,1659,232,2005-08-25 07:53:39,2,2006-02-16 02:30:53
15554,2005-08-23 04:48:12,198,280,2005-08-29 05:11:12,1,2006-02-16 02:30:53
15555,2005-08-23 04:51:52,1869,347,2005-08-24 01:01:52,1,2006-02-16 02:30:53
15556,2005-08-23 04:52:16,3683,108,2005-09-01 02:05:16,2,2006-02-16 02:30:53
15557,2005-08-23 04:52:17,3641,444,2005-08-30 02:15:17,2,2006-02-16 02:30:53
15558,2005-08-23 04:52:22,638,474,2005-09-01 02:26:22,1,2006-02-16 02:30:53
15559,2005-08-23 04:55:05,1773,517,2005-08-30 09:01:05,2,2006-02-16 02:30:53
15560,2005-08-23 05:01:13,3616,107,2005-09-01 05:02:13,1,2006-02-16 02:30:53
15561,2005-08-23 05:02:31,68,469,2005-09-01 02:51:31,1,2006-02-16 02:30:53
15562,2005-08-23 05:04:33,4238,149,2005-08-27 09:58:33,1,2006-02-16 02:30:53
15563,2005-08-23 05:08:58,170,372,2005-08-24 04:24:58,1,2006-02-16 02:30:53
15564,2005-08-23 05:10:42,1268,353,2005-08-30 03:17:42,1,2006-02-16 02:30:53
15565,2005-08-23 05:13:09,71,546,2005-08-30 08:58:09,2,2006-02-16 02:30:53
15566,2005-08-23 05:17:23,4344,76,2005-09-01 08:09:23,2,2006-02-16 02:30:53
15567,2005-08-23 05:20:36,2506,54,2005-08-24 10:09:36,2,2006-02-16 02:30:53
15568,2005-08-23 05:24:09,988,556,2005-08-27 08:57:09,2,2006-02-16 02:30:53
15569,2005-08-23 05:24:29,1071,313,2005-08-30 08:23:29,2,2006-02-16 02:30:53
15570,2005-08-23 05:24:55,4014,557,2005-08-31 07:06:55,2,2006-02-16 02:30:53
15571,2005-08-23 05:26:30,716,57,2005-08-29 00:54:30,2,2006-02-16 02:30:53
15572,2005-08-23 05:28:01,2816,506,2005-08-27 00:14:01,2,2006-02-16 02:30:53
15573,2005-08-23 05:28:36,3133,561,2005-08-27 05:37:36,2,2006-02-16 02:30:53
15574,2005-08-23 05:29:32,3253,130,2005-09-01 01:25:32,2,2006-02-16 02:30:53
15575,2005-08-23 05:30:19,3916,218,2005-08-27 05:19:19,2,2006-02-16 02:30:53
15576,2005-08-23 05:32:03,3257,595,2005-08-26 02:31:03,1,2006-02-16 02:30:53
15577,2006-02-14 15:16:03,539,29,,2,2006-02-16 02:30:53
15578,2005-08-23 05:37:13,2829,302,2005-08-27 01:11:13,1,2006-02-16 02:30:53
15579,2005-08-23 05:38:41,3986,480,2005-08-29 09:18:41,1,2006-02-16 02:30:53
15580,2005-08-23 05:39:06,754,279,2005-09-01 01:14:06,2,2006-02-16 02:30:53
15581,2005-08-23 05:42:13,4010,462,2005-08-28 00:03:13,1,2006-02-16 02:30:53
15582,2005-08-23 05:45:44,4264,297,2005-08-25 07:54:44,2,2006-02-16 02:30:53
15583,2005-08-23 05:47:55,4299,215,2005-08-26 01:46:55,1,2006-02-16 02:30:53
15584,2005-08-23 05:49:21,3526,500,2005-08-27 04:49:21,1,2006-02-16 02:30:53
15585,2005-08-23 05:55:22,1177,545,2005-08-24 11:45:22,2,2006-02-16 02:30:53
15586,2005-08-23 05:57:04,3232,148,2005-08-31 01:59:04,1,2006-02-16 02:30:53
15587,2005-08-23 06:00:28,2510,499,2005-08-29 10:15:28,1,2006-02-16 02:30:53
15588,2005-08-23 06:02:35,1810,503,2005-08-30 04:01:35,2,2006-02-16 02:30:53
15589,2005-08-23 06:03:31,2379,22,2005-08-30 07:44:31,2,2006-02-16 02:30:53
15590,2005-08-23 06:09:44,4048,599,2005-09-01 06:53:44,2,2006-02-16 02:30:53
15591,2005-08-23 06:11:52,64,62,2005-08-25 05:34:52,1,2006-02-16 02:30:53
15593,2005-08-23 06:15:09,3734,153,2005-08-27 07:47:09,2,2006-02-16 02:30:53
15594,2005-08-23 06:18:43,4227,567,2005-09-01 09:09:43,2,2006-02-16 02:30:53
15595,2005-08-23 06:19:12,4046,264,2005-08-31 04:52:12,1,2006-02-16 02:30:53
15596,2005-08-23 06:19:51,3834,186,2005-08-25 03:32:51,1,2006-02-16 02:30:53
15597,2005-08-23 06:21:20,3795,420,2005-08-28 02:47:20,2,2006-02-16 02:30:53
15598,2005-08-23 06:23:26,2794,66,2005-09-01 05:43:26,1,2006-02-16 02:30:53
15599,2005-08-23 06:25:07,4560,103,2005-08-29 00:48:07,1,2006-02-16 02:30:53
15600,2005-08-23 06:31:24,2260,113,2005-08-28 06:53:24,1,2006-02-16 02:30:53
15601,2005-08-23 06:33:26,3643,579,2005-08-24 04:10:26,1,2006-02-16 02:30:53
15602,2005-08-23 06:41:07,1429,81,2005-08-24 07:16:07,1,2006-02-16 02:30:53
15603,2005-08-23 06:41:32,2565,6,2005-08-28 08:51:32,1,2006-02-16 02:30:53
15604,2005-08-23 06:44:19,4000,458,2005-08-29 07:17:19,1,2006-02-16 02:30:53
15605,2005-08-23 06:48:47,3152,544,2005-08-28 06:09:47,1,2006-02-16 02:30:53
15606,2005-08-23 06:50:27,1811,279,2005-08-28 04:23:27,2,2006-02-16 02:30:53
15607,2005-08-23 06:54:06,4118,484,2005-08-26 05:03:06,2,2006-02-16 02:30:53
15608,2005-08-23 06:55:26,2921,454,2005-08-28 10:24:26,1,2006-02-16 02:30:53
15609,2005-08-23 06:56:04,1730,256,2005-09-01 03:25:04,1,2006-02-16 02:30:53
15610,2005-08-23 06:56:15,2076,215,2005-08-24 07:37:15,2,2006-02-16 02:30:53
15611,2005-08-23 06:56:18,1713,184,2005-08-25 06:10:18,1,2006-02-16 02:30:53
15612,2005-08-23 06:59:07,3367,305,2005-09-01 11:26:07,2,2006-02-16 02:30:53
15613,2005-08-23 07:03:19,307,461,2005-08-31 07:50:19,2,2006-02-16 02:30:53
15614,2005-08-23 07:05:15,1216,287,2005-09-01 11:41:15,1,2006-02-16 02:30:53
15615,2005-08-23 07:06:00,899,584,2005-08-30 11:21:00,2,2006-02-16 02:30:53
15616,2005-08-23 07:06:38,2947,70,2005-08-30 04:16:38,1,2006-02-16 02:30:53
15617,2005-08-23 07:07:22,4085,569,2005-08-27 01:24:22,2,2006-02-16 02:30:53
15618,2005-08-23 07:07:58,1903,60,2005-08-29 03:48:58,1,2006-02-16 02:30:53
15619,2005-08-23 07:10:14,2468,3,2005-08-26 07:21:14,2,2006-02-16 02:30:53
15620,2005-08-23 07:10:22,1173,270,2005-08-28 06:51:22,2,2006-02-16 02:30:53
15621,2005-08-23 07:13:43,3832,123,2005-08-29 08:19:43,1,2006-02-16 02:30:53
15622,2005-08-23 07:22:02,3335,302,2005-09-01 06:08:02,2,2006-02-16 02:30:53
15623,2005-08-23 07:23:29,3003,525,2005-08-31 01:47:29,1,2006-02-16 02:30:53
15624,2005-08-23 07:24:27,396,105,2005-08-29 12:36:27,2,2006-02-16 02:30:53
15625,2005-08-23 07:25:29,4200,207,2005-08-27 13:17:29,2,2006-02-16 02:30:53
15626,2005-08-23 07:25:34,640,370,2005-08-28 11:01:34,1,2006-02-16 02:30:53
15627,2005-08-23 07:25:38,1364,453,2005-08-31 02:53:38,2,2006-02-16 02:30:53
15628,2005-08-23 07:28:04,1348,408,2005-08-26 04:23:04,1,2006-02-16 02:30:53
15629,2005-08-23 07:28:22,3725,286,2005-08-29 06:29:22,2,2006-02-16 02:30:53
15630,2005-08-23 07:29:13,3590,580,2005-08-31 04:33:13,2,2006-02-16 02:30:53
15631,2005-08-23 07:30:23,2458,93,2005-08-24 07:23:23,1,2006-02-16 02:30:53
15632,2005-08-23 07:30:26,2941,60,2005-08-24 07:53:26,2,2006-02-16 02:30:53
15633,2005-08-23 07:31:10,882,497,2005-08-26 04:35:10,2,2006-02-16 02:30:53
15634,2005-08-23 07:34:18,2517,576,2005-08-24 12:00:18,2,2006-02-16 02:30:53
15635,2005-08-23 07:43:00,3308,4,2005-08-27 10:47:00,1,2006-02-16 02:30:53
15636,2005-08-23 07:50:46,1169,380,2005-08-26 07:59:46,2,2006-02-16 02:30:53
15637,2005-08-23 07:53:38,445,172,2005-08-29 03:16:38,2,2006-02-16 02:30:53
15638,2005-08-23 07:54:54,3358,563,2005-08-30 13:33:54,2,2006-02-16 02:30:53
15639,2005-08-23 08:03:25,42,214,2005-08-24 10:21:25,2,2006-02-16 02:30:53
15640,2005-08-23 08:04:40,3505,262,2005-08-24 06:38:40,1,2006-02-16 02:30:53
15641,2005-08-23 08:06:49,3126,240,2005-08-24 13:17:49,1,2006-02-16 02:30:53
15642,2005-08-23 08:09:11,2627,160,2005-08-28 05:57:11,1,2006-02-16 02:30:53
15643,2005-08-23 08:13:26,103,298,2005-08-25 05:18:26,2,2006-02-16 02:30:53
15644,2006-02-14 15:16:03,3139,43,,2,2006-02-16 02:30:53
15645,2006-02-14 15:16:03,3838,214,,2,2006-02-16 02:30:53
15646,2005-08-23 08:19:55,3217,114,2005-08-29 02:32:55,1,2006-02-16 02:30:53
15647,2005-08-23 08:23:56,2051,251,2005-08-26 11:00:56,1,2006-02-16 02:30:53
15648,2005-08-23 08:27:57,4039,80,2005-08-30 08:53:57,2,2006-02-16 02:30:53
15649,2005-08-23 08:28:03,415,60,2005-08-30 05:11:03,1,2006-02-16 02:30:53
15650,2005-08-23 08:29:53,2447,353,2005-08-25 07:23:53,2,2006-02-16 02:30:53
15651,2005-08-23 08:31:49,3393,451,2005-08-26 02:57:49,1,2006-02-16 02:30:53
15652,2005-08-23 08:34:10,4440,578,2005-08-30 12:31:10,1,2006-02-16 02:30:53
15653,2005-08-23 08:34:42,2736,439,2005-09-01 03:07:42,1,2006-02-16 02:30:53
15654,2005-08-23 08:34:53,4360,471,2005-08-30 04:18:53,2,2006-02-16 02:30:53
15655,2006-02-14 15:16:03,604,359,,1,2006-02-16 02:30:53
15656,2005-08-23 08:38:58,4239,334,2005-08-24 04:08:58,2,2006-02-16 02:30:53
15657,2005-08-23 08:42:40,1897,36,2005-09-01 13:08:40,1,2006-02-16 02:30:53
15658,2005-08-23 08:48:43,3565,22,2005-08-25 05:38:43,1,2006-02-16 02:30:53
15659,2005-08-23 08:48:43,4573,131,2005-08-27 14:19:43,2,2006-02-16 02:30:53
15660,2005-08-23 08:51:21,3223,388,2005-08-28 06:26:21,2,2006-02-16 02:30:53
15661,2005-08-23 08:52:03,1599,346,2005-08-30 08:17:03,2,2006-02-16 02:30:53
15662,2005-08-23 08:52:50,3028,223,2005-08-24 08:08:50,1,2006-02-16 02:30:53
15663,2005-08-23 08:54:26,3291,291,2005-08-29 02:56:26,1,2006-02-16 02:30:53
15664,2005-08-23 08:57:11,2029,351,2005-08-31 14:19:11,2,2006-02-16 02:30:53
15665,2005-08-23 08:59:12,3471,487,2005-08-24 12:50:12,2,2006-02-16 02:30:53
15666,2005-08-23 09:01:10,3406,586,2005-08-31 12:32:10,2,2006-02-16 02:30:53
15667,2005-08-23 09:02:03,1302,73,2005-08-24 05:47:03,1,2006-02-16 02:30:53
15668,2005-08-23 09:02:04,1963,38,2005-08-29 03:17:04,2,2006-02-16 02:30:53
15669,2005-08-23 09:06:17,1542,334,2005-08-30 08:10:17,2,2006-02-16 02:30:53
15670,2005-08-23 09:07:11,2834,211,2005-08-31 04:32:11,2,2006-02-16 02:30:53
15671,2005-08-23 09:08:16,3716,112,2005-08-29 14:01:16,1,2006-02-16 02:30:53
15672,2005-08-23 09:09:18,701,210,2005-08-27 06:19:18,1,2006-02-16 02:30:53
15673,2005-08-23 09:12:50,3096,321,2005-08-29 12:45:50,2,2006-02-16 02:30:53
15674,2005-08-23 09:16:39,4482,90,2005-09-01 11:57:39,1,2006-02-16 02:30:53
15675,2005-08-23 09:18:52,4153,293,2005-08-30 14:59:52,2,2006-02-16 02:30:53
15676,2005-08-23 09:23:08,3874,353,2005-08-30 06:19:08,2,2006-02-16 02:30:53
15677,2005-08-23 09:23:36,2050,109,2005-08-27 05:01:36,1,2006-02-16 02:30:53
15678,2005-08-23 09:23:45,1345,413,2005-08-27 11:38:45,2,2006-02-16 02:30:53
15679,2005-08-23 09:27:29,2945,103,2005-08-28 09:14:29,1,2006-02-16 02:30:53
15680,2005-08-23 09:33:22,1370,169,2005-08-31 13:29:22,2,2006-02-16 02:30:53
15681,2005-08-23 09:35:34,2813,61,2005-08-27 08:33:34,1,2006-02-16 02:30:53
15682,2005-08-23 09:37:34,3293,31,2005-08-31 06:01:34,1,2006-02-16 02:30:53
15683,2005-08-23 09:38:17,3787,168,2005-08-30 12:31:17,2,2006-02-16 02:30:53
15684,2005-08-23 09:40:04,3976,586,2005-08-28 15:28:04,1,2006-02-16 02:30:53
15685,2005-08-23 09:41:28,370,491,2005-08-30 10:11:28,1,2006-02-16 02:30:53
15686,2005-08-23 09:42:21,2041,206,2005-08-29 12:22:21,1,2006-02-16 02:30:53
15687,2005-08-23 09:46:33,276,112,2005-09-01 06:07:33,1,2006-02-16 02:30:53
15688,2005-08-23 09:48:45,2851,105,2005-08-30 10:28:45,2,2006-02-16 02:30:53
15689,2005-08-23 09:52:55,248,259,2005-08-29 11:15:55,1,2006-02-16 02:30:53
15690,2005-08-23 09:53:30,2102,554,2005-08-29 10:27:30,1,2006-02-16 02:30:53
15691,2005-08-23 09:53:54,784,200,2005-08-27 10:14:54,1,2006-02-16 02:30:53
15692,2005-08-23 10:00:02,1852,503,2005-08-24 05:25:02,1,2006-02-16 02:30:53
15693,2005-08-23 10:00:24,748,94,2005-08-25 08:23:24,1,2006-02-16 02:30:53
15694,2005-08-23 10:02:46,3017,506,2005-08-31 05:46:46,2,2006-02-16 02:30:53
15695,2006-02-14 15:16:03,2954,300,,1,2006-02-16 02:30:53
15696,2005-08-23 10:04:17,2836,93,2005-08-25 08:47:17,2,2006-02-16 02:30:53
15697,2005-08-23 10:04:36,1987,380,2005-08-24 05:00:36,2,2006-02-16 02:30:53
15698,2005-08-23 10:11:40,4465,395,2005-08-28 08:50:40,2,2006-02-16 02:30:53
15699,2005-08-23 10:20:35,4155,501,2005-08-30 13:56:35,1,2006-02-16 02:30:53
15700,2005-08-23 10:21:21,2935,552,2005-08-24 15:37:21,1,2006-02-16 02:30:53
15701,2005-08-23 10:22:21,2942,516,2005-08-24 10:52:21,1,2006-02-16 02:30:53
15702,2005-08-23 10:23:28,1602,56,2005-08-29 11:08:28,2,2006-02-16 02:30:53
15703,2005-08-23 10:23:48,2883,322,2005-09-01 06:54:48,2,2006-02-16 02:30:53
15704,2005-08-23 10:25:45,738,71,2005-08-29 16:06:45,2,2006-02-16 02:30:53
15705,2005-08-23 10:32:52,936,356,2005-08-29 13:18:52,2,2006-02-16 02:30:53
15706,2005-08-23 10:32:52,4486,220,2005-08-24 07:03:52,2,2006-02-16 02:30:53
15707,2005-08-23 10:35:45,3646,91,2005-08-27 10:57:45,1,2006-02-16 02:30:53
15708,2005-08-23 10:35:51,1974,46,2005-08-27 16:02:51,1,2006-02-16 02:30:53
15709,2005-08-23 10:36:00,346,206,2005-08-28 06:18:00,2,2006-02-16 02:30:53
15710,2006-02-14 15:16:03,1020,421,,1,2006-02-16 02:30:53
15711,2005-08-23 10:43:00,789,297,2005-08-29 16:29:00,1,2006-02-16 02:30:53
15712,2005-08-23 10:43:56,1882,351,2005-08-29 15:35:56,2,2006-02-16 02:30:53
15713,2005-08-23 10:56:15,337,432,2005-08-29 09:14:15,2,2006-02-16 02:30:53
15714,2006-02-14 15:16:03,2083,56,,1,2006-02-16 02:30:53
15715,2005-08-23 10:57:40,3808,86,2005-08-28 12:40:40,1,2006-02-16 02:30:53
15716,2005-08-23 11:02:00,2812,408,2005-08-28 14:46:00,1,2006-02-16 02:30:53
15717,2006-02-14 15:16:03,902,208,,2,2006-02-16 02:30:53
15718,2005-08-23 11:05:17,2180,276,2005-08-28 12:50:17,1,2006-02-16 02:30:53
15719,2005-08-23 11:08:46,3990,599,2005-08-25 07:25:46,1,2006-02-16 02:30:53
15720,2005-08-23 11:15:20,2490,456,2005-08-31 09:49:20,1,2006-02-16 02:30:53
15721,2005-08-23 11:16:16,685,154,2005-08-28 10:21:16,1,2006-02-16 02:30:53
15722,2005-08-23 11:16:29,2809,26,2005-09-01 13:24:29,2,2006-02-16 02:30:53
15723,2005-08-23 11:17:26,3915,504,2005-08-31 13:58:26,2,2006-02-16 02:30:53
15724,2005-08-23 11:22:09,1025,478,2005-08-28 12:56:09,2,2006-02-16 02:30:53
15725,2005-08-23 11:25:00,378,599,2005-08-26 11:46:00,1,2006-02-16 02:30:53
15726,2005-08-23 11:28:26,906,503,2005-08-28 11:23:26,2,2006-02-16 02:30:53
15727,2005-08-23 11:28:49,2184,416,2005-08-24 06:24:49,2,2006-02-16 02:30:53
15728,2005-08-23 11:30:32,2567,323,2005-08-28 09:52:32,2,2006-02-16 02:30:53
15729,2006-02-14 15:16:03,2699,193,,2,2006-02-16 02:30:53
15730,2005-08-23 11:32:35,947,147,2005-08-30 13:46:35,2,2006-02-16 02:30:53
15731,2005-08-23 11:33:25,3403,118,2005-08-24 07:19:25,2,2006-02-16 02:30:53
15732,2005-08-23 11:35:12,3247,412,2005-08-26 12:50:12,2,2006-02-16 02:30:53
15733,2005-08-23 11:37:32,4185,512,2005-08-28 16:27:32,1,2006-02-16 02:30:53
15734,2005-08-23 11:40:08,3952,302,2005-08-27 08:16:08,1,2006-02-16 02:30:53
15735,2006-02-14 15:16:03,3167,295,,1,2006-02-16 02:30:53
15736,2005-08-23 11:40:30,4272,127,2005-08-30 12:40:30,1,2006-02-16 02:30:53
15737,2005-08-23 11:52:18,996,83,2005-08-28 15:28:18,1,2006-02-16 02:30:53
15738,2005-08-23 11:55:50,556,38,2005-08-30 15:07:50,1,2006-02-16 02:30:53
15739,2005-08-23 11:56:22,266,74,2005-08-29 16:10:22,2,2006-02-16 02:30:53
15740,2005-08-23 12:07:51,100,229,2005-08-24 13:23:51,2,2006-02-16 02:30:53
15741,2005-08-23 12:10:54,4243,126,2005-08-24 10:08:54,2,2006-02-16 02:30:53
15742,2005-08-23 12:11:37,1339,200,2005-08-31 07:28:37,2,2006-02-16 02:30:53
15743,2005-08-23 12:12:05,1625,139,2005-08-26 11:35:05,1,2006-02-16 02:30:53
15744,2005-08-23 12:15:51,2364,59,2005-08-31 17:19:51,1,2006-02-16 02:30:53
15745,2006-02-14 15:16:03,2737,43,,1,2006-02-16 02:30:53
15746,2005-08-23 12:26:19,2241,246,2005-08-26 09:51:19,2,2006-02-16 02:30:53
15747,2005-08-23 12:29:24,1517,381,2005-08-31 08:27:24,2,2006-02-16 02:30:53
15748,2005-08-23 12:33:00,2757,380,2005-08-25 15:15:00,2,2006-02-16 02:30:53
15749,2005-08-23 12:33:41,4224,575,2005-08-24 10:52:41,1,2006-02-16 02:30:53
15750,2005-08-23 12:36:05,4474,496,2005-08-24 17:40:05,2,2006-02-16 02:30:53
15751,2005-08-23 12:41:07,697,199,2005-08-29 07:03:07,2,2006-02-16 02:30:53
15752,2005-08-23 12:41:38,2112,17,2005-09-01 14:06:38,1,2006-02-16 02:30:53
15753,2005-08-23 12:43:30,3451,144,2005-09-01 09:07:30,2,2006-02-16 02:30:53
15754,2005-08-23 12:43:42,2306,356,2005-08-27 17:45:42,2,2006-02-16 02:30:53
15755,2005-08-23 12:46:38,511,423,2005-08-25 12:59:38,1,2006-02-16 02:30:53
15756,2005-08-23 12:47:05,878,112,2005-08-28 08:34:05,2,2006-02-16 02:30:53
15757,2005-08-23 12:47:16,1308,356,2005-08-29 17:19:16,1,2006-02-16 02:30:53
15758,2005-08-23 12:47:26,152,46,2005-08-29 11:05:26,2,2006-02-16 02:30:53
15759,2005-08-23 12:47:37,1341,361,2005-09-01 11:28:37,2,2006-02-16 02:30:53
15760,2005-08-23 12:50:00,3050,273,2005-08-29 15:41:00,2,2006-02-16 02:30:53
15761,2005-08-23 12:55:51,4362,416,2005-08-26 16:51:51,1,2006-02-16 02:30:53
15762,2005-08-23 13:01:43,887,351,2005-08-26 16:35:43,1,2006-02-16 02:30:53
15763,2005-08-23 13:02:59,124,158,2005-08-24 17:45:59,2,2006-02-16 02:30:53
15764,2005-08-23 13:05:10,2937,8,2005-08-25 16:15:10,1,2006-02-16 02:30:53
15765,2005-08-23 13:06:19,1250,408,2005-08-31 12:18:19,1,2006-02-16 02:30:53
15766,2005-08-23 13:10:16,1996,436,2005-08-30 09:27:16,1,2006-02-16 02:30:53
15767,2005-08-23 13:14:15,3492,241,2005-08-27 14:43:15,2,2006-02-16 02:30:53
15768,2005-08-23 13:14:47,662,267,2005-08-29 14:17:47,2,2006-02-16 02:30:53
15769,2005-08-23 13:16:15,2392,276,2005-08-28 18:31:15,1,2006-02-16 02:30:53
15770,2005-08-23 13:18:16,1424,113,2005-08-29 11:31:16,1,2006-02-16 02:30:53
15771,2005-08-23 13:18:46,3667,262,2005-08-26 07:29:46,1,2006-02-16 02:30:53
15772,2005-08-23 13:22:56,4343,202,2005-08-26 10:35:56,2,2006-02-16 02:30:53
15773,2005-08-23 13:24:57,1626,189,2005-08-31 14:16:57,2,2006-02-16 02:30:53
15774,2005-08-23 13:25:08,1273,254,2005-08-28 10:08:08,2,2006-02-16 02:30:53
15775,2005-08-23 13:25:44,2146,173,2005-09-01 16:56:44,1,2006-02-16 02:30:53
15776,2005-08-23 13:26:01,43,514,2005-08-29 18:17:01,1,2006-02-16 02:30:53
15777,2005-08-23 13:29:08,4241,130,2005-08-27 18:50:08,2,2006-02-16 02:30:53
15778,2006-02-14 15:16:03,1269,234,,1,2006-02-16 02:30:53
15779,2005-08-23 13:33:46,1560,419,2005-08-28 08:40:46,2,2006-02-16 02:30:53
15780,2006-02-14 15:16:03,2911,120,,2,2006-02-16 02:30:53
15781,2005-08-23 13:41:05,4449,412,2005-08-31 13:11:05,1,2006-02-16 02:30:53
15782,2005-08-23 13:43:26,3282,245,2005-08-30 14:03:26,1,2006-02-16 02:30:53
15783,2005-08-23 13:45:44,397,247,2005-08-26 09:18:44,2,2006-02-16 02:30:53
15784,2005-08-23 13:46:00,126,425,2005-08-30 11:49:00,2,2006-02-16 02:30:53
15785,2005-08-23 13:46:27,1758,543,2005-08-27 10:16:27,2,2006-02-16 02:30:53
15786,2005-08-23 13:48:34,3132,371,2005-08-27 15:59:34,1,2006-02-16 02:30:53
15787,2005-08-23 13:51:57,2932,123,2005-08-27 17:06:57,1,2006-02-16 02:30:53
15788,2005-08-23 13:54:39,13,269,2005-08-26 10:17:39,1,2006-02-16 02:30:53
15789,2005-08-23 13:56:40,1213,350,2005-08-27 15:25:40,1,2006-02-16 02:30:53
15790,2005-08-23 14:01:07,2887,233,2005-08-30 10:32:07,2,2006-02-16 02:30:53
15791,2005-08-23 14:02:13,4147,445,2005-09-01 09:03:13,2,2006-02-16 02:30:53
15792,2005-08-23 14:05:37,2175,581,2005-08-28 10:54:37,1,2006-02-16 02:30:53
15793,2005-08-23 14:06:19,2863,22,2005-08-24 19:59:19,2,2006-02-16 02:30:53
15794,2006-02-14 15:16:03,3917,579,,2,2006-02-16 02:30:53
15795,2005-08-23 14:07:56,4371,417,2005-08-25 12:10:56,2,2006-02-16 02:30:53
15796,2005-08-23 14:12:22,1425,158,2005-08-28 17:03:22,2,2006-02-16 02:30:53
15797,2005-08-23 14:13:47,497,503,2005-08-25 09:16:47,2,2006-02-16 02:30:53
15798,2005-08-23 14:23:03,3803,203,2005-08-30 17:39:03,2,2006-02-16 02:30:53
15799,2005-08-23 14:23:23,2519,215,2005-08-24 17:15:23,2,2006-02-16 02:30:53
15800,2005-08-23 14:23:44,963,43,2005-08-29 17:04:44,2,2006-02-16 02:30:53
15801,2005-08-23 14:26:04,1590,165,2005-08-28 15:04:04,1,2006-02-16 02:30:53
15802,2005-08-23 14:26:51,41,158,2005-08-29 16:28:51,2,2006-02-16 02:30:53
15803,2005-08-23 14:27:07,500,105,2005-08-28 12:01:07,2,2006-02-16 02:30:53
15804,2005-08-23 14:29:16,3338,585,2005-08-26 08:41:16,1,2006-02-16 02:30:53
15805,2005-08-23 14:31:19,4511,8,2005-08-25 19:01:19,2,2006-02-16 02:30:53
15806,2005-08-23 14:31:50,2683,166,2005-08-27 16:08:50,2,2006-02-16 02:30:53
15807,2005-08-23 14:35:10,2705,350,2005-08-29 19:06:10,2,2006-02-16 02:30:53
15808,2005-08-23 14:38:37,1663,446,2005-08-27 14:45:37,2,2006-02-16 02:30:53
15809,2005-08-23 14:42:07,1885,431,2005-08-27 15:00:07,2,2006-02-16 02:30:53
15810,2005-08-23 14:43:15,2196,171,2005-08-25 17:41:15,1,2006-02-16 02:30:53
15811,2005-08-23 14:43:46,3487,300,2005-08-27 16:43:46,1,2006-02-16 02:30:53
15812,2005-08-23 14:47:26,4457,45,2005-09-01 10:51:26,2,2006-02-16 02:30:53
15813,2006-02-14 15:16:03,981,9,,1,2006-02-16 02:30:53
15814,2005-08-23 14:52:50,4361,459,2005-08-27 16:12:50,2,2006-02-16 02:30:53
15815,2005-08-23 14:55:47,316,444,2005-08-24 12:37:47,1,2006-02-16 02:30:53
15816,2005-08-23 14:58:06,3628,31,2005-08-28 13:30:06,1,2006-02-16 02:30:53
15817,2005-08-23 14:59:51,598,348,2005-08-25 15:27:51,1,2006-02-16 02:30:53
15818,2005-08-23 14:59:58,2620,439,2005-08-27 13:13:58,2,2006-02-16 02:30:53
15819,2005-08-23 15:01:54,3639,274,2005-08-31 20:01:54,2,2006-02-16 02:30:53
15820,2005-08-23 15:03:13,4553,308,2005-08-25 20:12:13,1,2006-02-16 02:30:53
15821,2005-08-23 15:03:58,1714,233,2005-08-24 17:46:58,2,2006-02-16 02:30:53
15822,2005-08-23 15:05:59,3602,492,2005-08-24 11:13:59,1,2006-02-16 02:30:53
15823,2005-08-23 15:08:00,3047,81,2005-08-24 17:52:00,2,2006-02-16 02:30:53
15824,2005-08-23 15:09:17,2933,371,2005-08-28 15:14:17,2,2006-02-16 02:30:53
15825,2005-08-23 15:10:42,149,346,2005-08-29 09:28:42,2,2006-02-16 02:30:53
15826,2005-08-23 15:15:02,215,311,2005-08-31 20:39:02,2,2006-02-16 02:30:53
15827,2005-08-23 15:15:19,1732,346,2005-08-24 10:50:19,2,2006-02-16 02:30:53
15828,2005-08-23 15:16:32,428,327,2005-08-29 12:20:32,1,2006-02-16 02:30:53
15829,2005-08-23 15:17:14,4387,30,2005-08-27 13:04:14,1,2006-02-16 02:30:53
15830,2005-08-23 15:19:15,309,467,2005-08-25 18:42:15,2,2006-02-16 02:30:53
15831,2005-08-23 15:21:19,3123,401,2005-08-24 15:47:19,2,2006-02-16 02:30:53
15832,2005-08-23 15:21:35,1468,537,2005-08-30 15:01:35,2,2006-02-16 02:30:53
15833,2005-08-23 15:22:15,801,349,2005-08-31 14:54:15,1,2006-02-16 02:30:53
15834,2005-08-23 15:23:50,217,165,2005-09-01 19:31:50,1,2006-02-16 02:30:53
15835,2005-08-23 15:25:27,1362,128,2005-09-01 16:14:27,2,2006-02-16 02:30:53
15836,2005-08-23 15:29:17,260,468,2005-08-26 11:44:17,2,2006-02-16 02:30:53
15837,2005-08-23 15:29:41,4388,283,2005-08-27 18:17:41,1,2006-02-16 02:30:53
15838,2005-08-23 15:30:48,2194,579,2005-08-31 11:20:48,2,2006-02-16 02:30:53
15839,2005-08-23 15:34:46,3726,294,2005-08-30 21:00:46,2,2006-02-16 02:30:53
15840,2005-08-23 15:34:49,1901,316,2005-08-24 16:54:49,1,2006-02-16 02:30:53
15841,2005-08-23 15:35:59,2865,571,2005-08-30 19:30:59,2,2006-02-16 02:30:53
15842,2005-08-23 15:36:05,1850,146,2005-08-30 14:05:05,2,2006-02-16 02:30:53
15843,2005-08-23 15:37:31,611,215,2005-08-28 18:41:31,2,2006-02-16 02:30:53
15844,2005-08-23 15:38:12,2027,119,2005-08-26 15:18:12,1,2006-02-16 02:30:53
15845,2005-08-23 15:38:34,4312,89,2005-08-25 10:06:34,1,2006-02-16 02:30:53
15846,2005-08-23 15:39:18,3635,47,2005-08-27 14:28:18,2,2006-02-16 02:30:53
15847,2005-08-23 15:39:38,2287,163,2005-08-24 11:46:38,1,2006-02-16 02:30:53
15848,2005-08-23 15:41:12,2141,336,2005-08-26 10:29:12,2,2006-02-16 02:30:53
15849,2005-08-23 15:41:20,4077,482,2005-08-27 15:47:20,2,2006-02-16 02:30:53
15850,2005-08-23 15:45:42,586,563,2005-08-27 19:24:42,1,2006-02-16 02:30:53
15851,2005-08-23 15:46:33,2286,469,2005-08-29 15:52:33,1,2006-02-16 02:30:53
15852,2005-08-23 15:47:02,1506,140,2005-08-25 19:37:02,1,2006-02-16 02:30:53
15853,2005-08-23 15:54:20,225,500,2005-08-24 18:53:20,2,2006-02-16 02:30:53
15854,2005-08-23 15:58:05,1648,464,2005-08-26 19:23:05,1,2006-02-16 02:30:53
15855,2005-08-23 15:59:01,2528,192,2005-08-29 20:26:01,1,2006-02-16 02:30:53
15856,2005-08-23 15:59:12,3379,395,2005-08-25 15:36:12,1,2006-02-16 02:30:53
15857,2005-08-23 15:59:51,2733,575,2005-08-26 12:01:51,2,2006-02-16 02:30:53
15858,2005-08-23 16:07:15,4515,81,2005-08-25 19:36:15,2,2006-02-16 02:30:53
15859,2005-08-23 16:08:15,4269,465,2005-08-28 11:08:15,1,2006-02-16 02:30:53
15860,2005-08-23 16:08:40,2583,41,2005-08-28 15:35:40,1,2006-02-16 02:30:53
15861,2005-08-23 16:15:45,1859,256,2005-09-01 11:37:45,2,2006-02-16 02:30:53
15862,2006-02-14 15:16:03,925,215,,1,2006-02-16 02:30:53
15863,2005-08-23 16:17:09,2783,328,2005-08-28 16:10:09,2,2006-02-16 02:30:53
15864,2005-08-23 16:18:12,3014,256,2005-08-29 17:10:12,2,2006-02-16 02:30:53
15865,2005-08-23 16:18:25,2031,482,2005-08-26 10:57:25,2,2006-02-16 02:30:53
15866,2005-08-23 16:19:02,3828,296,2005-08-31 12:29:02,2,2006-02-16 02:30:53
15867,2006-02-14 15:16:03,837,505,,2,2006-02-16 02:30:53
15868,2005-08-23 16:19:14,2186,306,2005-08-29 16:14:14,2,2006-02-16 02:30:53
15869,2005-08-23 16:22:20,1344,357,2005-08-27 11:52:20,1,2006-02-16 02:30:53
15870,2005-08-23 16:23:08,590,251,2005-08-28 20:30:08,2,2006-02-16 02:30:53
15871,2005-08-23 16:24:24,425,57,2005-09-01 13:48:24,2,2006-02-16 02:30:53
15872,2005-08-23 16:27:24,3391,212,2005-08-31 11:57:24,1,2006-02-16 02:30:53
15873,2005-08-23 16:27:59,4548,577,2005-08-26 11:11:59,2,2006-02-16 02:30:53
15874,2005-08-23 16:30:55,621,132,2005-08-28 20:57:55,1,2006-02-16 02:30:53
15875,2006-02-14 15:16:03,3611,41,,1,2006-02-16 02:30:53
15876,2005-08-23 16:32:10,1735,87,2005-08-24 18:16:10,1,2006-02-16 02:30:53
15877,2005-08-23 16:33:33,2307,559,2005-08-26 10:36:33,2,2006-02-16 02:30:53
15878,2005-08-23 16:34:31,1592,493,2005-08-27 21:51:31,2,2006-02-16 02:30:53
15879,2005-08-23 16:42:53,235,482,2005-08-29 16:21:53,2,2006-02-16 02:30:53
15880,2005-08-23 16:43:54,2538,528,2005-08-31 14:40:54,2,2006-02-16 02:30:53
15881,2005-08-23 16:44:25,617,383,2005-08-29 13:58:25,1,2006-02-16 02:30:53
15882,2005-08-23 16:44:31,2028,312,2005-09-01 15:44:31,2,2006-02-16 02:30:53
15883,2005-08-23 16:44:56,2792,550,2005-08-24 22:42:56,1,2006-02-16 02:30:53
15884,2005-08-23 16:45:28,2255,81,2005-08-27 20:18:28,1,2006-02-16 02:30:53
15885,2005-08-23 16:50:43,2116,565,2005-08-29 20:19:43,1,2006-02-16 02:30:53
15886,2005-08-23 16:50:53,3038,91,2005-08-26 15:38:53,2,2006-02-16 02:30:53
15887,2005-08-23 16:54:09,4263,201,2005-08-26 13:20:09,2,2006-02-16 02:30:53
15888,2005-08-23 16:56:14,2955,321,2005-08-31 14:32:14,1,2006-02-16 02:30:53
15889,2005-08-23 16:57:43,787,137,2005-08-27 22:14:43,1,2006-02-16 02:30:53
15890,2005-08-23 16:58:12,3625,87,2005-08-24 12:23:12,1,2006-02-16 02:30:53
15891,2005-08-23 17:00:12,2168,52,2005-08-31 21:12:12,1,2006-02-16 02:30:53
15892,2005-08-23 17:01:00,1365,174,2005-08-28 12:50:00,1,2006-02-16 02:30:53
15893,2005-08-23 17:02:00,2571,438,2005-08-30 12:45:00,2,2006-02-16 02:30:53
15894,2006-02-14 15:16:03,4416,168,,1,2006-02-16 02:30:53
15895,2005-08-23 17:09:31,2275,342,2005-08-30 17:15:31,1,2006-02-16 02:30:53
15896,2005-08-23 17:09:56,528,585,2005-08-31 14:51:56,2,2006-02-16 02:30:53
15897,2005-08-23 17:12:31,1652,15,2005-08-30 17:22:31,1,2006-02-16 02:30:53
15898,2005-08-23 17:13:01,3502,88,2005-08-29 11:22:01,2,2006-02-16 02:30:53
15899,2005-08-23 17:16:28,3851,596,2005-08-29 21:46:28,2,2006-02-16 02:30:53
15900,2005-08-23 17:16:30,1112,562,2005-08-27 18:02:30,1,2006-02-16 02:30:53
15901,2005-08-23 17:19:17,2761,226,2005-08-30 14:24:17,2,2006-02-16 02:30:53
15902,2005-08-23 17:28:03,4500,172,2005-08-30 18:36:03,1,2006-02-16 02:30:53
15903,2005-08-23 17:30:40,1289,267,2005-08-29 14:12:40,1,2006-02-16 02:30:53
15904,2005-08-23 17:32:19,179,37,2005-08-24 21:05:19,2,2006-02-16 02:30:53
15905,2005-08-23 17:33:04,3631,59,2005-08-26 17:38:04,2,2006-02-16 02:30:53
15906,2005-08-23 17:36:00,3230,445,2005-08-28 15:32:00,2,2006-02-16 02:30:53
15907,2005-08-23 17:39:35,2898,2,2005-08-25 23:23:35,1,2006-02-16 02:30:53
15908,2005-08-23 17:42:00,2453,135,2005-08-31 22:32:00,1,2006-02-16 02:30:53
15909,2005-08-23 17:42:42,404,452,2005-08-26 20:25:42,1,2006-02-16 02:30:53
15910,2005-08-23 17:43:16,254,456,2005-08-24 21:55:16,2,2006-02-16 02:30:53
15911,2005-08-23 17:44:53,3006,582,2005-09-01 19:14:53,1,2006-02-16 02:30:53
15912,2005-08-23 17:47:40,3079,229,2005-08-31 14:43:40,2,2006-02-16 02:30:53
15913,2005-08-23 17:48:30,3894,93,2005-08-31 21:17:30,2,2006-02-16 02:30:53
15914,2005-08-23 17:49:26,747,557,2005-08-24 12:20:26,1,2006-02-16 02:30:53
15915,2005-08-23 17:52:01,3566,167,2005-08-24 20:40:01,2,2006-02-16 02:30:53
15916,2005-08-23 17:56:01,4580,327,2005-08-31 21:49:01,2,2006-02-16 02:30:53
15917,2005-08-23 17:57:28,2093,589,2005-08-29 20:03:28,1,2006-02-16 02:30:53
15918,2005-08-23 17:57:35,1456,262,2005-08-28 14:16:35,2,2006-02-16 02:30:53
15919,2005-08-23 18:01:31,1746,497,2005-08-24 16:27:31,1,2006-02-16 02:30:53
15920,2005-08-23 18:05:10,243,212,2005-08-26 18:09:10,1,2006-02-16 02:30:53
15921,2005-08-23 18:06:54,223,522,2005-08-30 20:19:54,2,2006-02-16 02:30:53
15922,2005-08-23 18:07:31,1702,263,2005-09-01 22:27:31,1,2006-02-16 02:30:53
15923,2005-08-23 18:08:19,1693,276,2005-08-26 18:06:19,2,2006-02-16 02:30:53
15924,2005-08-23 18:08:59,1114,541,2005-08-27 12:20:59,2,2006-02-16 02:30:53
15925,2005-08-23 18:15:06,3394,440,2005-08-26 18:09:06,2,2006-02-16 02:30:53
15926,2005-08-23 18:20:56,2231,151,2005-08-24 18:20:56,2,2006-02-16 02:30:53
15927,2005-08-23 18:23:11,2450,401,2005-08-24 15:09:11,1,2006-02-16 02:30:53
15928,2005-08-23 18:23:24,2086,75,2005-09-01 23:43:24,2,2006-02-16 02:30:53
15929,2005-08-23 18:23:30,1832,477,2005-08-27 17:04:30,1,2006-02-16 02:30:53
15930,2005-08-23 18:26:51,180,379,2005-08-31 16:12:51,1,2006-02-16 02:30:53
15931,2005-08-23 18:28:09,1128,237,2005-08-28 23:08:09,1,2006-02-16 02:30:53
15932,2005-08-23 18:31:40,4554,405,2005-08-24 16:30:40,2,2006-02-16 02:30:53
15933,2005-08-23 18:36:44,3493,176,2005-08-26 12:41:44,2,2006-02-16 02:30:53
15934,2005-08-23 18:40:41,994,216,2005-08-25 00:18:41,2,2006-02-16 02:30:53
15935,2005-08-23 18:41:11,907,361,2005-08-25 20:59:11,1,2006-02-16 02:30:53
15936,2005-08-23 18:43:11,1293,411,2005-08-26 00:19:11,1,2006-02-16 02:30:53
15937,2005-08-23 18:43:22,2882,194,2005-08-24 22:53:22,1,2006-02-16 02:30:53
15938,2005-08-23 18:43:31,2884,341,2005-08-31 00:26:31,2,2006-02-16 02:30:53
15939,2005-08-23 18:44:21,3209,382,2005-09-01 17:25:21,2,2006-02-16 02:30:53
15940,2005-08-23 18:45:06,1606,86,2005-08-30 13:00:06,2,2006-02-16 02:30:53
15941,2005-08-23 18:46:44,4304,424,2005-08-31 17:31:44,1,2006-02-16 02:30:53
15942,2005-08-23 18:48:40,1096,210,2005-09-01 18:39:40,2,2006-02-16 02:30:53
15943,2005-08-23 18:49:32,706,462,2005-08-27 19:20:32,1,2006-02-16 02:30:53
15944,2005-08-23 18:50:54,4559,348,2005-08-25 18:04:54,2,2006-02-16 02:30:53
15945,2005-08-23 18:51:41,3633,43,2005-08-28 18:42:41,1,2006-02-16 02:30:53
15946,2005-08-23 18:54:07,4549,561,2005-08-28 21:21:07,1,2006-02-16 02:30:53
15947,2005-08-23 18:54:32,1877,580,2005-08-24 22:39:32,2,2006-02-16 02:30:53
15948,2005-08-23 18:59:33,432,520,2005-08-31 13:02:33,2,2006-02-16 02:30:53
15949,2005-08-23 19:06:04,1199,386,2005-08-26 18:39:04,2,2006-02-16 02:30:53
15950,2005-08-23 19:09:39,1374,280,2005-08-31 17:03:39,2,2006-02-16 02:30:53
15951,2005-08-23 19:10:32,3018,446,2005-08-29 14:17:32,1,2006-02-16 02:30:53
15952,2005-08-23 19:11:29,1314,224,2005-08-28 14:41:29,1,2006-02-16 02:30:53
15953,2005-08-23 19:13:46,3727,540,2005-08-28 23:05:46,1,2006-02-16 02:30:53
15954,2005-08-23 19:14:07,576,460,2005-08-24 20:21:07,1,2006-02-16 02:30:53
15955,2005-08-23 19:19:06,2247,349,2005-08-31 23:34:06,1,2006-02-16 02:30:53
15956,2005-08-23 19:19:21,2763,354,2005-08-25 22:15:21,2,2006-02-16 02:30:53
15957,2005-08-23 19:21:22,74,418,2005-08-31 16:42:22,1,2006-02-16 02:30:53
15958,2005-08-23 19:22:36,4164,492,2005-08-30 01:03:36,1,2006-02-16 02:30:53
15959,2005-08-23 19:27:04,547,415,2005-08-24 15:24:04,1,2006-02-16 02:30:53
15960,2005-08-23 19:35:42,1497,431,2005-08-26 17:36:42,2,2006-02-16 02:30:53
15961,2005-08-23 19:35:42,4006,200,2005-08-30 22:52:42,1,2006-02-16 02:30:53
15962,2005-08-23 19:42:04,3491,160,2005-08-25 23:53:04,1,2006-02-16 02:30:53
15963,2005-08-23 19:42:46,3819,134,2005-08-25 22:12:46,1,2006-02-16 02:30:53
15964,2005-08-23 19:45:25,251,141,2005-08-26 22:43:25,2,2006-02-16 02:30:53
15965,2005-08-23 19:46:39,3449,509,2005-08-24 20:08:39,2,2006-02-16 02:30:53
15966,2006-02-14 15:16:03,4472,374,,1,2006-02-16 02:30:53
15967,2005-08-23 19:50:06,321,257,2005-08-29 14:51:06,1,2006-02-16 02:30:53
15968,2005-08-23 19:51:29,3598,257,2005-08-24 15:07:29,1,2006-02-16 02:30:53
15969,2005-08-23 19:51:30,1807,327,2005-08-31 23:50:30,1,2006-02-16 02:30:53
15970,2005-08-23 19:54:24,4509,395,2005-08-24 18:07:24,1,2006-02-16 02:30:53
15971,2005-08-23 19:59:33,3456,187,2005-09-02 01:28:33,1,2006-02-16 02:30:53
15972,2005-08-23 20:00:30,4428,25,2005-08-30 00:25:30,1,2006-02-16 02:30:53
15973,2005-08-23 20:04:41,2766,343,2005-09-01 20:08:41,2,2006-02-16 02:30:53
15974,2005-08-23 20:06:04,3518,201,2005-08-27 17:33:04,2,2006-02-16 02:30:53
15975,2005-08-23 20:06:23,2723,174,2005-08-27 19:52:23,1,2006-02-16 02:30:53
15976,2005-08-23 20:07:08,835,227,2005-08-25 01:47:08,2,2006-02-16 02:30:53
15977,2005-08-23 20:07:10,1031,550,2005-09-01 22:12:10,2,2006-02-16 02:30:53
15978,2005-08-23 20:08:18,4444,536,2005-08-31 17:35:18,2,2006-02-16 02:30:53
15979,2005-08-23 20:08:26,3733,536,2005-08-26 19:19:26,1,2006-02-16 02:30:53
15980,2005-08-23 20:10:13,3365,196,2005-08-24 17:44:13,2,2006-02-16 02:30:53
15981,2005-08-23 20:12:17,2867,489,2005-08-30 20:43:17,1,2006-02-16 02:30:53
15982,2005-08-23 20:13:31,2920,370,2005-09-01 21:51:31,2,2006-02-16 02:30:53
15983,2005-08-23 20:13:38,3318,464,2005-08-30 18:42:38,1,2006-02-16 02:30:53
15984,2005-08-23 20:16:27,2011,495,2005-08-27 01:43:27,1,2006-02-16 02:30:53
15985,2005-08-23 20:20:23,2646,179,2005-08-26 20:55:23,1,2006-02-16 02:30:53
15986,2005-08-23 20:20:37,3472,226,2005-08-29 20:49:37,1,2006-02-16 02:30:53
15987,2005-08-23 20:22:17,3150,302,2005-08-31 21:46:17,2,2006-02-16 02:30:53
15988,2005-08-23 20:23:08,3932,400,2005-08-28 20:50:08,1,2006-02-16 02:30:53
15989,2005-08-23 20:24:36,38,96,2005-08-26 20:35:36,1,2006-02-16 02:30:53
15990,2005-08-23 20:25:11,3233,512,2005-08-25 15:01:11,2,2006-02-16 02:30:53
15991,2005-08-23 20:27:34,2078,203,2005-08-28 16:48:34,2,2006-02-16 02:30:53
15992,2005-08-23 20:28:32,3334,589,2005-08-24 21:35:32,1,2006-02-16 02:30:53
15993,2005-08-23 20:28:44,1638,12,2005-08-27 16:23:44,2,2006-02-16 02:30:53
15994,2005-08-23 20:29:10,438,595,2005-08-28 01:41:10,2,2006-02-16 02:30:53
15995,2005-08-23 20:29:56,1122,377,2005-08-30 18:09:56,1,2006-02-16 02:30:53
15996,2005-08-23 20:31:38,3098,151,2005-08-29 20:58:38,1,2006-02-16 02:30:53
15997,2005-08-23 20:40:31,2843,447,2005-08-26 19:47:31,1,2006-02-16 02:30:53
15998,2005-08-23 20:41:09,1229,545,2005-08-27 00:20:09,1,2006-02-16 02:30:53
15999,2005-08-23 20:44:10,2584,377,2005-08-31 02:38:10,2,2006-02-16 02:30:53
16000,2005-08-23 20:44:36,282,71,2005-08-25 02:29:36,1,2006-02-16 02:30:53
16001,2005-08-23 20:45:53,245,108,2005-08-27 15:52:53,1,2006-02-16 02:30:53
16002,2005-08-23 20:47:12,2770,73,2005-08-27 23:07:12,1,2006-02-16 02:30:53
16003,2005-08-23 20:47:28,3413,577,2005-08-31 23:22:28,1,2006-02-16 02:30:53
16004,2005-08-23 20:53:20,2223,147,2005-08-31 15:15:20,2,2006-02-16 02:30:53
16005,2005-08-23 21:00:22,3265,466,2005-09-02 02:35:22,1,2006-02-16 02:30:53
16006,2005-08-23 21:01:09,240,533,2005-08-25 19:33:09,1,2006-02-16 02:30:53
16007,2005-08-23 21:02:43,3236,126,2005-08-30 23:37:43,2,2006-02-16 02:30:53
16008,2005-08-23 21:04:51,3273,189,2005-08-31 22:09:51,1,2006-02-16 02:30:53
16009,2005-08-23 21:07:59,3055,133,2005-08-29 16:54:59,2,2006-02-16 02:30:53
16010,2005-08-23 21:10:24,2539,173,2005-08-25 17:58:24,1,2006-02-16 02:30:53
16011,2005-08-23 21:11:33,1093,389,2005-08-31 17:51:33,1,2006-02-16 02:30:53
16012,2005-08-23 21:13:39,2421,80,2005-08-30 23:52:39,2,2006-02-16 02:30:53
16013,2005-08-23 21:17:17,561,462,2005-08-26 21:15:17,1,2006-02-16 02:30:53
16014,2005-08-23 21:18:31,3322,532,2005-08-31 17:28:31,2,2006-02-16 02:30:53
16015,2005-08-23 21:25:03,3113,50,2005-08-24 20:05:03,2,2006-02-16 02:30:53
16016,2005-08-23 21:26:35,3374,595,2005-08-28 16:06:35,2,2006-02-16 02:30:53
16017,2005-08-23 21:27:11,664,535,2005-08-24 23:22:11,1,2006-02-16 02:30:53
16018,2005-08-23 21:27:35,897,439,2005-08-30 00:36:35,1,2006-02-16 02:30:53
16019,2005-08-23 21:30:45,3093,278,2005-08-27 23:45:45,2,2006-02-16 02:30:53
16020,2005-08-23 21:34:33,277,311,2005-09-01 18:17:33,1,2006-02-16 02:30:53
16021,2005-08-23 21:37:59,3057,314,2005-08-31 01:52:59,1,2006-02-16 02:30:53
16022,2005-08-23 21:44:27,2925,504,2005-08-28 01:52:27,1,2006-02-16 02:30:53
16023,2005-08-23 21:45:02,2347,124,2005-08-24 21:28:02,1,2006-02-16 02:30:53
16024,2005-08-23 21:46:47,2910,473,2005-08-27 02:06:47,1,2006-02-16 02:30:53
16025,2005-08-23 21:48:54,1777,569,2005-08-24 22:05:54,2,2006-02-16 02:30:53
16026,2005-08-23 21:49:22,467,484,2005-08-27 00:47:22,1,2006-02-16 02:30:53
16027,2005-08-23 21:49:33,1724,160,2005-08-30 16:19:33,2,2006-02-16 02:30:53
16028,2005-08-23 21:52:56,2515,119,2005-08-30 18:16:56,2,2006-02-16 02:30:53
16029,2005-08-23 21:54:02,953,143,2005-08-29 23:55:02,1,2006-02-16 02:30:53
16030,2005-08-23 21:56:04,4161,137,2005-08-31 01:24:04,2,2006-02-16 02:30:53
16031,2005-08-23 21:59:26,1843,102,2005-08-29 20:15:26,1,2006-02-16 02:30:53
16032,2005-08-23 21:59:57,2527,447,2005-08-31 22:46:57,2,2006-02-16 02:30:53
16033,2005-08-23 22:06:15,760,226,2005-09-01 02:36:15,2,2006-02-16 02:30:53
16034,2005-08-23 22:06:34,655,502,2005-08-29 18:44:34,1,2006-02-16 02:30:53
16035,2005-08-23 22:08:04,549,37,2005-08-28 03:46:04,1,2006-02-16 02:30:53
16036,2005-08-23 22:12:44,1372,425,2005-08-25 17:48:44,2,2006-02-16 02:30:53
16037,2005-08-23 22:13:04,341,45,2005-09-01 02:48:04,2,2006-02-16 02:30:53
16038,2005-08-23 22:14:31,2612,172,2005-08-30 03:28:31,1,2006-02-16 02:30:53
16039,2005-08-23 22:18:51,545,78,2005-08-31 19:55:51,2,2006-02-16 02:30:53
16040,2005-08-23 22:19:33,3524,195,2005-09-02 02:19:33,2,2006-02-16 02:30:53
16041,2005-08-23 22:20:26,4116,121,2005-08-25 20:14:26,2,2006-02-16 02:30:53
16042,2005-08-23 22:20:40,629,131,2005-08-24 17:54:40,1,2006-02-16 02:30:53
16043,2005-08-23 22:21:03,3869,526,2005-08-31 03:09:03,2,2006-02-16 02:30:53
16044,2005-08-23 22:24:39,1312,468,2005-08-25 04:08:39,1,2006-02-16 02:30:53
16045,2005-08-23 22:25:26,772,14,2005-08-25 23:54:26,1,2006-02-16 02:30:53
16046,2005-08-23 22:26:47,4364,74,2005-08-27 18:02:47,2,2006-02-16 02:30:53
16047,2005-08-23 22:42:48,2088,114,2005-08-25 02:48:48,2,2006-02-16 02:30:53
16048,2005-08-23 22:43:07,2019,103,2005-08-31 21:33:07,1,2006-02-16 02:30:53
16049,2005-08-23 22:50:12,2666,393,2005-08-30 01:01:12,2,2006-02-16 02:30:53
1,2005-05-24 22:53:30,367,130,2005-05-26 22:04:30,1,2006-02-15 21:30:53
